ATTRIBUTES:

Attribute #1:C:\Metrics\ics\projects\6.2600J_S25\buonato_NOT.ics
Attribute #2:Test
Attribute #3:dev1
Attribute #4:PASSED
SETUP:NOT  04/18/2025  12:11:03
DATE:04/18/2025
TIME:12:11:03

CONDITIONS:

ID:	VDD	
UNIT:	SMU4	
MODE: STEP	
START:	10	
STOP:	4	
PNTS:	4	
STEP:	-2

ID:	I0P	
UNIT:	SMU1	
MODE: SWEEP	
START:	10	
STOP:	0	
PNTS:	51	
STEP:	-0.2

ID:	VSS	
UNIT:	SMU2	
START:	0	
STOP:	1	
PNTS:	1	
	STEP:	0

ID:	OUT	
UNIT:	SMU3	
MODE: CONST	
VALUE:	0

DATA:  NOT  04/18/2025  12:11:03

VI0P	II0P	II0P2	II0P3	II0P4	IVSS	IVSS2	IVSS3	IVSS4	VOUT	VOUT2	VOUT3	VOUT4	VVDD	VVDD2	VVDD3	VVDD4	IVDD	IVDD2	IVDD3	IVDD4
1.00000000E+001	1.53700000E-007	2.47950000E-008	1.42240000E-009	1.27800000E-009	-1.10300000E-003	-9.86080000E-005	-1.81800000E-006	-4.13090000E-008	9.98970000E+000	7.99980000E+000	5.99000000E+000	3.99890000E+000	1.00000000E+001	8.00000000E+000	6.00000000E+000	4.00000000E+000	1.03900000E-003	9.03230000E-005	1.66400000E-006	3.78010000E-008
9.80000000E+000	7.68850000E-008	5.38560000E-010	8.04250000E-010	7.68840000E-010	-8.16170000E-004	-6.03850000E-005	-1.39200000E-006	-3.95160000E-008	9.99170000E+000	7.99980000E+000	5.99190000E+000	3.99890000E+000	1.00000000E+001	8.00000000E+000	6.00000000E+000	4.00000000E+000	7.94650000E-004	6.00680000E-005	1.38350000E-006	3.88500000E-008
9.60000000E+000	3.31490000E-008	3.64490000E-010	4.97040000E-010	4.23750000E-010	-7.28820000E-004	-4.07250000E-005	-1.14850000E-006	-3.58940000E-008	9.99270000E+000	7.99780000E+000	5.99290000E+000	3.99890000E+000	1.00000000E+001	8.00000000E+000	6.00000000E+000	4.00000000E+000	7.23090000E-004	4.06650000E-005	1.16550000E-006	3.42810000E-008
9.40000000E+000	6.24690000E-009	2.26250000E-010	3.32850000E-010	3.06600000E-010	-5.97120000E-004	-2.99950000E-005	-1.02800000E-006	-3.64140000E-008	9.99370000E+000	7.93700000E+000	5.99390000E+000	3.99890000E+000	1.00000000E+001	8.00000000E+000	6.00000000E+000	4.00000000E+000	5.93810000E-004	2.98800000E-005	9.93610000E-007	3.44440000E-008
9.20000000E+000	4.26500000E-011	1.11000000E-010	2.22350000E-010	1.71600000E-010	-4.97490000E-004	-2.44840000E-005	-9.04140000E-007	-3.32200000E-008	9.95510000E+000	7.63990000E+000	5.99490000E+000	3.99890000E+000	1.00000000E+001	8.00000000E+000	6.00000000E+000	4.00000000E+000	4.96090000E-004	2.44700000E-005	9.10130000E-007	3.24850000E-008
9.00000000E+000	4.12510000E-011	1.18550000E-010	1.54250000E-010	1.20450000E-010	-4.35050000E-004	-2.23650000E-005	-9.04220000E-007	-3.24740000E-008	5.19990000E-001	7.19700000E+000	5.99580000E+000	3.99890000E+000	1.00000000E+001	8.00000000E+000	6.00000000E+000	4.00000000E+000	4.34250000E-004	2.22050000E-005	9.14380000E-007	3.21510000E-008
8.80000000E+000	8.85510000E-011	3.48010000E-011	5.46990000E-011	9.11480000E-011	-3.69300000E-004	-2.10940000E-005	-8.18830000E-007	-3.26540000E-008	1.27000000E-001	6.93480000E+000	5.99580000E+000	3.99890000E+000	1.00000000E+001	8.00000000E+000	6.00000000E+000	4.00000000E+000	3.69100000E-004	2.11750000E-005	8.02040000E-007	3.18510000E-008
8.60000000E+000	2.05500000E-011	7.47990000E-011	8.48000000E-011	4.26500000E-011	-3.24700000E-004	-1.95150000E-005	-7.38940000E-007	-3.05150000E-008	1.02000000E-001	6.91890000E+000	5.99580000E+000	3.99890000E+000	1.00000000E+001	8.00000000E+000	6.00000000E+000	4.00000000E+000	3.24550000E-004	1.96000000E-005	7.38890000E-007	3.02610000E-008
8.40000000E+000	3.22000000E-011	4.35010000E-012	9.44970000E-012	5.23490000E-011	-2.88690000E-004	-1.77750000E-005	-7.31640000E-007	-2.86800000E-008	1.11000000E-001	7.01880000E+000	5.99680000E+000	3.99890000E+000	1.00000000E+001	8.00000000E+000	6.00000000E+000	4.00000000E+000	2.87910000E-004	1.76200000E-005	7.31140000E-007	2.82900000E-008
8.20000000E+000	1.41000000E-011	4.51500000E-011	3.83500000E-011	9.59990000E-012	-2.62710000E-004	-1.59750000E-005	-6.59380000E-007	-2.74650000E-008	1.33000000E-001	7.15500000E+000	5.99680000E+000	3.99890000E+000	1.00000000E+001	8.00000000E+000	6.00000000E+000	4.00000000E+000	2.62250000E-004	1.59400000E-005	6.53530000E-007	2.73100000E-008
8.00000000E+000	1.40000000E-012	-2.20500000E-011	-1.84000000E-011	3.79000000E-011	-2.41750000E-004	-1.45500000E-005	-6.28990000E-007	-2.76600000E-008	1.64000000E-001	7.27390000E+000	5.99680000E+000	3.99890000E+000	1.00000000E+001	8.00000000E+000	6.00000000E+000	4.00000000E+000	2.41850000E-004	1.45600000E-005	6.30740000E-007	2.83800000E-008
7.80000000E+000	-1.69000000E-011	2.37500000E-011	1.85000000E-012	-3.65000000E-012	-2.24500000E-004	-1.35750000E-005	-6.15890000E-007	-2.64450000E-008	2.04990000E-001	7.37080000E+000	5.99680000E+000	3.99890000E+000	1.00000000E+001	8.00000000E+000	6.00000000E+000	4.00000000E+000	2.24200000E-004	1.35450000E-005	6.17990000E-007	2.63100000E-008
7.60000000E+000	-9.65010000E-012	-4.17000000E-011	-3.05500000E-011	2.09000000E-011	-2.09700000E-004	-1.25850000E-005	-6.32750000E-007	-2.69250000E-008	2.54990000E-001	7.44900000E+000	5.99680000E+000	3.99890000E+000	1.00000000E+001	8.00000000E+000	6.00000000E+000	4.00000000E+000	2.09250000E-004	1.25550000E-005	6.38100000E-007	2.66600000E-008
7.40000000E+000	-5.19000000E-011	9.34980000E-012	5.30000000E-012	-6.35000000E-012	-1.97250000E-004	-1.19250000E-005	-6.35190000E-007	-2.70550000E-008	3.10000000E-001	7.51590000E+000	5.99680000E+000	3.99890000E+000	1.00000000E+001	8.00000000E+000	6.00000000E+000	4.00000000E+000	1.97600000E-004	1.17850000E-005	6.35040000E-007	2.66700000E-008
7.20000000E+000	-6.55010000E-012	-6.11990000E-011	-4.45490000E-011	-7.54990000E-012	-1.87050000E-004	-1.13400000E-005	-5.92090000E-007	-2.66100000E-008	3.75990000E-001	7.56880000E+000	5.99680000E+000	3.99890000E+000	1.00000000E+001	8.00000000E+000	6.00000000E+000	4.00000000E+000	1.86750000E-004	1.12850000E-005	5.76570000E-007	2.66550000E-008
7.00000000E+000	-6.45000000E-011	2.60000000E-012	4.00000000E-013	-1.53000000E-011	-1.76500000E-004	-1.04950000E-005	-6.14180000E-007	-2.99040000E-008	4.48990000E-001	7.60990000E+000	5.99780000E+000	3.99890000E+000	1.00000000E+001	8.00000000E+000	6.00000000E+000	4.00000000E+000	1.76350000E-004	1.05850000E-005	6.22380000E-007	2.80000000E-008
6.80000000E+000	-3.50000000E-013	-4.89490000E-011	-5.43490000E-011	-2.33000000E-011	-1.68100000E-004	-9.94610000E-006	-5.89790000E-007	-3.13390000E-008	5.35000000E-001	7.64790000E+000	5.99680000E+000	3.99890000E+000	1.00000000E+001	8.00000000E+000	6.00000000E+000	4.00000000E+000	1.68250000E-004	9.99820000E-006	5.83790000E-007	3.03150000E-008
6.60000000E+000	-6.69010000E-011	-3.56990000E-011	7.70000000E-012	-1.10000000E-011	-1.61050000E-004	-9.60100000E-006	-5.96400000E-007	-3.37600000E-008	6.21000000E-001	7.67800000E+000	5.99680000E+000	3.99890000E+000	1.00000000E+001	8.00000000E+000	6.00000000E+000	4.00000000E+000	1.61100000E-004	9.53910000E-006	5.89000000E-007	3.38640000E-008
6.40000000E+000	-4.40000000E-012	-2.61000000E-011	-4.87500000E-011	-4.47010000E-011	-1.53500000E-004	-9.01010000E-006	-5.75700000E-007	-3.03810000E-008	7.26990000E-001	7.70480000E+000	5.99680000E+000	3.99890000E+000	1.00000000E+001	8.00000000E+000	6.00000000E+000	4.00000000E+000	1.53650000E-004	9.05110000E-006	5.76980000E-007	3.18300000E-008
6.20000000E+000	-5.98990000E-011	-3.19000000E-011	6.99990000E-013	-6.65000000E-012	-1.47150000E-004	-8.72560000E-006	-5.78180000E-007	-3.21740000E-008	8.40000000E-001	7.72580000E+000	5.99780000E+000	3.99890000E+000	1.00000000E+001	8.00000000E+000	6.00000000E+000	4.00000000E+000	1.46850000E-004	8.72510000E-006	5.79540000E-007	3.16650000E-008
6.00000000E+000	-1.45000000E-012	-3.12990000E-011	-6.12990000E-011	-4.90500000E-011	-1.41100000E-004	-8.40750000E-006	-5.82080000E-007	-3.08190000E-008	9.76990000E-001	7.74390000E+000	5.99780000E+000	3.99890000E+000	1.00000000E+001	8.00000000E+000	6.00000000E+000	4.00000000E+000	1.41150000E-004	8.36280000E-006	5.87630000E-007	3.15790000E-008
5.80000000E+000	-4.80010000E-011	-2.74000000E-011	4.79990000E-012	8.20010000E-012	-1.35650000E-004	-7.93630000E-006	-5.42150000E-007	-3.18390000E-008	1.13700000E+000	7.76290000E+000	5.99780000E+000	3.99890000E+000	1.00000000E+001	8.00000000E+000	6.00000000E+000	4.00000000E+000	1.35550000E-004	7.88920000E-006	5.37400000E-007	3.05700000E-008
5.60000000E+000	-1.91500000E-011	-4.72490000E-011	-5.79000000E-011	-4.92500000E-011	-1.30250000E-004	-7.64340000E-006	-5.46800000E-007	-3.44500000E-008	1.33000000E+000	7.77780000E+000	5.99680000E+000	3.99890000E+000	1.00000000E+001	8.00000000E+000	6.00000000E+000	4.00000000E+000	1.30300000E-004	7.72160000E-006	5.48050000E-007	3.40750000E-008
5.40000000E+000	-3.98510000E-011	-1.93000000E-011	5.55000000E-012	1.05500000E-011	-1.25350000E-004	-7.56050000E-006	-6.14850000E-007	-3.30400000E-008	1.53400000E+000	7.79100000E+000	5.99780000E+000	3.99890000E+000	1.00000000E+001	8.00000000E+000	6.00000000E+000	4.00000000E+000	1.25400000E-004	7.59190000E-006	6.25180000E-007	3.33060000E-008
5.20000000E+000	-2.82500000E-011	-5.22500000E-011	-4.58000000E-011	-5.55510000E-011	-1.21000000E-004	-7.38400000E-006	-5.90840000E-007	-3.34600000E-008	1.80000000E+000	7.80080000E+000	5.99780000E+000	3.99890000E+000	1.00000000E+001	8.00000000E+000	6.00000000E+000	4.00000000E+000	1.20950000E-004	7.32390000E-006	5.93190000E-007	3.42500000E-008
5.00000000E+000	-2.96000000E-011	-6.05010000E-012	-4.60010000E-012	-3.90000000E-012	-1.15850000E-004	-7.05940000E-006	-5.71450000E-007	-3.37460000E-008	2.10000000E+000	7.81300000E+000	5.99780000E+000	3.99890000E+000	1.00000000E+001	8.00000000E+000	6.00000000E+000	4.00000000E+000	1.15600000E-004	7.03640000E-006	5.74130000E-007	3.43550000E-008
4.80000000E+000	-6.17000000E-011	-6.32990000E-011	-4.21490000E-011	-5.63990000E-011	-1.11600000E-004	-6.96890000E-006	-5.96340000E-007	-3.46900000E-008	2.41100000E+000	7.82300000E+000	5.99780000E+000	3.99890000E+000	1.00000000E+001	8.00000000E+000	6.00000000E+000	4.00000000E+000	1.11400000E-004	7.01840000E-006	5.80040000E-007	3.55190000E-008
4.60000000E+000	-3.61510000E-011	-5.25000000E-012	-2.00500000E-011	-8.59980000E-012	-1.06450000E-004	-6.94530000E-006	-6.23200000E-007	-3.40100000E-008	2.81300000E+000	7.83180000E+000	5.99780000E+000	3.99890000E+000	1.00000000E+001	8.00000000E+000	6.00000000E+000	4.00000000E+000	1.06400000E-004	6.96890000E-006	6.34930000E-007	3.27540000E-008
4.40000000E+000	-1.09900000E-010	-5.93520000E-011	-2.24000000E-011	-4.17500000E-011	-1.01280000E-004	-6.87780000E-006	-6.11150000E-007	-3.63510000E-008	3.25790000E+000	7.83980000E+000	5.99780000E+000	3.99890000E+000	1.00000000E+001	8.00000000E+000	6.00000000E+000	4.00000000E+000	1.00520000E-004	6.90690000E-006	5.98080000E-007	3.55500000E-008
4.20000000E+000	-1.63300000E-010	-1.35500000E-011	-5.03490000E-011	-3.33490000E-011	-9.63430000E-005	-6.68550000E-006	-5.90280000E-007	-3.13850000E-008	3.67800000E+000	7.84790000E+000	5.99780000E+000	3.99890000E+000	1.00000000E+001	8.00000000E+000	6.00000000E+000	4.00000000E+000	9.61350000E-005	6.72900000E-006	6.04750000E-007	3.40100000E-008
4.00000000E+000	-2.00850000E-010	-6.32490000E-011	-1.51000000E-011	-2.60500000E-011	-9.19920000E-005	-6.68160000E-006	-5.96630000E-007	-3.14250000E-008	4.11790000E+000	7.85500000E+000	5.99780000E+000	3.99890000E+000	1.00000000E+001	8.00000000E+000	6.00000000E+000	4.00000000E+000	9.17200000E-005	6.68510000E-006	6.18480000E-007	3.06950000E-008
3.80000000E+000	-4.25050000E-010	-2.62500000E-011	-5.96500000E-011	-6.44000000E-011	-8.78120000E-005	-6.45640000E-006	-6.26280000E-007	-2.99640000E-008	4.44090000E+000	7.86080000E+000	5.99780000E+000	3.99890000E+000	1.00000000E+001	8.00000000E+000	6.00000000E+000	4.00000000E+000	8.75700000E-005	6.42290000E-006	6.39880000E-007	2.95600000E-008
3.60000000E+000	-6.69300000E-010	-5.74490000E-011	-1.03500000E-011	-1.09000000E-011	-8.40680000E-005	-6.28150000E-006	-6.71420000E-007	-2.85900000E-008	4.77780000E+000	7.86690000E+000	5.99780000E+000	3.99890000E+000	1.00000000E+001	8.00000000E+000	6.00000000E+000	4.00000000E+000	8.42030000E-005	6.34300000E-006	6.41650000E-007	2.94050000E-008
3.40000000E+000	-1.17400000E-009	-5.09990000E-011	-6.47480000E-011	-6.18000000E-011	-8.20790000E-005	-6.32350000E-006	-6.50300000E-007	-3.11250000E-008	4.98100000E+000	7.87280000E+000	5.99900000E+000	3.99890000E+000	1.00000000E+001	8.00000000E+000	6.00000000E+000	4.00000000E+000	8.20200000E-005	6.30650000E-006	6.37930000E-007	3.17650000E-008
3.20000000E+000	-2.25350000E-009	-4.79490000E-011	-8.80000000E-012	-5.75010000E-012	-8.10290000E-005	-6.18940000E-006	-6.63390000E-007	-3.14450000E-008	5.05690000E+000	7.87790000E+000	5.99780000E+000	3.99890000E+000	1.00000000E+001	8.00000000E+000	6.00000000E+000	4.00000000E+000	8.12640000E-005	6.19630000E-006	6.68400000E-007	2.98440000E-008
3.00000000E+000	-3.88490000E-009	-8.41990000E-011	-5.85490000E-011	-6.60490000E-011	-8.02240000E-005	-6.09160000E-006	-6.65080000E-007	-3.35660000E-008	5.12300000E+000	7.88280000E+000	5.99780000E+000	3.99890000E+000	1.00000000E+001	8.00000000E+000	6.00000000E+000	4.00000000E+000	8.03100000E-005	6.13600000E-006	6.45930000E-007	3.35150000E-008
2.80000000E+000	-6.33240000E-009	-4.86000000E-011	-1.12000000E-011	-1.26500000E-011	-7.94900000E-005	-6.07200000E-006	-6.35130000E-007	-3.20340000E-008	5.20190000E+000	7.88790000E+000	5.99900000E+000	3.99890000E+000	1.00000000E+001	8.00000000E+000	6.00000000E+000	4.00000000E+000	7.95420000E-005	6.13250000E-006	6.49540000E-007	3.17800000E-008
2.60000000E+000	-7.59240000E-009	-9.91490000E-011	-6.50500000E-011	-5.43990000E-011	-7.63980000E-005	-6.08780000E-006	-5.86850000E-007	-3.26000000E-008	5.45290000E+000	7.89090000E+000	5.99780000E+000	3.99890000E+000	1.00000000E+001	8.00000000E+000	6.00000000E+000	4.00000000E+000	7.63050000E-005	6.11340000E-006	5.90430000E-007	3.27800000E-008
2.40000000E+000	-1.22200000E-008	-4.70500000E-011	-2.10500000E-011	-3.43000000E-011	-7.45990000E-005	-5.97700000E-006	-6.11500000E-007	-3.19510000E-008	5.60500000E+000	7.89600000E+000	5.99780000E+000	3.99890000E+000	1.00000000E+001	8.00000000E+000	6.00000000E+000	4.00000000E+000	7.45130000E-005	5.92250000E-006	5.98900000E-007	3.02040000E-008
2.20000000E+000	-2.02200000E-008	-1.13850000E-010	-4.51000000E-011	-1.95500000E-011	-7.36000000E-005	-5.86240000E-006	-5.68430000E-007	-3.30350000E-008	5.65600000E+000	7.89890000E+000	5.99900000E+000	3.99890000E+000	1.00000000E+001	8.00000000E+000	6.00000000E+000	4.00000000E+000	7.36680000E-005	5.85290000E-006	5.89380000E-007	3.38550000E-008
2.00000000E+000	-3.16790000E-008	-8.00000000E-011	-4.35490000E-011	-5.91490000E-011	-7.27470000E-005	-5.75050000E-006	-6.35680000E-007	-2.88400000E-008	5.72490000E+000	7.90280000E+000	5.99900000E+000	3.99890000E+000	1.00000000E+001	8.00000000E+000	6.00000000E+000	4.00000000E+000	7.25280000E-005	5.75700000E-006	6.36650000E-007	2.96000000E-008
1.80000000E+000	-4.81850000E-008	-1.58750000E-010	-3.82010000E-011	-1.27500000E-011	-7.20280000E-005	-5.78350000E-006	-6.45290000E-007	-3.06700000E-008	5.78590000E+000	7.90600000E+000	5.99780000E+000	3.99890000E+000	1.00000000E+001	8.00000000E+000	6.00000000E+000	4.00000000E+000	7.18910000E-005	5.84290000E-006	6.50240000E-007	3.06700000E-008
1.60000000E+000	-7.14310000E-008	-1.99200000E-010	-5.48010000E-011	-7.00490000E-011	-7.09290000E-005	-5.77400000E-006	-6.42440000E-007	-3.23740000E-008	5.85500000E+000	7.90890000E+000	5.99900000E+000	3.99890000E+000	1.00000000E+001	8.00000000E+000	6.00000000E+000	4.00000000E+000	7.09000000E-005	5.76000000E-006	6.42730000E-007	3.35800000E-008
1.40000000E+000	-9.24740000E-008	-2.86150000E-010	-2.88500000E-011	-8.10020000E-012	-6.89440000E-005	-5.66550000E-006	-6.08240000E-007	-3.10760000E-008	6.04200000E+000	7.91190000E+000	5.99900000E+000	3.99890000E+000	1.00000000E+001	8.00000000E+000	6.00000000E+000	4.00000000E+000	6.91000000E-005	5.56540000E-006	5.98640000E-007	3.18390000E-008
1.20000000E+000	-1.38400000E-007	-5.30400000E-010	-6.41020000E-011	-6.55010000E-011	-6.68800000E-005	-5.29900000E-006	-6.10280000E-007	-3.10900000E-008	6.18290000E+000	7.91480000E+000	5.99780000E+000	3.99890000E+000	1.00000000E+001	8.00000000E+000	6.00000000E+000	4.00000000E+000	6.70740000E-005	5.30160000E-006	6.12930000E-007	3.28690000E-008
1.00000000E+000	-2.08450000E-007	-7.96690000E-010	-2.54500000E-011	-1.26000000E-011	-6.51440000E-005	-5.42890000E-006	-6.61670000E-007	-3.19140000E-008	6.28200000E+000	7.91800000E+000	5.99780000E+000	3.99890000E+000	1.00000000E+001	8.00000000E+000	6.00000000E+000	4.00000000E+000	6.53790000E-005	5.36000000E-006	6.58300000E-007	3.18540000E-008
8.00000000E-001	-3.03350000E-007	-1.47200000E-009	-7.60490000E-011	-5.82010000E-011	-6.30210000E-005	-5.13950000E-006	-6.17000000E-007	-3.18900000E-008	6.40090000E+000	7.91890000E+000	5.99900000E+000	3.99890000E+000	1.00000000E+001	8.00000000E+000	6.00000000E+000	4.00000000E+000	6.31850000E-005	5.16950000E-006	6.20090000E-007	3.24910000E-008
6.00000000E-001	-4.33240000E-007	-2.62990000E-009	-1.93500000E-011	-4.10000000E-011	-6.04540000E-005	-5.10040000E-006	-6.19240000E-007	-2.81900000E-008	6.55790000E+000	7.91890000E+000	5.99780000E+000	3.99890000E+000	1.00000000E+001	8.00000000E+000	6.00000000E+000	4.00000000E+000	6.06050000E-005	5.07590000E-006	6.17730000E-007	2.83250000E-008
4.00000000E-001	-6.10450000E-007	-4.60340000E-009	-1.00150000E-010	-4.44500000E-011	-5.75950000E-005	-5.03750000E-006	-6.47380000E-007	-2.74600000E-008	6.73490000E+000	7.91990000E+000	5.99900000E+000	3.99890000E+000	1.00000000E+001	8.00000000E+000	6.00000000E+000	4.00000000E+000	5.81800000E-005	5.10600000E-006	6.55650000E-007	2.99840000E-008
2.00000000E-001	-8.49280000E-007	-7.84440000E-009	-5.02500000E-011	-5.72500000E-011	-5.42790000E-005	-5.03990000E-006	-6.31550000E-007	-2.90350000E-008	6.93380000E+000	7.92090000E+000	5.99780000E+000	3.99890000E+000	1.00000000E+001	8.00000000E+000	6.00000000E+000	4.00000000E+000	5.49740000E-005	5.12440000E-006	6.45200000E-007	2.95550000E-008
0.00000000E+000	-1.13550000E-006	-1.23100000E-008	-1.06800000E-010	-2.27990000E-011	-5.03040000E-005	-5.16090000E-006	-6.20380000E-007	-2.92000000E-008	7.19090000E+000	7.92190000E+000	5.99780000E+000	3.99890000E+000	1.00000000E+001	8.00000000E+000	6.00000000E+000	4.00000000E+000	5.14000000E-005	5.20450000E-006	6.08330000E-007	3.04150000E-008

TEST RESULTS:  NOT  04/18/2025  12:11:03


