ATTRIBUTES:

Attribute #1:C:\Metrics\ics\projects\6.2600J_S25\buonato_NOT.ics
Attribute #2:Test
Attribute #3:dev1
Attribute #4:PASSED
SETUP:NOT  04/18/2025  12:19:18
DATE:04/18/2025
TIME:12:19:18

CONDITIONS:

ID:	VDD	
UNIT:	SMU3	
MODE: STEP	
START:	10	
STOP:	4	
PNTS:	4	
STEP:	-2

ID:	I0P	
UNIT:	SMU1	
MODE: SWEEP	
START:	10	
STOP:	0	
PNTS:	51	
STEP:	-0.2

ID:	VSS	
UNIT:	SMU2	
START:	0	
STOP:	1	
PNTS:	1	
	STEP:	0

ID:	OUT	
UNIT:	SMU4	
MODE: CONST	
VALUE:	0

DATA:  NOT  04/18/2025  12:19:18

VI0P	II0P	II0P2	II0P3	II0P4	IVSS	IVSS2	IVSS3	IVSS4	VOUT	VOUT2	VOUT3	VOUT4	IVDD	IVDD2	IVDD3	IVDD4
1.00000000E+001	9.25500000E-008	6.19650000E-003	1.23950000E-002	1.85360000E-002	-7.94770000E-004	-1.60350000E-005	-4.58140000E-007	-3.74800000E-009	9.95610000E+000	8.35200000E+000	6.69700000E+000	5.05100000E+000	7.58260000E-004	-6.18050000E-003	-1.23950000E-002	-1.85360000E-002
9.80000000E+000	4.96290000E-008	5.57800000E-003	1.17800000E-002	1.79200000E-002	-7.01100000E-004	-1.45500000E-005	-3.80650000E-007	-3.34090000E-009	9.95900000E+000	8.31690000E+000	6.66280000E+000	5.01490000E+000	6.99040000E-004	-5.56250000E-003	-1.17800000E-002	-1.79250000E-002
9.60000000E+000	2.43350000E-008	4.95910000E-003	1.11600000E-002	1.73100000E-002	-6.50610000E-004	-1.42500000E-005	-3.26400000E-007	-3.02440000E-009	9.96290000E+000	8.28170000E+000	6.62700000E+000	4.98000000E+000	6.48200000E-004	-4.94410000E-003	-1.11650000E-002	-1.73100000E-002
9.40000000E+000	7.12290000E-009	4.33950000E-003	1.05450000E-002	1.67000000E-002	-5.48000000E-004	-1.41850000E-005	-2.81390000E-007	-2.71750000E-009	9.96870000E+000	8.24710000E+000	6.59300000E+000	4.94480000E+000	5.46600000E-004	-4.32560000E-003	-1.05450000E-002	-1.67000000E-002
9.20000000E+000	2.07050000E-010	3.72050000E-003	9.92730000E-003	1.60850000E-002	-4.73950000E-004	-1.40600000E-005	-2.46600000E-007	-2.42700000E-009	9.97270000E+000	8.21190000E+000	6.55790000E+000	4.90990000E+000	4.73310000E-004	-3.70550000E-003	-9.92580000E-003	-1.60900000E-002
9.00000000E+000	5.09990000E-011	3.10050000E-003	9.30930000E-003	1.54700000E-002	-3.93000000E-004	-1.38700000E-005	-2.22350000E-007	-2.16600000E-009	9.97800000E+000	8.17680000E+000	6.52300000E+000	4.87500000E+000	3.92010000E-004	-3.08600000E-003	-9.30790000E-003	-1.54750000E-002
8.80000000E+000	4.28000000E-011	2.48050000E-003	8.69040000E-003	1.48550000E-002	-3.58250000E-004	-1.35600000E-005	-2.01850000E-007	-1.98000000E-009	9.98100000E+000	8.14210000E+000	6.48800000E+000	4.83890000E+000	3.57750000E-004	-2.46660000E-003	-8.68890000E-003	-1.48600000E-002
8.60000000E+000	6.45490000E-011	1.86150000E-003	8.07190000E-003	1.42450000E-002	-3.14700000E-004	-1.29900000E-005	-1.87150000E-007	-1.76040000E-009	9.98290000E+000	8.10690000E+000	6.45290000E+000	4.80400000E+000	3.14460000E-004	-1.84800000E-003	-8.07050000E-003	-1.42450000E-002
8.40000000E+000	-8.80000000E-012	1.24100000E-003	7.45250000E-003	1.36300000E-002	-2.81900000E-004	-1.22800000E-005	-1.77450000E-007	-1.60950000E-009	9.98490000E+000	8.07180000E+000	6.41890000E+000	4.76900000E+000	2.82200000E-004	-1.22900000E-003	-7.45150000E-003	-1.36300000E-002
8.20000000E+000	3.16000000E-011	6.21200000E-004	6.83310000E-003	1.30150000E-002	-2.58060000E-004	-1.13150000E-005	-1.63850000E-007	-1.49340000E-009	9.98580000E+000	8.03610000E+000	6.38280000E+000	4.73390000E+000	2.57910000E-004	-6.09610000E-004	-6.83210000E-003	-1.30150000E-002
8.00000000E+000	-4.25490000E-011	1.27850000E-006	6.21290000E-003	1.24000000E-002	-2.38600000E-004	-9.87530000E-006	-1.49800000E-007	-1.31650000E-009	9.98780000E+000	8.00100000E+000	6.34890000E+000	4.69900000E+000	2.38300000E-004	8.35210000E-006	-6.21250000E-003	-1.24000000E-002
7.80000000E+000	1.42000000E-011	-6.18960000E-004	5.59310000E-003	1.17800000E-002	-2.20700000E-004	-8.19290000E-006	-1.39490000E-007	-1.22300000E-009	9.98880000E+000	7.96580000E+000	6.31400000E+000	4.66380000E+000	2.20450000E-004	6.27160000E-004	-5.59210000E-003	-1.17850000E-002
7.60000000E+000	-5.33990000E-011	-1.24350000E-003	4.96790000E-003	1.11600000E-002	-2.06900000E-004	-7.28300000E-006	-1.33100000E-007	-1.10550000E-009	9.98970000E+000	7.93090000E+000	6.27880000E+000	4.62890000E+000	2.06700000E-004	1.25100000E-003	-4.96700000E-003	-1.11600000E-002
7.40000000E+000	-1.70000000E-012	-1.86350000E-003	4.34760000E-003	1.05400000E-002	-1.95210000E-004	-6.77310000E-006	-1.28940000E-007	-9.69970000E-010	9.99070000E+000	7.89600000E+000	6.24390000E+000	4.59400000E+000	1.95250000E-004	1.87000000E-003	-4.34660000E-003	-1.05450000E-002
7.20000000E+000	-5.49500000E-011	-2.48350000E-003	3.72710000E-003	9.92490000E-003	-1.84850000E-004	-6.10650000E-006	-1.19050000E-007	-9.95210000E-010	9.99070000E+000	7.86080000E+000	6.20900000E+000	4.55790000E+000	1.85150000E-004	2.48900000E-003	-3.72650000E-003	-9.92390000E-003
7.00000000E+000	8.49980000E-013	-3.10350000E-003	3.10600000E-003	9.30690000E-003	-1.75950000E-004	-5.59490000E-006	-1.16400000E-007	-8.38210000E-010	9.99070000E+000	7.82500000E+000	6.17380000E+000	4.52390000E+000	1.76010000E-004	3.10850000E-003	-3.10550000E-003	-9.30600000E-003
6.80000000E+000	-6.01510000E-011	-3.72300000E-003	2.48500000E-003	8.68800000E-003	-1.67600000E-004	-5.07380000E-006	-1.07650000E-007	-7.10280000E-010	9.99170000E+000	7.78980000E+000	6.13990000E+000	4.48900000E+000	1.67450000E-004	3.72760000E-003	-2.48460000E-003	-8.68700000E-003
6.60000000E+000	-1.50000000E-012	-4.34210000E-003	1.86400000E-003	8.06900000E-003	-1.59650000E-004	-4.64710000E-006	-1.00250000E-007	-7.36690000E-010	9.99170000E+000	7.75490000E+000	6.10400000E+000	4.45390000E+000	1.59450000E-004	4.34710000E-003	-1.86350000E-003	-8.06810000E-003
6.40000000E+000	-5.38010000E-011	-4.96200000E-003	1.24300000E-003	7.44960000E-003	-1.53250000E-004	-4.17960000E-006	-1.01100000E-007	-6.54010000E-010	9.99170000E+000	7.72000000E+000	6.06980000E+000	4.41890000E+000	1.53000000E-004	4.96650000E-003	-1.24200000E-003	-7.44870000E-003
6.20000000E+000	-1.30000000E-011	-5.58160000E-003	6.21770000E-004	6.83050000E-003	-1.47200000E-004	-3.78700000E-006	-1.03170000E-007	-5.84750000E-010	9.99270000E+000	7.68480000E+000	6.03490000E+000	4.38400000E+000	1.47500000E-004	5.58500000E-003	-6.21320000E-004	-6.82950000E-003
6.00000000E+000	-5.72010000E-011	-6.20100000E-003	1.59450000E-007	6.21060000E-003	-1.41700000E-004	-3.45150000E-006	-9.01090000E-008	-5.58940000E-010	9.99370000E+000	7.64990000E+000	6.00000000E+000	4.34990000E+000	1.41400000E-004	6.20370000E-003	-1.62490000E-007	-6.20960000E-003
5.80000000E+000	-1.50000000E-011	-6.81950000E-003	-6.20840000E-004	5.59000000E-003	-1.36200000E-004	-3.06350000E-006	-8.68060000E-008	-4.96700000E-010	9.99460000E+000	7.61400000E+000	5.96480000E+000	4.31400000E+000	1.36300000E-004	6.82260000E-003	6.20810000E-004	-5.58900000E-003
5.60000000E+000	-5.70500000E-011	-7.43790000E-003	-1.24200000E-003	4.96960000E-003	-1.30100000E-004	-2.88440000E-006	-9.23460000E-008	-4.37850000E-010	9.99370000E+000	7.57890000E+000	5.93090000E+000	4.27910000E+000	1.30100000E-004	7.44060000E-003	1.24200000E-003	-4.96910000E-003
5.40000000E+000	-2.07000000E-011	-8.05660000E-003	-1.86350000E-003	4.34900000E-003	-1.25350000E-004	-2.65390000E-006	-9.06800000E-008	-4.02090000E-010	9.99460000E+000	7.54390000E+000	5.89600000E+000	4.24390000E+000	1.25600000E-004	8.05900000E-003	1.86350000E-003	-4.34800000E-003
5.20000000E+000	-5.22000000E-011	-8.67460000E-003	-2.48460000E-003	3.72800000E-003	-1.20650000E-004	-2.49290000E-006	-7.73940000E-008	-3.58890000E-010	9.99460000E+000	7.50780000E+000	5.85990000E+000	4.21000000E+000	1.20750000E-004	8.67650000E-003	2.48500000E-003	-3.72800000E-003
5.00000000E+000	-3.70990000E-011	-9.29260000E-003	-3.10550000E-003	3.10710000E-003	-1.15350000E-004	-2.21050000E-006	-6.99910000E-008	-3.31060000E-010	9.99460000E+000	7.47390000E+000	5.82590000E+000	4.17380000E+000	1.15700000E-004	9.29450000E-003	3.10550000E-003	-3.10760000E-003
4.80000000E+000	-4.94010000E-011	-9.91010000E-003	-3.72710000E-003	2.48650000E-003	-1.10150000E-004	-2.07390000E-006	-6.66910000E-008	-3.13050000E-010	9.99460000E+000	7.43800000E+000	5.79000000E+000	4.13990000E+000	1.09850000E-004	9.91150000E-003	3.72650000E-003	-2.48600000E-003
4.60000000E+000	-4.49510000E-011	-1.05350000E-002	-4.34760000E-003	1.86550000E-003	-1.04950000E-004	-2.00350000E-006	-6.04450000E-008	-2.89500000E-010	9.99460000E+000	7.40280000E+000	5.75590000E+000	4.10500000E+000	1.05000000E-004	1.05300000E-002	4.34760000E-003	-1.86450000E-003
4.40000000E+000	-5.09490000E-011	-1.11500000E-002	-4.96860000E-003	1.24400000E-003	-9.99530000E-005	-1.81550000E-006	-5.89440000E-008	-2.84150000E-010	9.99610000E+000	7.36890000E+000	5.72090000E+000	4.06880000E+000	9.98450000E-005	1.11500000E-002	4.96860000E-003	-1.24300000E-003
4.20000000E+000	-6.05490000E-011	-1.17650000E-002	-5.58950000E-003	6.22660000E-004	-9.50320000E-005	-1.70650000E-006	-5.60790000E-008	-2.50750000E-010	9.99460000E+000	7.33300000E+000	5.68600000E+000	4.03490000E+000	9.49350000E-005	1.17650000E-002	5.58850000E-003	-6.22390000E-004
4.00000000E+000	-1.12100000E-010	-1.23800000E-002	-6.20960000E-003	1.04950000E-006	-9.09160000E-005	-1.54450000E-006	-5.36400000E-008	-2.50950000E-010	9.99610000E+000	7.29790000E+000	5.65090000E+000	3.99990000E+000	9.08670000E-005	1.23850000E-002	6.20910000E-003	-1.05800000E-006
3.80000000E+000	-1.11400000E-010	-1.30000000E-002	-6.82950000E-003	-6.20690000E-004	-8.64750000E-005	-1.41800000E-006	-5.08010000E-008	-2.76100000E-010	9.99610000E+000	7.26290000E+000	5.61690000E+000	3.96500000E+000	8.65650000E-005	1.29950000E-002	6.82950000E-003	6.20390000E-004
3.60000000E+000	-1.98250000E-010	-1.36150000E-002	-7.44960000E-003	-1.24200000E-003	-8.33050000E-005	-1.36800000E-006	-4.38700000E-008	-2.36200000E-010	9.99710000E+000	7.22680000E+000	5.58200000E+000	3.92990000E+000	8.33460000E-005	1.36100000E-002	7.45010000E-003	1.24200000E-003
3.40000000E+000	-2.83850000E-010	-1.42300000E-002	-8.06950000E-003	-1.86300000E-003	-7.96210000E-005	-1.23650000E-006	-4.15460000E-008	-2.26600000E-010	9.99710000E+000	7.19190000E+000	5.54690000E+000	3.89490000E+000	7.95420000E-005	1.42250000E-002	8.06950000E-003	1.86300000E-003
3.20000000E+000	-5.20910000E-010	-1.48450000E-002	-8.68890000E-003	-2.48400000E-003	-7.66400000E-005	-1.08750000E-006	-3.91500000E-008	-2.05900000E-010	9.99710000E+000	7.15700000E+000	5.51200000E+000	3.86000000E+000	7.66550000E-005	1.48400000E-002	8.68890000E-003	2.48400000E-003
3.00000000E+000	-8.19450000E-010	-1.54600000E-002	-9.30830000E-003	-3.10550000E-003	-7.38280000E-005	-1.02800000E-006	-3.74000000E-008	-1.93100000E-010	9.99710000E+000	7.12180000E+000	5.47710000E+000	3.82500000E+000	7.37760000E-005	1.54550000E-002	9.30790000E-003	3.10500000E-003
2.80000000E+000	-1.52540000E-009	-1.60700000E-002	-9.92770000E-003	-3.72650000E-003	-7.18650000E-005	-1.00090000E-006	-3.44640000E-008	-2.00400000E-010	9.99710000E+000	7.08590000E+000	5.44190000E+000	3.78990000E+000	7.16780000E-005	1.60700000E-002	9.92770000E-003	3.72650000E-003
2.60000000E+000	-2.77940000E-009	-1.66850000E-002	-1.05500000E-002	-4.34710000E-003	-7.10080000E-005	-9.31030000E-007	-3.18600000E-008	-1.94350000E-010	9.99710000E+000	7.05100000E+000	5.40700000E+000	3.75500000E+000	7.11790000E-005	1.66850000E-002	1.05450000E-002	4.34760000E-003
2.40000000E+000	-5.32940000E-009	-1.72950000E-002	-1.11650000E-002	-4.96790000E-003	-7.02700000E-005	-8.69450000E-007	-2.72050000E-008	-1.61900000E-010	9.99710000E+000	7.01590000E+000	5.37180000E+000	3.72000000E+000	7.03450000E-005	1.72900000E-002	1.11650000E-002	4.96790000E-003
2.20000000E+000	-8.29590000E-009	-1.79050000E-002	-1.17800000E-002	-5.58800000E-003	-6.97710000E-005	-7.80800000E-007	-2.61350000E-008	-1.38000000E-010	9.99710000E+000	6.98000000E+000	5.33790000E+000	3.68490000E+000	6.96630000E-005	1.79050000E-002	1.17850000E-002	5.58800000E-003
2.00000000E+000	-1.28600000E-008	-1.85160000E-002	-1.24000000E-002	-6.20910000E-003	-6.81090000E-005	-7.47390000E-007	-2.35100000E-008	-1.16300000E-010	9.99800000E+000	6.94480000E+000	5.30300000E+000	3.65100000E+000	6.80830000E-005	1.85160000E-002	1.24000000E-002	6.20870000E-003
1.80000000E+000	-2.15850000E-008	-1.91250000E-002	-1.30150000E-002	-6.82900000E-003	-6.74240000E-005	-7.22240000E-007	-2.15200000E-008	-8.46010000E-011	9.99710000E+000	6.90990000E+000	5.26680000E+000	3.61500000E+000	6.72640000E-005	1.91250000E-002	1.30150000E-002	6.82850000E-003
1.60000000E+000	-3.52190000E-008	-1.97350000E-002	-1.36350000E-002	-7.44870000E-003	-6.66750000E-005	-6.41830000E-007	-1.97800000E-008	-8.56490000E-011	9.99710000E+000	6.87400000E+000	5.23290000E+000	3.58000000E+000	6.65630000E-005	1.97350000E-002	1.36300000E-002	7.44870000E-003
1.40000000E+000	-5.64790000E-008	-2.03450000E-002	-1.42500000E-002	-8.06860000E-003	-6.55200000E-005	-6.06990000E-007	-1.87800000E-008	-7.67990000E-011	9.99710000E+000	6.83790000E+000	5.19800000E+000	3.54490000E+000	6.57480000E-005	2.03400000E-002	1.42450000E-002	8.06860000E-003
1.20000000E+000	-8.88060000E-008	-2.09550000E-002	-1.48650000E-002	-8.68750000E-003	-6.45290000E-005	-5.66800000E-007	-1.87700000E-008	-8.01490000E-011	9.99800000E+000	6.80300000E+000	5.16280000E+000	3.51100000E+000	6.44880000E-005	2.09500000E-002	1.48600000E-002	8.68750000E-003
1.00000000E+000	-2.73600000E-002	-2.15600000E-002	-1.54800000E-002	-9.30690000E-003	-1.76500000E-005	-5.29480000E-007	-1.51650000E-008	-8.76990000E-011	8.38670000E+000	6.76780000E+000	5.12790000E+000	3.47500000E+000	2.74050000E-002	2.15600000E-002	1.54800000E-002	9.30690000E-003
8.00000000E-001	-2.80100000E-002	-2.21650000E-002	-1.60950000E-002	-9.92580000E-003	-1.48850000E-005	-5.01630000E-007	-1.46900000E-008	-7.57510000E-011	8.35400000E+000	6.73190000E+000	5.09300000E+000	3.43990000E+000	2.80200000E-002	2.21650000E-002	1.60900000E-002	9.92680000E-003
6.00000000E-001	-2.86350000E-002	-2.27700000E-002	-1.67100000E-002	-1.05450000E-002	-1.27750000E-005	-4.63140000E-007	-1.39400000E-008	-8.95000000E-011	8.32180000E+000	6.69700000E+000	5.05690000E+000	3.40600000E+000	2.86500000E-002	2.27700000E-002	1.67100000E-002	1.05450000E-002
4.00000000E-001	-2.92610000E-002	-2.33800000E-002	-1.73200000E-002	-1.11650000E-002	-1.11800000E-005	-4.64750000E-007	-1.38200000E-008	-7.33000000E-011	8.28910000E+000	6.66090000E+000	5.02200000E+000	3.37100000E+000	2.92750000E-002	2.33700000E-002	1.73200000E-002	1.11600000E-002
2.00000000E-001	-2.98900000E-002	-2.39800000E-002	-1.79350000E-002	-1.17850000E-002	-9.80590000E-006	-4.07890000E-007	-1.31050000E-008	-5.29000000E-011	8.25680000E+000	6.62500000E+000	4.98680000E+000	3.33500000E+000	2.99050000E-002	2.39850000E-002	1.79300000E-002	1.17800000E-002
0.00000000E+000	-3.05250000E-002	-2.45850000E-002	-1.85450000E-002	-1.23950000E-002	-8.83780000E-006	-4.00340000E-007	-1.15900000E-008	-4.24990000E-011	8.22410000E+000	6.58890000E+000	4.95190000E+000	3.29990000E+000	3.05300000E-002	2.45800000E-002	1.85450000E-002	1.24000000E-002

TEST RESULTS:  NOT  04/18/2025  12:19:18


