ATTRIBUTES:

Attribute #1:C:\Metrics\ics\projects\6.2600J_S25\transistor_measurement.ics
Attribute #2:Test
Attribute #3:dev1
Attribute #4:PASSED
SETUP:TRANSFER  04/18/2025  10:25:04
DATE:04/18/2025
TIME:10:25:04

CONDITIONS:

ID:	D	
UNIT:	SMU2	
MODE: STEP	
START:	0.5	
STOP:	5	
PNTS:	2	
STEP:	4.5

ID:	G	
UNIT:	SMU4	
MODE: SWEEP	
START:	-2	
STOP:	4	
PNTS:	61	
STEP:	0.1

ID:	S	
UNIT:	SMU1	
MODE: CONST	
VALUE:	0

DATA:  TRANSFER  04/18/2025  10:25:04

IS	IS2	VD	VD2	ID	ID2	VG	IG	IG2	ACCSTRESS
2.24000000E-011	2.56500000E-011	5.00000000E-001	5.00000000E+000	1.47000000E-011	2.88000000E-011	-2.00000000E+000	3.95000000E-012	-2.70000000E-012	0.00000000E+000
-2.81500000E-011	-3.15500000E-011	5.00000000E-001	5.00000000E+000	-2.60000000E-012	3.35000000E-012	-1.90000000E+000	1.79000000E-011	1.25000000E-012	*
-2.43500000E-011	-2.92500000E-011	5.00000000E-001	5.00000000E+000	-1.09000000E-011	-6.00010000E-012	-1.80000000E+000	6.24990000E-012	8.70010000E-012	*
-3.25000000E-012	9.80010000E-012	5.00000000E-001	5.00000000E+000	-8.49980000E-012	-1.65000000E-012	-1.70000000E+000	7.25000000E-012	-7.49980000E-012	*
2.34000000E-011	2.79500000E-011	5.00000000E-001	5.00000000E+000	2.30000000E-012	9.80010000E-012	-1.60000000E+000	-8.84980000E-012	1.25000000E-012	*
2.58000000E-011	3.21500000E-011	5.00000000E-001	5.00000000E+000	1.27500000E-011	1.83000000E-011	-1.50000000E+000	-2.90000000E-012	-8.74990000E-012	*
1.27500000E-011	-7.50010000E-013	5.00000000E-001	5.00000000E+000	1.13500000E-011	1.64500000E-011	-1.40000000E+000	5.34990000E-012	1.45000000E-012	*
-1.22000000E-011	-1.92000000E-011	5.00000000E-001	5.00000000E+000	2.84990000E-012	3.69990000E-012	-1.30000000E+000	1.36000000E-011	1.78500000E-011	*
-2.95000000E-011	-3.02990000E-011	5.00000000E-001	5.00000000E+000	-2.05000000E-012	-3.30000000E-012	-1.20000000E+000	1.61500000E-011	4.20000000E-012	*
-2.38500000E-011	-2.42500000E-011	5.00000000E-001	5.00000000E+000	-1.90500000E-011	-8.74990000E-012	-1.10000000E+000	4.90010000E-012	9.65010000E-012	*
-1.50000000E-012	5.05000000E-012	5.00000000E-001	5.00000000E+000	-8.80000000E-012	-6.30010000E-012	-1.00000000E+000	1.01500000E-011	4.70000000E-012	*
2.04500000E-011	3.01000000E-011	5.00000000E-001	5.00000000E+000	-2.49990000E-013	5.50000000E-012	-9.00000000E-001	-5.64990000E-012	-6.00010000E-012	*
3.15000000E-011	2.84000000E-011	5.00000000E-001	5.00000000E+000	7.74980000E-012	1.28000000E-011	-8.00000000E-001	-5.50000000E-012	-1.70000000E-012	*
1.30500000E-011	5.50000000E-012	5.00000000E-001	5.00000000E+000	1.12000000E-011	1.81500000E-011	-7.00000000E-001	4.05010000E-012	5.05000000E-012	*
-1.02000000E-011	-2.13500000E-011	5.00000000E-001	5.00000000E+000	9.69980000E-012	5.75010000E-012	-6.00000000E-001	1.19000000E-011	7.35010000E-012	*
-3.22000000E-011	-3.16990000E-011	5.00000000E-001	5.00000000E+000	-1.75000000E-012	-8.05000000E-012	-5.00000000E-001	9.15000000E-012	1.26000000E-011	*
-3.20510000E-011	-2.41000000E-011	5.00000000E-001	5.00000000E+000	-1.03000000E-011	-8.20010000E-012	-4.00000000E-001	1.66000000E-011	5.39990000E-012	*
-2.70000000E-012	7.60010000E-012	5.00000000E-001	5.00000000E+000	-2.90000000E-012	-3.40000000E-012	-3.00000000E-001	2.50000000E-012	5.64990000E-012	*
1.20000000E-011	2.45000000E-011	5.00000000E-001	5.00000000E+000	1.52000000E-011	7.49980000E-012	-2.00000000E-001	4.24990000E-012	-7.85010000E-012	*
7.15000000E-012	2.14000000E-011	5.00000000E-001	5.00000000E+000	3.24010000E-011	2.46490000E-011	-1.00000000E-001	-3.55010000E-012	1.60000000E-012	*
-2.53500000E-011	-6.74990000E-012	5.00000000E-001	5.00000000E+000	4.75500000E-011	3.01500000E-011	0.00000000E+000	7.10010000E-012	1.16000000E-011	*
-6.78000000E-011	-4.14000000E-011	5.00000000E-001	5.00000000E+000	5.90990000E-011	2.77500000E-011	1.00000000E-001	1.27500000E-011	1.61500000E-011	*
-1.10650000E-010	-6.04990000E-011	5.00000000E-001	5.00000000E+000	7.21480000E-011	2.83500000E-011	2.00000000E-001	1.52500000E-011	1.86000000E-011	*
-1.39750000E-010	-7.46000000E-011	5.00000000E-001	5.00000000E+000	1.03000000E-010	4.03000000E-011	3.00000000E-001	1.19500000E-011	1.14000000E-011	*
-1.67100000E-010	-7.25500000E-011	5.00000000E-001	5.00000000E+000	1.72850000E-010	7.58010000E-011	4.00000000E-001	1.28500000E-011	3.40000000E-012	*
-2.27800000E-010	-1.02350000E-010	5.00000000E-001	5.00000000E+000	2.63600000E-010	1.34800000E-010	5.00000000E-001	4.00000000E-013	8.00000000E-013	*
-3.47260000E-010	-1.67300000E-010	5.00000000E-001	5.00000000E+000	3.87050000E-010	2.11300000E-010	6.00000000E-001	7.79990000E-012	-3.00000000E-013	*
-5.38510000E-010	-3.00050000E-010	5.00000000E-001	5.00000000E+000	5.58200000E-010	3.11400000E-010	7.00000000E-001	2.70000000E-012	1.22500000E-011	*
-8.07460000E-010	-4.86100000E-010	5.00000000E-001	5.00000000E+000	7.84950000E-010	4.58300000E-010	8.00000000E-001	1.60000000E-011	1.02500000E-011	*
-7.22000000E-010	-7.13950000E-010	5.00000000E-001	5.00000000E+000	6.88860000E-010	6.79190000E-010	9.00000000E-001	1.24500000E-011	1.46000000E-011	*
-9.99420000E-010	-1.03020000E-009	5.00000000E-001	5.00000000E+000	9.68890000E-010	1.02280000E-009	1.00000000E+000	9.84990000E-012	8.14990000E-012	*
-1.19600000E-009	-1.08700000E-009	5.00000000E-001	5.00000000E+000	1.12200000E-009	1.04850000E-009	1.10000000E+000	7.60010000E-012	8.95020000E-012	*
-1.63540000E-009	-1.54650000E-009	5.00000000E-001	5.00000000E+000	1.62500000E-009	1.51400000E-009	1.20000000E+000	1.31500000E-011	1.31500000E-011	*
-2.49190000E-009	-2.37700000E-009	5.00000000E-001	5.00000000E+000	2.45700000E-009	2.35190000E-009	1.30000000E+000	1.74000000E-011	7.60010000E-012	*
-3.68290000E-009	-3.61190000E-009	5.00000000E-001	5.00000000E+000	3.65490000E-009	3.62800000E-009	1.40000000E+000	1.10500000E-011	7.79990000E-012	*
-5.48130000E-009	-5.49990000E-009	5.00000000E-001	5.00000000E+000	5.48450000E-009	5.54430000E-009	1.50000000E+000	7.70000000E-012	-2.60000000E-012	*
-8.02490000E-009	-8.32370000E-009	5.00000000E-001	5.00000000E+000	8.06180000E-009	8.37920000E-009	1.60000000E+000	-3.10000000E-012	-8.10020000E-012	*
-8.59790000E-009	-9.51150000E-009	5.00000000E-001	5.00000000E+000	7.98670000E-009	9.01400000E-009	1.70000000E+000	-1.59990000E-012	8.10020000E-012	*
-9.28550000E-009	-1.14650000E-008	5.00000000E-001	5.00000000E+000	8.85160000E-009	1.11650000E-008	1.80000000E+000	1.27000000E-011	7.95010000E-012	*
-1.08550000E-008	-1.65050000E-008	5.00000000E-001	5.00000000E+000	1.06400000E-008	1.63950000E-008	1.90000000E+000	8.59980000E-012	9.65010000E-012	*
-1.52050000E-008	-2.50050000E-008	5.00000000E-001	5.00000000E+000	1.51050000E-008	2.49600000E-008	2.00000000E+000	1.25000000E-011	1.00000000E-013	*
-2.31350000E-008	-3.77690000E-008	5.00000000E-001	5.00000000E+000	2.31300000E-008	3.77400000E-008	2.10000000E+000	1.34500000E-011	6.40000000E-012	*
-3.45210000E-008	-5.68510000E-008	5.00000000E-001	5.00000000E+000	3.42210000E-008	5.66140000E-008	2.20000000E+000	1.21500000E-011	9.80010000E-012	*
-5.17390000E-008	-8.48810000E-008	5.00000000E-001	5.00000000E+000	5.12590000E-008	8.49140000E-008	2.30000000E+000	-3.30000000E-012	9.84990000E-012	*
-7.58040000E-008	-9.10440000E-008	5.00000000E-001	5.00000000E+000	7.55100000E-008	8.67840000E-008	2.40000000E+000	-9.00000000E-013	6.49990000E-012	*
-8.43210000E-008	-1.01650000E-007	5.00000000E-001	5.00000000E+000	7.92240000E-008	9.97890000E-008	2.50000000E+000	-1.21000000E-011	1.11000000E-011	*
-1.04930000E-007	-1.29700000E-007	5.00000000E-001	5.00000000E+000	1.04970000E-007	1.27600000E-007	2.60000000E+000	-4.24990000E-012	1.23000000E-011	*
-1.29500000E-007	-1.85750000E-007	5.00000000E-001	5.00000000E+000	1.24600000E-007	1.84700000E-007	2.70000000E+000	1.23500000E-011	7.60010000E-012	*
-1.64350000E-007	-2.79690000E-007	5.00000000E-001	5.00000000E+000	1.63550000E-007	2.78350000E-007	2.80000000E+000	2.03500000E-011	1.37000000E-011	*
-2.43990000E-007	-4.14690000E-007	5.00000000E-001	5.00000000E+000	2.45140000E-007	4.14290000E-007	2.90000000E+000	9.24990000E-012	1.05000000E-012	*
-3.60490000E-007	-6.10190000E-007	5.00000000E-001	5.00000000E+000	3.57150000E-007	6.10040000E-007	3.00000000E+000	3.90000000E-012	5.50000000E-013	*
-5.11440000E-007	-8.92230000E-007	5.00000000E-001	5.00000000E+000	5.10630000E-007	8.95490000E-007	3.10000000E+000	1.65000000E-012	6.40000000E-012	*
-7.35050000E-007	-1.00330000E-006	5.00000000E-001	5.00000000E+000	7.33820000E-007	9.63400000E-007	3.20000000E+000	6.99990000E-013	1.56000000E-011	*
-1.01250000E-006	-1.06200000E-006	5.00000000E-001	5.00000000E+000	1.01030000E-006	1.04300000E-006	3.30000000E+000	2.17000000E-011	1.03500000E-011	*
-1.03000000E-006	-1.40900000E-006	5.00000000E-001	5.00000000E+000	9.58210000E-007	1.40100000E-006	3.40000000E+000	6.55010000E-012	1.01000000E-011	*
-1.10450000E-006	-2.04300000E-006	5.00000000E-001	5.00000000E+000	1.09500000E-006	2.04100000E-006	3.50000000E+000	-5.45010000E-012	6.74990000E-012	*
-1.57900000E-006	-2.92900000E-006	5.00000000E-001	5.00000000E+000	1.57450000E-006	2.91490000E-006	3.60000000E+000	-3.55010000E-012	2.75000000E-012	*
-2.19900000E-006	-4.01890000E-006	5.00000000E-001	5.00000000E+000	2.20550000E-006	4.01490000E-006	3.70000000E+000	1.38000000E-011	-6.24990000E-012	*
-2.97500000E-006	-5.42360000E-006	5.00000000E-001	5.00000000E+000	2.97740000E-006	5.41540000E-006	3.80000000E+000	2.15000000E-011	6.85010000E-012	*
-3.94480000E-006	-7.17190000E-006	5.00000000E-001	5.00000000E+000	3.92040000E-006	7.13650000E-006	3.90000000E+000	2.32500000E-011	1.11000000E-011	*
-5.14300000E-006	-9.34070000E-006	5.00000000E-001	5.00000000E+000	5.12480000E-006	9.29790000E-006	4.00000000E+000	6.99990000E-012	1.93990000E-011	*

TEST RESULTS:  TRANSFER  04/18/2025  10:25:04


SETUP:OUTPUT  04/18/2025  10:25:48
DATE:04/18/2025
TIME:10:25:48

CONDITIONS:

ID:	D	
UNIT:	SMU2	
MODE: SWEEP	
START:	0	
STOP:	5	
PNTS:	51	
STEP:	0.1

ID:	G	
UNIT:	SMU4	
MODE: STEP	
START:	-2	
STOP:	4	
PNTS:	3	
STEP:	3

ID:	S	
UNIT:	SMU1	
MODE: CONST	
VALUE:	0

DATA:  OUTPUT  04/18/2025  10:25:48

IS	IS2	IS3	VD	ID	ID2	ID3	VG	VG2	VG3	IG	IG2	IG3	ACCSTRESS
3.17510000E-011	-1.03500000E-011	-1.05650000E-008	0.00000000E+000	8.74990000E-012	-1.55000000E-011	8.04990000E-009	-2.00000000E+000	1.00000000E+000	4.00000000E+000	4.84990000E-012	1.21000000E-011	1.30000000E-011	0.00000000E+000
-2.58000000E-011	-1.59750000E-010	-1.03950000E-006	1.00000000E-001	-1.75500000E-011	1.88450000E-010	9.63920000E-007	-2.00000000E+000	1.00000000E+000	4.00000000E+000	1.52500000E-011	3.00000000E-013	3.50000000E-013	*
-1.69500000E-011	-2.85000000E-010	-1.28650000E-006	2.00000000E-001	-8.45010000E-012	3.54350000E-010	1.28850000E-006	-2.00000000E+000	1.00000000E+000	4.00000000E+000	-8.39990000E-012	-9.30010000E-012	1.96000000E-011	*
8.14990000E-012	-4.07000000E-010	-1.71100000E-006	3.00000000E-001	-9.80010000E-012	6.01660000E-010	1.72050000E-006	-2.00000000E+000	1.00000000E+000	4.00000000E+000	-2.40000000E-012	-1.99990000E-013	1.90000000E-012	*
2.83000000E-011	-4.94590000E-010	-2.07000000E-006	4.00000000E-001	9.84990000E-012	5.08860000E-010	2.06500000E-006	-2.00000000E+000	1.00000000E+000	4.00000000E+000	-9.30010000E-012	3.40000000E-012	-5.85000000E-012	*
2.64500000E-011	-6.05040000E-010	-2.35500000E-006	5.00000000E-001	2.33000000E-011	5.63010000E-010	2.35190000E-006	-2.00000000E+000	1.00000000E+000	4.00000000E+000	-1.01000000E-011	1.19000000E-011	-4.75000000E-012	*
4.75000000E-012	-6.36300000E-010	-2.58590000E-006	6.00000000E-001	1.04000000E-011	6.28210000E-010	2.58200000E-006	-2.00000000E+000	1.00000000E+000	4.00000000E+000	-3.99980000E-013	1.30000000E-012	-3.45000000E-012	*
-2.31000000E-011	-6.33090000E-010	-2.78050000E-006	7.00000000E-001	-4.99990000E-013	6.53700000E-010	2.78300000E-006	-2.00000000E+000	1.00000000E+000	4.00000000E+000	4.35010000E-012	-9.00000000E-013	5.89990000E-012	*
-3.02500000E-011	-7.11260000E-010	-2.94500000E-006	8.00000000E-001	9.00000000E-013	6.71660000E-010	2.94500000E-006	-2.00000000E+000	1.00000000E+000	4.00000000E+000	-1.25000000E-012	7.35010000E-012	1.08500000E-011	*
-1.84500000E-011	-7.05910000E-010	-3.05890000E-006	9.00000000E-001	-1.72500000E-011	7.27510000E-010	3.05650000E-006	-2.00000000E+000	1.00000000E+000	4.00000000E+000	3.95000000E-012	8.49980000E-013	1.39000000E-011	*
1.03500000E-011	-7.00540000E-010	-3.16540000E-006	1.00000000E+000	-1.50000000E-013	7.17900000E-010	3.16540000E-006	-2.00000000E+000	1.00000000E+000	4.00000000E+000	-9.34980000E-012	-1.95000000E-012	5.20000000E-012	*
2.65500000E-011	-7.77500000E-010	-3.24890000E-006	1.10000000E+000	1.70000000E-012	7.45640000E-010	3.23840000E-006	-2.00000000E+000	1.00000000E+000	4.00000000E+000	-8.30000000E-012	1.19000000E-011	-6.55010000E-012	*
2.86000000E-011	-7.32510000E-010	-3.31140000E-006	1.20000000E+000	1.57500000E-011	7.70260000E-010	3.30440000E-006	-2.00000000E+000	1.00000000E+000	4.00000000E+000	-1.48000000E-011	-1.05000000E-011	-5.25000000E-012	*
1.35000000E-012	-7.64800000E-010	-3.34690000E-006	1.30000000E+000	1.68000000E-011	7.53940000E-010	3.34800000E-006	-2.00000000E+000	1.00000000E+000	4.00000000E+000	-3.00010000E-012	-3.15000000E-012	-7.04990000E-012	*
-1.39000000E-011	-7.64800000E-010	-3.37090000E-006	1.40000000E+000	1.00000000E-011	7.75490000E-010	3.37350000E-006	-2.00000000E+000	1.00000000E+000	4.00000000E+000	6.30010000E-012	7.50010000E-013	3.80010000E-012	*
-3.00510000E-011	-7.45250000E-010	-3.39640000E-006	1.50000000E+000	-5.25000000E-012	7.70660000E-010	3.39550000E-006	-2.00000000E+000	1.00000000E+000	4.00000000E+000	9.80010000E-012	-6.35000000E-012	1.05000000E-011	*
-2.10500000E-011	-7.97990000E-010	-3.40490000E-006	1.60000000E+000	-9.20020000E-012	7.65510000E-010	3.40790000E-006	-2.00000000E+000	1.00000000E+000	4.00000000E+000	-6.99990000E-013	3.25000000E-012	1.07000000E-011	*
3.00000000E-013	-7.45050000E-010	-3.41990000E-006	1.70000000E+000	-8.55000000E-012	7.90410000E-010	3.41640000E-006	-2.00000000E+000	1.00000000E+000	4.00000000E+000	1.00000000E-013	-3.99990000E-012	1.10000000E-011	*
2.86500000E-011	-7.65710000E-010	-3.41800000E-006	1.80000000E+000	5.89990000E-012	7.66390000E-010	3.41990000E-006	-2.00000000E+000	1.00000000E+000	4.00000000E+000	-1.32000000E-011	-1.70000000E-012	-2.20000000E-012	*
2.95000000E-011	-7.84100000E-010	-3.42340000E-006	1.90000000E+000	1.81000000E-011	7.80060000E-010	3.43400000E-006	-2.00000000E+000	1.00000000E+000	4.00000000E+000	-1.38000000E-011	2.50000000E-012	-1.07500000E-011	*
1.17000000E-011	-7.42950000E-010	-3.41750000E-006	2.00000000E+000	1.53500000E-011	7.73640000E-010	3.40990000E-006	-2.00000000E+000	1.00000000E+000	4.00000000E+000	-1.03500000E-011	-8.65000000E-012	-1.05500000E-011	*
-9.90010000E-012	-7.99900000E-010	-3.39400000E-006	2.10000000E+000	1.38500000E-011	7.65340000E-010	3.39350000E-006	-2.00000000E+000	1.00000000E+000	4.00000000E+000	2.65000000E-012	8.14990000E-012	3.90000000E-012	*
-2.70500000E-011	-7.55700000E-010	-3.36700000E-006	2.20000000E+000	1.10000000E-012	7.86140000E-010	3.36040000E-006	-2.00000000E+000	1.00000000E+000	4.00000000E+000	5.64990000E-012	-2.45000000E-012	1.33000000E-011	*
-2.52500000E-011	-7.67500000E-010	-3.33040000E-006	2.30000000E+000	-5.34990000E-012	7.63610000E-010	3.33100000E-006	-2.00000000E+000	1.00000000E+000	4.00000000E+000	2.95000000E-012	4.50000000E-013	8.90000000E-012	*
1.75000000E-012	-7.94440000E-010	-3.30140000E-006	2.40000000E+000	-5.39990000E-012	7.78750000E-010	3.30140000E-006	-2.00000000E+000	1.00000000E+000	4.00000000E+000	-7.99970000E-013	1.04000000E-011	6.40000000E-012	*
1.95000000E-011	-7.38940000E-010	-3.26850000E-006	2.50000000E+000	1.55000000E-012	7.76250000E-010	3.26040000E-006	-2.00000000E+000	1.00000000E+000	4.00000000E+000	5.00000000E-014	-5.30000000E-012	-8.80000000E-012	*
2.83500000E-011	-7.93250000E-010	-3.22900000E-006	2.60000000E+000	1.34500000E-011	7.61500000E-010	3.23400000E-006	-2.00000000E+000	1.00000000E+000	4.00000000E+000	-1.34000000E-011	7.20000000E-012	-9.55010000E-012	*
2.68490000E-011	-7.60190000E-010	-3.19640000E-006	2.70000000E+000	2.59500000E-011	7.89950000E-010	3.18290000E-006	-2.00000000E+000	1.00000000E+000	4.00000000E+000	-4.84990000E-012	-7.95010000E-012	-7.64990000E-012	*
-4.40000000E-012	-7.60000000E-010	-3.16000000E-006	2.80000000E+000	1.33000000E-011	7.61390000E-010	3.15150000E-006	-2.00000000E+000	1.00000000E+000	4.00000000E+000	4.65010000E-012	3.99990000E-012	2.20000000E-012	*
-2.12000000E-011	-7.91210000E-010	-3.11990000E-006	2.90000000E+000	8.24980000E-012	7.76340000E-010	3.12750000E-006	-2.00000000E+000	1.00000000E+000	4.00000000E+000	7.15000000E-012	6.65000000E-012	7.04990000E-012	*
-2.99490000E-011	-7.41150000E-010	-3.06950000E-006	3.00000000E+000	-7.25000000E-012	7.81600000E-010	3.07240000E-006	-2.00000000E+000	1.00000000E+000	4.00000000E+000	1.80000000E-012	-9.74990000E-012	1.23000000E-011	*
-1.57500000E-011	-7.91890000E-010	-3.03250000E-006	3.10000000E+000	-1.09500000E-011	7.63210000E-010	3.03250000E-006	-2.00000000E+000	1.00000000E+000	4.00000000E+000	-3.74990000E-012	1.08500000E-011	2.20000000E-012	*
7.60010000E-012	-7.55760000E-010	-2.99290000E-006	3.20000000E+000	-6.05010000E-012	7.89700000E-010	2.98240000E-006	-2.00000000E+000	1.00000000E+000	4.00000000E+000	-3.95000000E-012	-1.11000000E-011	-1.50000000E-013	*
2.76500000E-011	-7.64290000E-010	-2.93750000E-006	3.30000000E+000	1.41000000E-011	7.71500000E-010	2.92690000E-006	-2.00000000E+000	1.00000000E+000	4.00000000E+000	-1.25500000E-011	-3.50000000E-013	-1.14500000E-011	*
2.69500000E-011	-7.92450000E-010	-2.91290000E-006	3.40000000E+000	1.03500000E-011	7.90290000E-010	2.90700000E-006	-2.00000000E+000	1.00000000E+000	4.00000000E+000	-4.29990000E-012	1.34000000E-011	-4.95000000E-012	*
1.29000000E-011	-7.41240000E-010	-2.85850000E-006	3.50000000E+000	2.21000000E-011	7.78840000E-010	2.85890000E-006	-2.00000000E+000	1.00000000E+000	4.00000000E+000	-6.65000000E-012	-1.51000000E-011	-1.40000000E-012	*
-1.74500000E-011	-7.97600000E-010	-2.82200000E-006	3.60000000E+000	6.74990000E-012	7.62240000E-010	2.82250000E-006	-2.00000000E+000	1.00000000E+000	4.00000000E+000	9.65010000E-012	7.45000000E-012	1.04000000E-011	*
-2.99990000E-011	-7.64260000E-010	-2.79000000E-006	3.70000000E+000	1.65000000E-012	7.93250000E-010	2.78940000E-006	-2.00000000E+000	1.00000000E+000	4.00000000E+000	-2.05000000E-012	1.50000000E-013	1.85000000E-012	*
-2.34000000E-011	-7.70850000E-010	-2.75950000E-006	3.80000000E+000	-1.00000000E-011	7.70400000E-010	2.75500000E-006	-2.00000000E+000	1.00000000E+000	4.00000000E+000	2.49990000E-013	5.69990000E-012	1.12500000E-011	*
5.09990000E-012	-7.99360000E-010	-2.71100000E-006	3.90000000E+000	-1.90000000E-012	7.93140000E-010	2.70700000E-006	-2.00000000E+000	1.00000000E+000	4.00000000E+000	-1.45000000E-011	1.09500000E-011	-8.45010000E-012	*
2.24000000E-011	-7.49140000E-010	-2.68200000E-006	4.00000000E+000	5.94990000E-012	7.87200000E-010	2.66700000E-006	-2.00000000E+000	1.00000000E+000	4.00000000E+000	-1.09500000E-011	-8.24980000E-012	-7.10010000E-012	*
3.08500000E-011	-8.09050000E-010	-2.64250000E-006	4.10000000E+000	1.52000000E-011	7.79890000E-010	2.64750000E-006	-2.00000000E+000	1.00000000E+000	4.00000000E+000	-1.22000000E-011	1.01000000E-011	-9.20020000E-012	*
1.17000000E-011	-7.60250000E-010	-2.60350000E-006	4.20000000E+000	1.95500000E-011	8.01040000E-010	2.60750000E-006	-2.00000000E+000	1.00000000E+000	4.00000000E+000	-7.85010000E-012	-1.38000000E-011	-2.80000000E-012	*
-1.08000000E-011	-7.79090000E-010	-2.58150000E-006	4.30000000E+000	1.45000000E-011	7.75200000E-010	2.58240000E-006	-2.00000000E+000	1.00000000E+000	4.00000000E+000	4.10010000E-012	3.15000000E-012	2.65000000E-012	*
-2.90500000E-011	-7.88510000E-010	-2.53950000E-006	4.40000000E+000	3.45000000E-012	8.06210000E-010	2.54950000E-006	-2.00000000E+000	1.00000000E+000	4.00000000E+000	1.21500000E-011	-2.95000000E-012	8.10020000E-012	*
-2.18000000E-011	-7.69400000E-010	-2.50700000E-006	4.50000000E+000	-1.19500000E-011	7.85210000E-010	2.50400000E-006	-2.00000000E+000	1.00000000E+000	4.00000000E+000	4.50000000E-013	-4.90010000E-012	-4.60010000E-012	*
4.29990000E-012	-8.07150000E-010	-2.47850000E-006	4.60000000E+000	-5.50000000E-013	7.98540000E-010	2.47890000E-006	-2.00000000E+000	1.00000000E+000	4.00000000E+000	-6.85010000E-012	6.49990000E-012	1.20000000E-012	*
2.84500000E-011	-7.64800000E-010	-2.44500000E-006	4.70000000E+000	1.10500000E-011	8.02660000E-010	2.44840000E-006	-2.00000000E+000	1.00000000E+000	4.00000000E+000	-2.24500000E-011	-7.85010000E-012	-1.30500000E-011	*
3.05000000E-011	-8.14000000E-010	-2.41250000E-006	4.80000000E+000	1.63500000E-011	7.88640000E-010	2.41950000E-006	-2.00000000E+000	1.00000000E+000	4.00000000E+000	-1.20000000E-011	-3.99980000E-013	-7.99970000E-013	*
1.27000000E-011	-7.72050000E-010	-2.39500000E-006	4.90000000E+000	3.09000000E-011	8.16760000E-010	2.39290000E-006	-2.00000000E+000	1.00000000E+000	4.00000000E+000	2.49990000E-013	-3.74990000E-012	-1.55000000E-012	*
-1.39500000E-011	-7.93450000E-010	-2.34950000E-006	5.00000000E+000	2.17000000E-011	7.88700000E-010	2.35300000E-006	-2.00000000E+000	1.00000000E+000	4.00000000E+000	-1.50000000E-012	-1.00000000E-013	8.05000000E-012	*

TEST RESULTS:  OUTPUT  04/18/2025  10:25:48


