ATTRIBUTES:

Attribute #1:C:\Metrics\ics\projects\6.2600J_S25\transistor_measurement.ics
Attribute #2:Test
Attribute #3:dev1
Attribute #4:PASSED
SETUP:TRANSFER  04/18/2025  10:19:29
DATE:04/18/2025
TIME:10:19:29

CONDITIONS:

ID:	D	
UNIT:	SMU2	
MODE: STEP	
START:	0.5	
STOP:	5	
PNTS:	2	
STEP:	4.5

ID:	G	
UNIT:	SMU4	
MODE: SWEEP	
START:	-2	
STOP:	4	
PNTS:	61	
STEP:	0.1

ID:	S	
UNIT:	SMU1	
MODE: CONST	
VALUE:	0

DATA:  TRANSFER  04/18/2025  10:19:29

IS	IS2	VD	VD2	ID	ID2	VG	IG	IG2	ACCSTRESS
1.78250000E-010	-1.58050000E-010	5.00000000E-001	5.00000000E+000	-1.25000000E-011	-2.38340000E-010	-2.00000000E+000	-9.48500000E-011	-3.84600000E-010	0.00000000E+000
2.12500000E-011	2.81500000E-010	5.00000000E-001	5.00000000E+000	-4.10850000E-010	-1.43000000E-011	-1.90000000E+000	-4.18990000E-010	-4.46450000E-010	*
3.25660000E-010	4.38600000E-010	5.00000000E-001	5.00000000E+000	3.02000000E-011	2.73200000E-010	-1.80000000E+000	-4.53990000E-010	-3.75010000E-011	*
4.05650000E-010	1.35700000E-010	5.00000000E-001	5.00000000E+000	3.33600000E-010	4.15250000E-010	-1.70000000E+000	3.35000000E-011	3.19350000E-010	*
1.45000000E-012	-2.17450000E-010	5.00000000E-001	5.00000000E+000	4.00350000E-010	1.36700000E-010	-1.60000000E+000	3.95540000E-010	4.54410000E-010	*
-3.01550000E-010	-4.73390000E-010	5.00000000E-001	5.00000000E+000	-1.20500000E-011	-1.70250000E-010	-1.50000000E+000	4.55800000E-010	2.19250000E-010	*
-4.24390000E-010	-3.63600000E-010	5.00000000E-001	5.00000000E+000	-2.78800000E-010	-4.47950000E-010	-1.40000000E+000	1.22000000E-011	-1.92800000E-010	*
-1.19500000E-010	1.08300000E-010	5.00000000E-001	5.00000000E+000	-4.14640000E-010	-3.34590000E-010	-1.30000000E+000	-3.02250000E-010	-4.79990000E-010	*
2.18650000E-010	4.29490000E-010	5.00000000E-001	5.00000000E+000	-1.19100000E-010	1.31550000E-010	-1.20000000E+000	-4.47950000E-010	-3.32750000E-010	*
4.49250000E-010	4.12400000E-010	5.00000000E-001	5.00000000E+000	2.36000000E-010	4.34550000E-010	-1.10000000E+000	-9.77990000E-011	1.54100000E-010	*
2.12500000E-010	-1.03250000E-010	5.00000000E-001	5.00000000E+000	4.18350000E-010	3.37450000E-010	-1.00000000E+000	2.81100000E-010	4.97490000E-010	*
-2.09750000E-010	-4.40150000E-010	5.00000000E-001	5.00000000E+000	1.32950000E-010	-1.32650000E-010	-9.00000000E-001	4.52840000E-010	3.05150000E-010	*
-4.61450000E-010	-4.18550000E-010	5.00000000E-001	5.00000000E+000	-2.11950000E-010	-4.24150000E-010	-8.00000000E-001	1.43800000E-010	-1.39200000E-010	*
-4.25540000E-010	5.73000000E-011	5.00000000E-001	5.00000000E+000	-4.20560000E-010	-3.99300000E-010	-7.00000000E-001	-1.26350000E-010	-4.51950000E-010	*
5.14010000E-011	3.01160000E-010	5.00000000E-001	5.00000000E+000	-4.05700000E-010	8.30000000E-012	-6.00000000E-001	-4.40190000E-010	-4.51810000E-010	*
3.52540000E-010	4.43900000E-010	5.00000000E-001	5.00000000E+000	6.47480000E-011	2.57400000E-010	-5.00000000E-001	-4.39100000E-010	-6.98500000E-011	*
3.89090000E-010	1.66300000E-010	5.00000000E-001	5.00000000E+000	4.07350000E-010	4.19400000E-010	-4.00000000E-001	9.07510000E-011	3.05700000E-010	*
-1.15350000E-010	-2.43500000E-010	5.00000000E-001	5.00000000E+000	4.91500000E-010	8.55000000E-011	-3.00000000E-001	4.42260000E-010	4.42950000E-010	*
-5.04860000E-010	-4.43950000E-010	5.00000000E-001	5.00000000E+000	9.76500000E-011	-2.45750000E-010	-2.00000000E-001	4.46940000E-010	7.79000000E-011	*
-7.12700000E-010	-2.33200000E-010	5.00000000E-001	5.00000000E+000	-8.51510000E-011	-4.09900000E-010	-1.00000000E-001	-6.26490000E-011	-2.48190000E-010	*
-6.10950000E-010	1.53250000E-010	5.00000000E-001	5.00000000E+000	8.96990000E-011	-1.53950000E-010	0.00000000E+000	-2.96550000E-010	-4.56950000E-010	*
-2.88990000E-010	3.74950000E-010	5.00000000E-001	5.00000000E+000	2.93000000E-010	2.21550000E-010	1.00000000E-001	4.58000000E-010	-2.92150000E-010	*
-1.62900000E-009	2.88000000E-010	5.00000000E-001	5.00000000E+000	9.80490000E-010	5.51610000E-010	2.00000000E-001	3.97500000E-010	1.01200000E-010	*
-2.19140000E-009	-3.25400000E-010	5.00000000E-001	5.00000000E+000	1.38540000E-009	6.54890000E-010	3.00000000E-001	-7.19000000E-011	4.73360000E-010	*
-2.75100000E-009	-8.44810000E-010	5.00000000E-001	5.00000000E+000	2.37550000E-009	3.72100000E-010	4.00000000E-001	-3.79340000E-010	4.00940000E-010	*
-3.64640000E-009	-1.05130000E-009	5.00000000E-001	5.00000000E+000	3.93490000E-009	3.72890000E-010	5.00000000E-001	-4.44800000E-010	-1.25200000E-010	*
-5.23230000E-009	-8.35480000E-010	5.00000000E-001	5.00000000E+000	5.82690000E-009	1.12800000E-009	6.00000000E-001	-1.02600000E-010	3.48050000E-010	*
-7.83170000E-009	-1.67850000E-009	5.00000000E-001	5.00000000E+000	8.58790000E-009	1.41350000E-009	7.00000000E-001	1.91500000E-010	4.37250000E-010	*
-7.35490000E-009	-2.72600000E-009	5.00000000E-001	5.00000000E+000	7.79570000E-009	2.03340000E-009	8.00000000E-001	3.64150000E-010	5.63990000E-011	*
-1.04860000E-008	-3.83150000E-009	5.00000000E-001	5.00000000E+000	9.68840000E-009	3.27040000E-009	9.00000000E-001	-1.04450000E-010	-2.59400000E-010	*
-1.28150000E-008	-5.61390000E-009	5.00000000E-001	5.00000000E+000	1.21200000E-008	5.65840000E-009	1.00000000E+000	1.49650000E-010	-4.53890000E-010	*
-1.70600000E-008	-8.74250000E-009	5.00000000E-001	5.00000000E+000	1.80750000E-008	9.41330000E-009	1.10000000E+000	4.66460000E-010	-2.26000000E-010	*
-2.48800000E-008	-1.26000000E-008	5.00000000E-001	5.00000000E+000	2.52400000E-008	1.04950000E-008	1.20000000E+000	4.32190000E-010	-3.45250000E-010	*
-3.78060000E-008	-1.57000000E-008	5.00000000E-001	5.00000000E+000	3.71800000E-008	1.64700000E-008	1.30000000E+000	-6.11000000E-011	1.02400000E-010	*
-5.67000000E-008	-2.51450000E-008	5.00000000E-001	5.00000000E+000	5.55390000E-008	2.57050000E-008	1.40000000E+000	-3.58990000E-010	4.46850000E-010	*
-8.16760000E-008	-3.88700000E-008	5.00000000E-001	5.00000000E+000	8.12030000E-008	3.88100000E-008	1.50000000E+000	-4.31040000E-010	4.58950000E-010	*
-9.03890000E-008	-5.91500000E-008	5.00000000E-001	5.00000000E+000	8.27170000E-008	5.83750000E-008	1.60000000E+000	2.64250000E-010	4.64000000E-011	*
-1.05150000E-007	-8.98650000E-008	5.00000000E-001	5.00000000E+000	1.00340000E-007	8.76610000E-008	1.70000000E+000	-4.62510000E-010	-2.63800000E-010	*
-1.27300000E-007	-1.00150000E-007	5.00000000E-001	5.00000000E+000	1.29400000E-007	9.67950000E-008	1.80000000E+000	3.50060000E-010	-4.90560000E-010	*
-1.93800000E-007	-1.25200000E-007	5.00000000E-001	5.00000000E+000	1.95050000E-007	1.22690000E-007	1.90000000E+000	4.46090000E-010	4.36760000E-010	*
-2.78490000E-007	-1.79950000E-007	5.00000000E-001	5.00000000E+000	2.75640000E-007	1.79350000E-007	2.00000000E+000	7.33000000E-011	7.96480000E-011	*
-4.00190000E-007	-2.70550000E-007	5.00000000E-001	5.00000000E+000	4.00190000E-007	2.64640000E-007	2.10000000E+000	-2.31150000E-010	-1.94950000E-010	*
-5.65980000E-007	-3.90400000E-007	5.00000000E-001	5.00000000E+000	5.56700000E-007	3.91900000E-007	2.20000000E+000	-4.76800000E-010	-4.82460000E-010	*
-7.76580000E-007	-5.76950000E-007	5.00000000E-001	5.00000000E+000	7.81030000E-007	5.75880000E-007	2.30000000E+000	-3.01850000E-010	-2.92700000E-010	*
-9.89180000E-007	-8.31170000E-007	5.00000000E-001	5.00000000E+000	9.60310000E-007	8.25590000E-007	2.40000000E+000	-3.73100000E-010	1.68900000E-010	*
-1.04300000E-006	-9.46340000E-007	5.00000000E-001	5.00000000E+000	9.92910000E-007	9.18200000E-007	2.50000000E+000	1.85000000E-011	4.49100000E-010	*
-1.14700000E-006	-1.05500000E-006	5.00000000E-001	5.00000000E+000	1.14750000E-006	1.03450000E-006	2.60000000E+000	-7.88990000E-011	4.24500000E-011	*
-1.61200000E-006	-1.39400000E-006	5.00000000E-001	5.00000000E+000	1.62250000E-006	1.38850000E-006	2.70000000E+000	2.71400000E-010	-2.86940000E-010	*
-2.22490000E-006	-2.04900000E-006	5.00000000E-001	5.00000000E+000	2.22050000E-006	2.05040000E-006	2.80000000E+000	5.09860000E-010	-4.84560000E-010	*
-2.96540000E-006	-2.91490000E-006	5.00000000E-001	5.00000000E+000	2.95350000E-006	2.89790000E-006	2.90000000E+000	3.49440000E-010	-3.22400000E-010	*
-3.88690000E-006	-4.10040000E-006	5.00000000E-001	5.00000000E+000	3.88640000E-006	4.07200000E-006	3.00000000E+000	-1.32400000E-010	1.46700000E-010	*
-5.02890000E-006	-5.61540000E-006	5.00000000E-001	5.00000000E+000	5.04500000E-006	5.57440000E-006	3.10000000E+000	-4.53850000E-010	4.67250000E-010	*
-6.29650000E-006	-7.59240000E-006	5.00000000E-001	5.00000000E+000	6.28390000E-006	7.61290000E-006	3.20000000E+000	-4.36340000E-010	4.38310000E-010	*
-7.78120000E-006	-1.02020000E-005	5.00000000E-001	5.00000000E+000	7.73370000E-006	1.01170000E-005	3.30000000E+000	9.20010000E-011	-5.25000000E-011	*
-9.32350000E-006	-1.01060000E-005	5.00000000E-001	5.00000000E+000	9.33370000E-006	9.64340000E-006	3.40000000E+000	4.58600000E-010	-4.42360000E-010	*
-9.69370000E-006	-9.49810000E-006	5.00000000E-001	5.00000000E+000	9.54650000E-006	9.27510000E-006	3.50000000E+000	2.22700000E-010	2.52140000E-010	*
-9.03290000E-006	-9.90880000E-006	5.00000000E-001	5.00000000E+000	8.68320000E-006	9.65740000E-006	3.60000000E+000	-4.58800000E-010	3.75350000E-010	*
-9.35140000E-006	-1.06350000E-005	5.00000000E-001	5.00000000E+000	9.33700000E-006	1.03700000E-005	3.70000000E+000	4.02010000E-011	-3.13490000E-011	*
-9.57030000E-006	-1.32000000E-005	5.00000000E-001	5.00000000E+000	9.23220000E-006	1.31850000E-005	3.80000000E+000	-3.54400000E-010	3.12750000E-010	*
-1.02070000E-005	-1.83850000E-005	5.00000000E-001	5.00000000E+000	1.01920000E-005	1.82450000E-005	3.90000000E+000	-4.44640000E-010	4.55540000E-010	*
-1.06450000E-005	-2.44000000E-005	5.00000000E-001	5.00000000E+000	1.04550000E-005	2.43050000E-005	4.00000000E+000	2.94010000E-011	8.18010000E-011	*

TEST RESULTS:  TRANSFER  04/18/2025  10:19:29


SETUP:OUTPUT  04/18/2025  10:20:13
DATE:04/18/2025
TIME:10:20:13

CONDITIONS:

ID:	D	
UNIT:	SMU2	
MODE: SWEEP	
START:	0	
STOP:	5	
PNTS:	51	
STEP:	0.1

ID:	G	
UNIT:	SMU4	
MODE: STEP	
START:	-2	
STOP:	4	
PNTS:	3	
STEP:	3

ID:	S	
UNIT:	SMU1	
MODE: CONST	
VALUE:	0

DATA:  OUTPUT  04/18/2025  10:20:13

IS	IS2	IS3	VD	ID	ID2	ID3	VG	VG2	VG3	IG	IG2	IG3	ACCSTRESS
-5.40950000E-010	3.12450000E-010	-1.30900000E-008	0.00000000E+000	-5.73750000E-010	4.25540000E-010	1.16950000E-008	-2.00000000E+000	1.00000000E+000	4.00000000E+000	-5.69090000E-010	6.05010000E-010	-4.68000000E-011	0.00000000E+000
5.86260000E-010	-1.39800000E-009	-2.90490000E-006	1.00000000E-001	3.20650000E-010	1.06100000E-009	2.79400000E-006	-2.00000000E+000	1.00000000E+000	4.00000000E+000	-1.17050000E-010	2.76000000E-010	4.39660000E-010	*
2.34750000E-010	-1.73000000E-009	-4.29340000E-006	2.00000000E-001	5.40840000E-010	1.94600000E-009	4.28290000E-006	-2.00000000E+000	1.00000000E+000	4.00000000E+000	3.72690000E-010	6.47250000E-010	-1.77150000E-010	*
-2.87660000E-010	-2.73390000E-009	-5.92600000E-006	3.00000000E-001	1.33900000E-010	2.10590000E-009	5.92650000E-006	-2.00000000E+000	1.00000000E+000	4.00000000E+000	5.73410000E-010	5.27140000E-010	-6.21950000E-010	*
-5.81310000E-010	-3.35550000E-009	-7.44990000E-006	4.00000000E-001	-3.16300000E-010	2.37800000E-009	7.46590000E-006	-2.00000000E+000	1.00000000E+000	4.00000000E+000	1.04200000E-010	-4.73510000E-011	-5.32910000E-010	*
-3.03440000E-010	-3.55740000E-009	-8.79680000E-006	5.00000000E-001	-5.55100000E-010	2.87190000E-009	8.84760000E-006	-2.00000000E+000	1.00000000E+000	4.00000000E+000	-3.24950000E-010	-3.80150000E-010	1.12550000E-010	*
2.06400000E-010	-3.64040000E-009	-1.00790000E-005	6.00000000E-001	-2.88250000E-010	3.60240000E-009	1.00550000E-005	-2.00000000E+000	1.00000000E+000	4.00000000E+000	-6.14190000E-010	-6.30000000E-010	5.80740000E-010	*
6.02710000E-010	-3.71490000E-009	-1.07650000E-005	7.00000000E-001	2.37050000E-010	4.56630000E-009	1.07900000E-005	-2.00000000E+000	1.00000000E+000	4.00000000E+000	-2.71900000E-010	-3.56190000E-010	5.98490000E-011	*
4.27900000E-010	-4.12750000E-009	-1.16150000E-005	8.00000000E-001	5.86460000E-010	5.22230000E-009	1.15700000E-005	-2.00000000E+000	1.00000000E+000	4.00000000E+000	2.75500000E-010	1.97150000E-010	-3.85650000E-010	*
-1.79850000E-010	-5.01490000E-009	-1.23600000E-005	9.00000000E-001	3.25560000E-010	5.41700000E-009	1.23450000E-005	-2.00000000E+000	1.00000000E+000	4.00000000E+000	6.14110000E-010	6.17210000E-010	-6.04360000E-010	*
-5.95410000E-010	-5.60930000E-009	-1.31000000E-005	1.00000000E+000	-2.11050000E-010	5.00080000E-009	1.31700000E-005	-2.00000000E+000	1.00000000E+000	4.00000000E+000	2.94550000E-010	5.07950000E-010	-4.00350000E-010	*
-4.70550000E-010	-5.79690000E-009	-1.37600000E-005	1.10000000E+000	-5.78550000E-010	4.76640000E-009	1.37000000E-005	-2.00000000E+000	1.00000000E+000	4.00000000E+000	-2.39200000E-010	-1.05800000E-010	1.76350000E-010	*
1.04600000E-010	-5.26940000E-009	-1.41650000E-005	1.20000000E+000	-4.56200000E-010	4.74390000E-009	1.41600000E-005	-2.00000000E+000	1.00000000E+000	4.00000000E+000	-6.29260000E-010	-5.05050000E-010	6.11610000E-010	*
5.17840000E-010	-4.94630000E-009	-1.45650000E-005	1.30000000E+000	1.14450000E-010	5.28600000E-009	1.46050000E-005	-2.00000000E+000	1.00000000E+000	4.00000000E+000	-5.02440000E-010	-5.79210000E-010	5.48000000E-010	*
5.40440000E-010	-4.77940000E-009	-1.49700000E-005	1.40000000E+000	5.38450000E-010	5.73430000E-009	1.49900000E-005	-2.00000000E+000	1.00000000E+000	4.00000000E+000	1.49500000E-010	-9.25490000E-011	-8.36490000E-011	*
-9.83500000E-011	-5.07040000E-009	-1.53500000E-005	1.50000000E+000	4.68390000E-010	5.93130000E-009	1.52800000E-005	-2.00000000E+000	1.00000000E+000	4.00000000E+000	6.12260000E-010	3.50590000E-010	-5.16310000E-010	*
-5.25540000E-010	-5.58540000E-009	-1.54850000E-005	1.60000000E+000	-1.34150000E-010	5.59930000E-009	1.54550000E-005	-2.00000000E+000	1.00000000E+000	4.00000000E+000	4.66800000E-010	6.14190000E-010	-5.86540000E-010	*
-5.48110000E-010	-5.96290000E-009	-1.55340000E-005	1.70000000E+000	-5.13150000E-010	5.21590000E-009	1.55150000E-005	-2.00000000E+000	1.00000000E+000	4.00000000E+000	-1.36600000E-010	3.63040000E-010	-9.74010000E-011	*
4.64000000E-011	-5.86240000E-009	-1.56690000E-005	1.80000000E+000	-5.17990000E-010	4.82190000E-009	1.56550000E-005	-2.00000000E+000	1.00000000E+000	4.00000000E+000	-5.65530000E-010	-2.10300000E-010	2.94190000E-010	*
4.22450000E-010	-5.25730000E-009	-1.57500000E-005	1.90000000E+000	4.21490000E-011	4.87240000E-009	1.57350000E-005	-2.00000000E+000	1.00000000E+000	4.00000000E+000	-5.80140000E-010	-6.02800000E-010	6.35540000E-010	*
5.26000000E-010	-4.92450000E-009	-1.56800000E-005	2.00000000E+000	4.39500000E-010	5.53180000E-009	1.56400000E-005	-2.00000000E+000	1.00000000E+000	4.00000000E+000	4.44500000E-011	-5.87700000E-010	3.35550000E-010	*
6.07510000E-011	-4.91650000E-009	-1.55700000E-005	2.10000000E+000	5.05390000E-010	5.91580000E-009	1.55400000E-005	-2.00000000E+000	1.00000000E+000	4.00000000E+000	4.88540000E-010	3.94990000E-011	-2.31050000E-010	*
-2.96990000E-010	-5.43130000E-009	-1.55850000E-005	2.20000000E+000	1.21050000E-010	6.01880000E-009	1.55800000E-005	-2.00000000E+000	1.00000000E+000	4.00000000E+000	5.65310000E-010	4.70610000E-010	-6.44410000E-010	*
-5.85460000E-010	-5.88030000E-009	-1.53750000E-005	2.30000000E+000	-3.14200000E-010	5.53750000E-009	1.53600000E-005	-2.00000000E+000	1.00000000E+000	4.00000000E+000	1.08050000E-010	5.66100000E-010	-4.92750000E-010	*
-2.91150000E-010	-6.13040000E-009	-1.51750000E-005	2.40000000E+000	-5.51210000E-010	5.19230000E-009	1.51900000E-005	-2.00000000E+000	1.00000000E+000	4.00000000E+000	-3.35740000E-010	4.11490000E-011	1.33350000E-010	*
2.36400000E-010	-5.69300000E-009	-1.51500000E-005	2.50000000E+000	-2.37800000E-010	5.01790000E-009	1.51750000E-005	-2.00000000E+000	1.00000000E+000	4.00000000E+000	-6.09300000E-010	-3.88650000E-010	5.79460000E-010	*
6.12880000E-010	-5.25850000E-009	-1.50100000E-005	2.60000000E+000	2.71240000E-010	5.35830000E-009	1.49950000E-005	-2.00000000E+000	1.00000000E+000	4.00000000E+000	-2.14700000E-010	-6.03790000E-010	5.83160000E-010	*
3.85650000E-010	-4.80530000E-009	-1.47600000E-005	2.70000000E+000	5.83160000E-010	5.67140000E-009	1.47600000E-005	-2.00000000E+000	1.00000000E+000	4.00000000E+000	3.12550000E-010	-3.29910000E-010	-5.74490000E-011	*
-2.11400000E-010	-4.83150000E-009	-1.46100000E-005	2.80000000E+000	2.72290000E-010	5.93190000E-009	1.46250000E-005	-2.00000000E+000	1.00000000E+000	4.00000000E+000	6.01490000E-010	1.59000000E-010	-4.63800000E-010	*
-5.76050000E-010	-5.39830000E-009	-1.44600000E-005	2.90000000E+000	-1.86800000E-010	5.85650000E-009	1.44350000E-005	-2.00000000E+000	1.00000000E+000	4.00000000E+000	3.46700000E-010	5.90890000E-010	-5.98500000E-010	*
-5.11790000E-010	-5.88030000E-009	-1.40850000E-005	3.00000000E+000	-5.55760000E-010	5.33240000E-009	1.41350000E-005	-2.00000000E+000	1.00000000E+000	4.00000000E+000	-1.95600000E-010	5.56300000E-010	-2.40600000E-010	*
9.14010000E-011	-5.94330000E-009	-1.37950000E-005	3.10000000E+000	-4.81800000E-010	4.93200000E-009	1.38300000E-005	-2.00000000E+000	1.00000000E+000	4.00000000E+000	-5.99040000E-010	-7.66000000E-011	2.60140000E-010	*
5.27650000E-010	-5.36080000E-009	-1.35650000E-005	3.20000000E+000	1.28900000E-010	4.87740000E-009	1.35900000E-005	-2.00000000E+000	1.00000000E+000	4.00000000E+000	-4.99310000E-010	-4.93740000E-010	6.42780000E-010	*
5.41290000E-010	-4.95950000E-009	-1.32850000E-005	3.30000000E+000	5.46040000E-010	5.37490000E-009	1.32200000E-005	-2.00000000E+000	1.00000000E+000	4.00000000E+000	1.50450000E-010	-5.78550000E-010	4.86610000E-010	*
-2.35000000E-011	-4.83900000E-009	-1.31050000E-005	3.40000000E+000	5.26710000E-010	5.78230000E-009	1.31200000E-005	-2.00000000E+000	1.00000000E+000	4.00000000E+000	5.62410000E-010	-1.42300000E-010	-1.34800000E-010	*
-4.18350000E-010	-4.97040000E-009	-1.29650000E-005	3.50000000E+000	-3.70500000E-011	6.01380000E-009	1.28750000E-005	-2.00000000E+000	1.00000000E+000	4.00000000E+000	5.69060000E-010	2.59500000E-010	-5.76190000E-010	*
-5.67500000E-010	-5.51290000E-009	-1.27600000E-005	3.60000000E+000	-3.45550000E-010	5.79690000E-009	1.27350000E-005	-2.00000000E+000	1.00000000E+000	4.00000000E+000	5.41510000E-011	6.41650000E-010	-5.93100000E-010	*
-3.65700000E-010	-5.92440000E-009	-1.25800000E-005	3.70000000E+000	-5.64600000E-010	5.20050000E-009	1.25700000E-005	-2.00000000E+000	1.00000000E+000	4.00000000E+000	-3.00010000E-010	4.11800000E-010	4.79990000E-012	*
1.40000000E-010	-5.89740000E-009	-1.22150000E-005	3.80000000E+000	-4.03150000E-010	4.84190000E-009	1.23000000E-005	-2.00000000E+000	1.00000000E+000	4.00000000E+000	-6.39890000E-010	-1.66350000E-010	4.44200000E-010	*
5.64450000E-010	-5.26390000E-009	-1.21350000E-005	3.90000000E+000	1.69900000E-010	4.82280000E-009	1.21650000E-005	-2.00000000E+000	1.00000000E+000	4.00000000E+000	-4.12500000E-010	-5.74060000E-010	6.23200000E-010	*
5.03350000E-010	-4.85830000E-009	-1.19400000E-005	4.00000000E+000	5.74350000E-010	5.41200000E-009	1.18800000E-005	-2.00000000E+000	1.00000000E+000	4.00000000E+000	2.22250000E-010	-5.91990000E-010	3.48850000E-010	*
-1.40650000E-010	-4.77600000E-009	-1.17550000E-005	4.10000000E+000	4.14150000E-010	5.78190000E-009	1.17550000E-005	-2.00000000E+000	1.00000000E+000	4.00000000E+000	6.37240000E-010	3.80000000E-011	-2.07950000E-010	*
-5.58800000E-010	-5.21980000E-009	-1.15450000E-005	4.20000000E+000	-1.59450000E-010	5.85390000E-009	1.15400000E-005	-2.00000000E+000	1.00000000E+000	4.00000000E+000	3.96700000E-010	4.53000000E-010	-5.94210000E-010	*
-5.42660000E-010	-5.65930000E-009	-1.14350000E-005	4.30000000E+000	-5.32140000E-010	5.43830000E-009	1.13700000E-005	-2.00000000E+000	1.00000000E+000	4.00000000E+000	-1.57700000E-010	5.68150000E-010	-5.88360000E-010	*
4.65010000E-012	-5.95950000E-009	-1.11700000E-005	4.40000000E+000	-5.13100000E-010	5.07930000E-009	1.11850000E-005	-2.00000000E+000	1.00000000E+000	4.00000000E+000	-5.25010000E-010	1.08600000E-010	4.48990000E-011	*
4.03450000E-010	-5.67890000E-009	-1.10700000E-005	4.50000000E+000	2.42000000E-011	4.84330000E-009	1.10900000E-005	-2.00000000E+000	1.00000000E+000	4.00000000E+000	-5.86340000E-010	-3.19540000E-010	4.69440000E-010	*
5.55640000E-010	-5.25230000E-009	-1.09150000E-005	4.60000000E+000	3.87500000E-010	5.03680000E-009	1.08800000E-005	-2.00000000E+000	1.00000000E+000	4.00000000E+000	-2.18000000E-011	-6.46390000E-010	6.00410000E-010	*
1.57050000E-010	-4.79100000E-009	-1.07600000E-005	4.70000000E+000	5.36600000E-010	5.56090000E-009	1.07600000E-005	-2.00000000E+000	1.00000000E+000	4.00000000E+000	4.29750000E-010	-4.48000000E-010	2.16200000E-010	*
-3.11100000E-010	-4.75600000E-009	-1.07100000E-005	4.80000000E+000	1.10050000E-010	5.88830000E-009	1.07650000E-005	-2.00000000E+000	1.00000000E+000	4.00000000E+000	5.69260000E-010	1.33250000E-010	-2.83700000E-010	*
-5.79860000E-010	-5.33240000E-009	-1.04950000E-005	4.90000000E+000	-3.26050000E-010	5.89330000E-009	1.05050000E-005	-2.00000000E+000	1.00000000E+000	4.00000000E+000	8.00990000E-011	5.12300000E-010	-6.44750000E-010	*
-1.97050000E-010	-5.71480000E-009	-1.04850000E-005	5.00000000E+000	-5.30290000E-010	5.31350000E-009	1.04500000E-005	-2.00000000E+000	1.00000000E+000	4.00000000E+000	-3.87300000E-010	5.81730000E-010	-4.24390000E-010	*

TEST RESULTS:  OUTPUT  04/18/2025  10:20:13


