ATTRIBUTES:

Attribute #1:C:\Metrics\ics\projects\6.2600J_S25\buonato_NOT.ics
Attribute #2:Test
Attribute #3:dev1
Attribute #4:PASSED
SETUP:NOT  04/18/2025  10:58:29
DATE:04/18/2025
TIME:10:58:29

CONDITIONS:

ID:	VDD	
UNIT:	SMU4	
MODE: STEP	
START:	4	
STOP:	10	
PNTS:	4	
STEP:	2

ID:	I0P	
UNIT:	SMU1	
MODE: SWEEP	
START:	3	
STOP:	10	
PNTS:	36	
STEP:	0.2

ID:	VSS	
UNIT:	SMU2	
START:	0	
STOP:	1	
PNTS:	1	
	STEP:	0

ID:	OUT	
UNIT:	SMU3	
MODE: CONST	
VALUE:	0

DATA:  NOT  04/18/2025  10:58:29

VI0P	II0P	II0P2	II0P3	II0P4	IVSS	IVSS2	IVSS3	IVSS4	VOUT	VOUT2	VOUT3	VOUT4	VVDD	VVDD2	VVDD3	VVDD4	IVDD	IVDD2	IVDD3	IVDD4
3.00000000E+000	2.29000000E-011	-2.75000000E-011	-1.90000000E-011	1.13000000E-011	-1.42150000E-006	-1.27500000E-011	-1.05000000E-011	1.24500000E-011	3.72690000E+000	6.00000000E+000	8.00100000E+000	1.00000000E+001	4.00000000E+000	6.00000000E+000	8.00000000E+000	1.00000000E+001	1.37150000E-006	1.13500000E-011	1.44000000E-011	4.54000000E-011
3.20000000E+000	-2.24500000E-011	-2.78000000E-011	-1.93000000E-011	2.23000000E-011	-2.42450000E-006	-4.84990000E-012	7.10010000E-012	1.50500000E-011	3.53300000E+000	6.00000000E+000	8.00100000E+000	1.00000000E+001	4.00000000E+000	6.00000000E+000	8.00000000E+000	1.00000000E+001	2.43340000E-006	2.00000000E-011	2.26000000E-011	-7.60010000E-012
3.40000000E+000	1.22000000E-011	3.04010000E-011	2.95000000E-011	-3.06490000E-011	-4.05060000E-006	1.14000000E-011	3.00010000E-012	-1.11500000E-011	3.22900000E+000	6.00000000E+000	8.00100000E+000	1.00000000E+001	4.00000000E+000	6.00000000E+000	8.00000000E+000	1.00000000E+001	3.99140000E-006	-1.05000000E-011	3.00010000E-012	3.12990000E-011
3.60000000E+000	-3.43490000E-011	-2.47500000E-011	-2.80490000E-011	1.62500000E-011	-6.35650000E-006	-1.04000000E-011	-6.39980000E-012	1.53000000E-011	2.77890000E+000	6.00000000E+000	8.00100000E+000	1.00000000E+001	4.00000000E+000	6.00000000E+000	8.00000000E+000	1.00000000E+001	6.30250000E-006	2.08500000E-011	3.04500000E-011	-3.40000000E-012
3.80000000E+000	-3.04010000E-011	2.31000000E-011	2.36000000E-011	-2.65000000E-012	-6.68780000E-006	1.55500000E-011	1.47000000E-011	-7.10010000E-012	2.71590000E+000	6.00000000E+000	8.00100000E+000	1.00000000E+001	4.00000000E+000	6.00000000E+000	8.00000000E+000	1.00000000E+001	6.45450000E-006	-1.15000000E-011	-1.00000000E-013	1.63000000E-011
4.00000000E+000	1.14500000E-011	-5.64990000E-012	-1.75000000E-011	-1.39500000E-011	-7.90410000E-006	-1.05000000E-011	-1.07500000E-011	7.64990000E-012	2.48900000E+000	6.00000000E+000	8.00100000E+000	1.00000000E+001	4.00000000E+000	6.00000000E+000	8.00000000E+000	1.00000000E+001	7.65320000E-006	2.88500000E-011	2.24000000E-011	7.74980000E-012
4.20000000E+000	2.55000000E-012	-7.49980000E-012	1.88000000E-011	2.47500000E-011	-9.87530000E-006	1.22500000E-011	1.68500000E-011	-2.40000000E-012	2.11100000E+000	6.00000000E+000	8.00100000E+000	1.00000000E+001	4.00000000E+000	6.00000000E+000	8.00000000E+000	1.00000000E+001	9.59500000E-006	1.30000000E-012	-7.95010000E-012	7.20000000E-012
4.40000000E+000	-1.45000000E-011	2.03500000E-011	-3.35000000E-012	-2.42500000E-011	-1.20500000E-005	-4.60010000E-012	-1.64000000E-011	2.14990000E-012	1.68300000E+000	6.00000000E+000	8.00100000E+000	1.00000000E+001	4.00000000E+000	6.00000000E+000	8.00000000E+000	1.00000000E+001	1.17350000E-005	1.47500000E-011	1.73500000E-011	2.38500000E-011
4.60000000E+000	-1.51000000E-011	-2.67500000E-011	-6.35000000E-012	2.99000000E-011	-1.54850000E-005	-4.99990000E-013	8.49980000E-012	-2.14500000E-011	1.02900000E+000	6.00000000E+000	8.00100000E+000	1.00000000E+001	4.00000000E+000	6.00000000E+000	8.00000000E+000	1.00000000E+001	1.54700000E-005	7.99980000E-012	5.00000000E-014	2.18500000E-011
4.80000000E+000	-1.17000000E-011	3.65010000E-011	2.27990000E-011	-2.80490000E-011	-1.71150000E-005	-4.27000000E-011	-5.90000000E-011	-2.21100000E-010	7.13990000E-001	6.00000000E+000	8.00100000E+000	1.00000000E+001	4.00000000E+000	6.00000000E+000	8.00000000E+000	1.00000000E+001	1.71000000E-005	3.66000000E-011	6.26980000E-011	2.30550000E-010
5.00000000E+000	-6.30010000E-012	-2.45500000E-011	-2.73500000E-011	2.81000000E-011	-1.78650000E-005	-7.60190000E-010	-4.72540000E-010	-6.90140000E-010	5.70010000E-001	6.00000000E+000	8.00100000E+000	1.00000000E+001	4.00000000E+000	6.00000000E+000	8.00000000E+000	1.00000000E+001	1.78540000E-005	7.64890000E-010	4.81150000E-010	6.78090000E-010
5.20000000E+000	-2.14500000E-011	1.44000000E-011	-1.83000000E-011	-2.81000000E-011	-1.83500000E-005	-2.23790000E-009	-1.18150000E-009	-1.34100000E-009	4.76990000E-001	6.00000000E+000	8.00100000E+000	1.00000000E+001	4.00000000E+000	6.00000000E+000	8.00000000E+000	1.00000000E+001	1.83350000E-005	2.11240000E-009	1.07500000E-009	1.25200000E-009
5.40000000E+000	2.24000000E-011	-1.31500000E-011	-2.79000000E-011	-2.95000000E-012	-1.86350000E-005	-6.60340000E-009	-3.30790000E-009	-3.28390000E-009	4.22000000E-001	5.99900000E+000	7.99980000E+000	1.00000000E+001	4.00000000E+000	6.00000000E+000	8.00000000E+000	1.00000000E+001	1.86250000E-005	6.57930000E-009	3.34300000E-009	3.27440000E-009
5.60000000E+000	-2.96490000E-011	1.50000000E-011	2.70500000E-011	4.15000000E-012	-1.88550000E-005	-1.38500000E-008	-8.39640000E-009	-7.73020000E-009	3.79990000E-001	5.99780000E+000	7.99980000E+000	9.99900000E+000	4.00000000E+000	6.00000000E+000	8.00000000E+000	1.00000000E+001	1.88400000E-005	1.33400000E-008	8.37550000E-009	7.70250000E-009
5.80000000E+000	2.08000000E-011	3.16000000E-011	3.36000000E-011	3.60990000E-011	-1.90050000E-005	-3.33550000E-008	-1.48000000E-008	-1.32000000E-008	3.51990000E-001	5.99390000E+000	7.99780000E+000	9.99800000E+000	4.00000000E+000	6.00000000E+000	8.00000000E+000	1.00000000E+001	1.89850000E-005	3.35750000E-008	1.44550000E-008	1.28150000E-008
6.00000000E+000	-2.03500000E-011	-2.84000000E-011	-7.54990000E-012	4.29990000E-012	-1.91350000E-005	-7.65650000E-008	-3.33690000E-008	-2.85500000E-008	3.25990000E-001	5.98580000E+000	7.99490000E+000	9.99460000E+000	4.00000000E+000	6.00000000E+000	8.00000000E+000	1.00000000E+001	1.91200000E-005	7.63390000E-008	3.32690000E-008	2.82900000E-008
6.20000000E+000	1.84500000E-011	-9.09980000E-012	2.90000000E-012	-9.24990000E-012	-1.92400000E-005	-1.24700000E-007	-7.24250000E-008	-6.14420000E-008	3.06990000E-001	5.97580000E+000	7.98680000E+000	9.98780000E+000	4.00000000E+000	6.00000000E+000	8.00000000E+000	1.00000000E+001	1.92240000E-005	1.21050000E-007	7.27160000E-008	6.08190000E-008
6.40000000E+000	-1.75000000E-012	1.50000000E-011	3.15500000E-011	1.72500000E-011	-1.93190000E-005	-2.65050000E-007	-1.15950000E-007	-9.64390000E-008	2.91990000E-001	5.94900000E+000	7.97900000E+000	9.98190000E+000	4.00000000E+000	6.00000000E+000	8.00000000E+000	1.00000000E+001	1.93040000E-005	2.66040000E-007	1.12700000E-007	9.25500000E-008
6.60000000E+000	8.30000000E-012	-2.48500000E-011	-2.58000000E-011	2.99000000E-011	-1.93900000E-005	-5.48690000E-007	-2.36350000E-007	-1.49700000E-007	2.76990000E-001	5.89500000E+000	7.95580000E+000	9.97170000E+000	4.00000000E+000	6.00000000E+000	8.00000000E+000	1.00000000E+001	1.93750000E-005	5.49480000E-007	2.37440000E-007	1.45600000E-007
6.80000000E+000	7.95010000E-012	-2.65000000E-011	3.04010000E-011	-2.74500000E-011	-1.94540000E-005	-7.55040000E-007	-4.84690000E-007	-3.16840000E-007	2.65000000E-001	5.85500000E+000	7.90800000E+000	9.93990000E+000	4.00000000E+000	6.00000000E+000	8.00000000E+000	1.00000000E+001	1.94390000E-005	7.34350000E-007	4.82950000E-007	3.19490000E-007
7.00000000E+000	-1.28000000E-011	-2.05000000E-011	-1.49500000E-011	2.76000000E-011	-1.95050000E-005	-1.23850000E-006	-9.25180000E-007	-6.20700000E-007	2.54990000E-001	5.76290000E+000	7.82300000E+000	9.88090000E+000	4.00000000E+000	6.00000000E+000	8.00000000E+000	1.00000000E+001	1.94940000E-005	1.22050000E-006	9.29490000E-007	6.21950000E-007
7.20000000E+000	3.33490000E-011	3.05500000E-011	2.80000000E-011	4.54990000E-012	-1.95490000E-005	-2.49090000E-006	-1.25950000E-006	-8.26690000E-007	2.46990000E-001	5.52390000E+000	7.75880000E+000	9.84180000E+000	4.00000000E+000	6.00000000E+000	8.00000000E+000	1.00000000E+001	1.95450000E-005	2.47040000E-006	1.22950000E-006	7.98840000E-007
7.40000000E+000	-2.34500000E-011	-3.52500000E-011	-1.55500000E-011	-8.84980000E-012	-1.95950000E-005	-4.70200000E-006	-2.40850000E-006	-1.31700000E-006	2.38000000E-001	5.09990000E+000	7.53880000E+000	9.74710000E+000	4.00000000E+000	6.00000000E+000	8.00000000E+000	1.00000000E+001	1.95800000E-005	4.67590000E-006	2.41050000E-006	1.29700000E-006
7.60000000E+000	5.04010000E-011	1.38500000E-011	1.97000000E-011	1.37500000E-011	-1.96400000E-005	-8.31440000E-006	-4.33860000E-006	-2.60640000E-006	2.31000000E-001	4.40800000E+000	7.16700000E+000	9.49900000E+000	4.00000000E+000	6.00000000E+000	8.00000000E+000	1.00000000E+001	1.96200000E-005	8.29210000E-006	4.35700000E-006	2.60600000E-006
7.80000000E+000	-6.99990000E-013	4.80510000E-011	-3.69000000E-011	-1.60000000E-011	-1.96700000E-005	-1.05650000E-005	-7.60800000E-006	-4.78400000E-006	2.23000000E-001	3.97290000E+000	6.54300000E+000	9.08110000E+000	4.00000000E+000	6.00000000E+000	8.00000000E+000	1.00000000E+001	1.96600000E-005	1.02450000E-005	7.54960000E-006	4.77610000E-006
8.00000000E+000	7.51510000E-011	1.49000000E-011	-1.50000000E-013	2.70000000E-011	-1.96990000E-005	-1.80150000E-005	-9.17780000E-006	-8.37260000E-006	2.17000000E-001	2.54200000E+000	6.23390000E+000	8.39700000E+000	4.00000000E+000	6.00000000E+000	8.00000000E+000	1.00000000E+001	1.96900000E-005	1.79600000E-005	9.00820000E-006	8.34560000E-006
8.20000000E+000	5.90000000E-011	-2.01500000E-011	-1.24000000E-011	3.87000000E-011	-1.97350000E-005	-2.44440000E-005	-1.23450000E-005	-1.04150000E-005	2.11000000E-001	1.31200000E+000	5.63600000E+000	8.01070000E+000	4.00000000E+000	6.00000000E+000	8.00000000E+000	1.00000000E+001	1.97200000E-005	2.44040000E-005	1.19850000E-005	1.00570000E-005
8.40000000E+000	1.17100000E-010	5.84000000E-011	-1.94500000E-011	-1.45500000E-011	-1.97650000E-005	-2.68700000E-005	-2.14700000E-005	-1.36750000E-005	2.05990000E-001	8.41000000E-001	3.89100000E+000	7.37700000E+000	4.00000000E+000	6.00000000E+000	8.00000000E+000	1.00000000E+001	1.97450000E-005	2.68550000E-005	2.12900000E-005	1.33350000E-005
8.60000000E+000	1.73400000E-010	3.21500000E-011	-3.87990000E-011	1.00500000E-011	-1.97900000E-005	-2.80750000E-005	-3.24790000E-005	-2.37050000E-005	2.00000000E-001	6.10990000E-001	1.77100000E+000	5.44700000E+000	4.00000000E+000	6.00000000E+000	8.00000000E+000	1.00000000E+001	1.97790000E-005	2.80600000E-005	3.24040000E-005	2.36440000E-005
8.80000000E+000	2.52650000E-010	1.50850000E-010	7.51510000E-011	4.52490000E-011	-1.98190000E-005	-2.87840000E-005	-3.63900000E-005	-3.85400000E-005	1.96000000E-001	4.72990000E-001	1.01600000E+000	2.62600000E+000	4.00000000E+000	6.00000000E+000	8.00000000E+000	1.00000000E+001	1.98050000E-005	2.87690000E-005	3.63590000E-005	3.84040000E-005
9.00000000E+000	3.96200000E-010	1.91300000E-010	1.20450000E-010	7.18000000E-011	-1.98450000E-005	-2.92250000E-005	-3.79900000E-005	-4.57150000E-005	1.90000000E-001	3.88000000E-001	7.07980000E-001	1.22800000E+000	4.00000000E+000	6.00000000E+000	8.00000000E+000	1.00000000E+001	1.98400000E-005	2.92150000E-005	3.79700000E-005	4.56400000E-005
9.20000000E+000	5.64910000E-010	3.82550000E-010	2.60700000E-010	2.24700000E-010	-1.98800000E-005	-2.95400000E-005	-3.88340000E-005	-4.77790000E-005	1.84000000E-001	3.28000000E-001	5.44980000E-001	8.25990000E-001	4.00000000E+000	6.00000000E+000	8.00000000E+000	1.00000000E+001	1.98700000E-005	2.95350000E-005	3.88190000E-005	4.77640000E-005
9.40000000E+000	7.96460000E-010	5.41690000E-010	4.19110000E-010	3.19600000E-010	-1.99000000E-005	-2.97550000E-005	-3.93650000E-005	-4.88350000E-005	1.79000000E-001	2.87000000E-001	4.42000000E-001	6.23990000E-001	4.00000000E+000	6.00000000E+000	8.00000000E+000	1.00000000E+001	1.98950000E-005	2.97490000E-005	3.93540000E-005	4.88200000E-005
9.60000000E+000	1.27800000E-009	8.98040000E-010	7.38540000E-010	6.26810000E-010	-2.00240000E-005	-2.99050000E-005	-3.97150000E-005	-4.94590000E-005	1.55000000E-001	2.59000000E-001	3.75000000E-001	5.02990000E-001	4.00000000E+000	6.00000000E+000	8.00000000E+000	1.00000000E+001	2.00150000E-005	2.98950000E-005	3.97040000E-005	4.94590000E-005
9.80000000E+000	1.98440000E-009	1.42600000E-009	1.15300000E-009	1.02200000E-009	-2.01590000E-005	-3.01250000E-005	-4.01190000E-005	-5.00850000E-005	1.29000000E-001	2.16000000E-001	2.97000000E-001	3.83000000E-001	4.00000000E+000	6.00000000E+000	8.00000000E+000	1.00000000E+001	2.01500000E-005	3.01140000E-005	4.01100000E-005	5.00750000E-005
1.00000000E+001	2.98750000E-009	2.30800000E-009	1.95600000E-009	1.77490000E-009	-2.02300000E-005	-3.03350000E-005	-4.04550000E-005	-5.05690000E-005	1.16000000E-001	1.76000000E-001	2.32990000E-001	2.89990000E-001	4.00000000E+000	6.00000000E+000	8.00000000E+000	1.00000000E+001	2.02200000E-005	3.03200000E-005	4.04490000E-005	5.05650000E-005

TEST RESULTS:  NOT  04/18/2025  10:58:29


