ATTRIBUTES:

Attribute #1:C:\Metrics\ics\projects\6.2600J_S25\buonato_UP_NOT.ics
Attribute #2:Test
Attribute #3:dev1
Attribute #4:PASSED
SETUP:NOT  04/18/2025  17:09:33
DATE:04/18/2025
TIME:17:09:33

CONDITIONS:

ID:	VDD	
UNIT:	SMU4	
MODE: STEP	
START:	1	
STOP:	5	
PNTS:	3	
STEP:	2

ID:	I0P	
UNIT:	SMU1	
MODE: SWEEP	
START:	0	
STOP:	5	
PNTS:	21	
STEP:	0.25

ID:	VSS	
UNIT:	SMU2	
START:	0	
STOP:	1	
PNTS:	1	
	STEP:	0

ID:	OUT	
UNIT:	SMU3	
MODE: CONST	
VALUE:	0

DATA:  NOT  04/18/2025  17:09:33

VI0P	II0P	II0P2	II0P3	IVSS	IVSS2	IVSS3	VOUT	VOUT2	VOUT3	VVDD	VVDD2	VVDD3	IVDD	IVDD2	IVDD3
0.00000000E+000	2.24500000E-011	-5.45010000E-012	1.59000000E-011	-1.48650000E-008	-6.01340000E-009	-3.99880000E-009	9.96980000E-001	2.99890000E+000	4.99800000E+000	1.00000000E+000	3.00000000E+000	5.00000000E+000	1.39450000E-008	6.60180000E-009	5.05040000E-009
2.50000000E-001	-2.27500000E-011	-9.69980000E-012	-2.63500000E-011	-4.15200000E-008	-2.77950000E-008	-1.88950000E-008	9.93990000E-001	2.99600000E+000	4.99580000E+000	1.00000000E+000	3.00000000E+000	5.00000000E+000	4.18550000E-008	2.82000000E-008	1.72400000E-008
5.00000000E-001	-7.45000000E-012	-2.28500000E-011	1.63000000E-011	-1.01550000E-007	-7.40250000E-008	-5.02040000E-008	9.84980000E-001	2.98900000E+000	4.99100000E+000	1.00000000E+000	3.00000000E+000	5.00000000E+000	1.01950000E-007	7.30650000E-008	5.10700000E-008
7.50000000E-001	-2.31000000E-011	-7.29990000E-012	1.67500000E-011	-2.00200000E-007	-1.61150000E-007	-1.10600000E-007	9.70980000E-001	2.97600000E+000	4.98390000E+000	1.00000000E+000	3.00000000E+000	5.00000000E+000	1.95750000E-007	1.68150000E-007	1.15250000E-007
1.00000000E+000	1.24500000E-011	5.60000000E-012	-1.56500000E-011	-3.51890000E-007	-3.46600000E-007	-2.60190000E-007	9.49980000E-001	2.95190000E+000	4.96390000E+000	1.00000000E+000	3.00000000E+000	5.00000000E+000	3.51090000E-007	3.45290000E-007	2.61600000E-007
1.25000000E+000	-2.70000000E-012	-1.96000000E-011	2.73000000E-011	-6.03380000E-007	-6.81990000E-007	-5.01250000E-007	9.12990000E-001	2.90390000E+000	4.93090000E+000	1.00000000E+000	3.00000000E+000	5.00000000E+000	6.15550000E-007	6.82280000E-007	5.03440000E-007
1.50000000E+000	-6.15000000E-012	-1.12500000E-011	-2.43000000E-011	-9.63750000E-007	-1.07300000E-006	-9.56930000E-007	8.60990000E-001	2.20500000E+000	4.86400000E+000	1.00000000E+000	3.00000000E+000	5.00000000E+000	9.61130000E-007	1.06850000E-006	9.66310000E-007
1.75000000E+000	2.58000000E-011	1.49000000E-011	-1.39000000E-011	-1.34700000E-006	-1.81450000E-006	-1.54600000E-006	8.07980000E-001	1.93500000E+000	4.78200000E+000	1.00000000E+000	3.00000000E+000	5.00000000E+000	1.30000000E-006	1.83300000E-006	1.57300000E-006
2.00000000E+000	-2.55500000E-011	-6.50000000E-013	2.07000000E-011	-2.01250000E-006	-2.97000000E-006	-2.75390000E-006	7.12980000E-001	1.72100000E+000	4.61690000E+000	1.00000000E+000	3.00000000E+000	5.00000000E+000	2.01100000E-006	2.96850000E-006	2.71600000E-006
2.25000000E+000	2.73000000E-011	-5.64990000E-012	-4.15000000E-012	-2.79090000E-006	-4.57260000E-006	-4.82590000E-006	6.01990000E-001	1.46400000E+000	4.32890000E+000	1.00000000E+000	3.00000000E+000	5.00000000E+000	2.78940000E-006	4.58230000E-006	4.75000000E-006
2.50000000E+000	-1.19500000E-011	2.96490000E-011	-3.65000000E-012	-3.57790000E-006	-6.97490000E-006	-8.00100000E-006	4.89990000E-001	1.50100000E+000	3.88000000E+000	1.00000000E+000	3.00000000E+000	5.00000000E+000	3.58590000E-006	7.32530000E-006	7.96330000E-006
2.75000000E+000	-1.65000000E-012	-2.36000000E-011	1.99500000E-011	-4.32900000E-006	-1.01130000E-005	-1.06850000E-005	3.84000000E-001	1.29600000E+000	3.50390000E+000	1.00000000E+000	3.00000000E+000	5.00000000E+000	4.30900000E-006	1.01100000E-005	1.04900000E-005
3.00000000E+000	2.30000000E-011	-9.84990000E-012	2.26500000E-011	-4.93830000E-006	-1.13500000E-005	-1.63850000E-005	2.97000000E-001	1.06600000E+000	2.71000000E+000	1.00000000E+000	3.00000000E+000	5.00000000E+000	4.93560000E-006	1.13750000E-005	1.63490000E-005
3.25000000E+000	-2.09000000E-011	-8.05000000E-012	-2.17500000E-011	-5.43290000E-006	-1.32950000E-005	-2.22600000E-005	2.26000000E-001	7.64980000E-001	1.89100000E+000	1.00000000E+000	3.00000000E+000	5.00000000E+000	5.43100000E-006	1.33050000E-005	2.22190000E-005
3.50000000E+000	2.92000000E-011	2.58000000E-011	3.41510000E-011	-5.81290000E-006	-1.48200000E-005	-2.63040000E-005	1.72000000E-001	5.88990000E-001	1.32900000E+000	1.00000000E+000	3.00000000E+000	5.00000000E+000	5.80980000E-006	1.48350000E-005	2.62890000E-005
3.75000000E+000	-2.22000000E-011	-2.48500000E-011	-2.39500000E-011	-6.10900000E-006	-1.55700000E-005	-2.89190000E-005	1.29000000E-001	4.33000000E-001	9.65000000E-001	1.00000000E+000	3.00000000E+000	5.00000000E+000	6.11140000E-006	1.55750000E-005	2.88600000E-005
4.00000000E+000	1.71000000E-011	2.78000000E-011	2.88000000E-011	-6.32300000E-006	-1.62350000E-005	-3.06950000E-005	1.00000000E-001	3.27000000E-001	7.13990000E-001	1.00000000E+000	3.00000000E+000	5.00000000E+000	6.32140000E-006	1.62450000E-005	3.07040000E-005
4.25000000E+000	5.30000000E-012	-1.95500000E-011	-1.05000000E-011	-6.48340000E-006	-1.71250000E-005	-3.19090000E-005	7.89990000E-002	2.57000000E-001	5.43000000E-001	1.00000000E+000	3.00000000E+000	5.00000000E+000	6.48250000E-006	1.71340000E-005	3.19000000E-005
4.50000000E+000	-1.44500000E-011	9.34980000E-012	1.80000000E-012	-6.59140000E-006	-1.49150000E-005	-3.27600000E-005	6.30000000E-002	1.78000000E-001	4.24990000E-001	1.00000000E+000	3.00000000E+000	5.00000000E+000	6.59050000E-006	1.56550000E-005	3.27550000E-005
4.75000000E+000	2.71000000E-011	9.90010000E-012	9.80010000E-012	-6.68690000E-006	-1.59600000E-005	-3.33660000E-005	5.20000000E-002	1.47000000E-001	3.38990000E-001	1.00000000E+000	3.00000000E+000	5.00000000E+000	6.68990000E-006	1.56690000E-005	3.33660000E-005
5.00000000E+000	-2.74500000E-011	-1.68000000E-011	-2.15500000E-011	-6.75790000E-006	-1.65950000E-005	-3.38140000E-005	4.39990000E-002	1.23000000E-001	2.76000000E-001	1.00000000E+000	3.00000000E+000	5.00000000E+000	6.75650000E-006	1.66050000E-005	3.38240000E-005

TEST RESULTS:  NOT  04/18/2025  17:09:33


