ATTRIBUTES:

Attribute #1:C:\Metrics\ics\projects\6.2600J_S25\buonato_UP_NOT.ics
Attribute #2:Test
Attribute #3:dev1
Attribute #4:PASSED
SETUP:NOT  04/18/2025  17:11:42
DATE:04/18/2025
TIME:17:11:42

CONDITIONS:

ID:	VDD	
UNIT:	SMU4	
MODE: STEP	
START:	1	
STOP:	5	
PNTS:	3	
STEP:	2

ID:	I0P	
UNIT:	SMU1	
MODE: SWEEP	
START:	0	
STOP:	5	
PNTS:	21	
STEP:	0.25

ID:	VSS	
UNIT:	SMU2	
START:	0	
STOP:	1	
PNTS:	1	
	STEP:	0

ID:	OUT	
UNIT:	SMU3	
MODE: CONST	
VALUE:	0

DATA:  NOT  04/18/2025  17:11:42

VI0P	II0P	II0P2	II0P3	IVSS	IVSS2	IVSS3	VOUT	VOUT2	VOUT3	VVDD	VVDD2	VVDD3	IVDD	IVDD2	IVDD3
0.00000000E+000	-1.27000000E-011	-3.10000000E-012	-2.99990000E-011	-1.32550000E-009	-8.47960000E-010	-1.15650000E-009	9.98990000E-001	2.99890000E+000	4.99900000E+000	1.00000000E+000	3.00000000E+000	5.00000000E+000	1.41100000E-009	1.00900000E-009	1.16150000E-009
2.50000000E-001	-2.31000000E-011	-1.32000000E-011	-1.32500000E-011	-6.78390000E-009	-4.44200000E-009	-4.21300000E-009	9.98990000E-001	2.99790000E+000	4.99900000E+000	1.00000000E+000	3.00000000E+000	5.00000000E+000	6.72590000E-009	4.54340000E-009	4.31850000E-009
5.00000000E-001	2.23500000E-011	-2.90000000E-011	2.17500000E-011	-1.88400000E-008	-1.87250000E-008	-1.50300000E-008	9.96980000E-001	2.99600000E+000	4.99680000E+000	1.00000000E+000	3.00000000E+000	5.00000000E+000	1.94650000E-008	1.79900000E-008	1.45900000E-008
7.50000000E-001	1.82500000E-011	-7.99980000E-012	-1.54500000E-011	-5.99540000E-008	-4.80250000E-008	-5.12590000E-008	9.91000000E-001	2.99190000E+000	4.99100000E+000	1.00000000E+000	3.00000000E+000	5.00000000E+000	6.16310000E-008	4.76360000E-008	4.91450000E-008
1.00000000E+000	-2.10990000E-011	2.88000000E-011	-2.54000000E-011	-1.26950000E-007	-1.15400000E-007	-9.71050000E-008	9.81990000E-001	2.98290000E+000	4.98580000E+000	1.00000000E+000	3.00000000E+000	5.00000000E+000	1.18450000E-007	1.15500000E-007	9.59990000E-008
1.25000000E+000	2.64500000E-011	-2.88000000E-011	-2.46490000E-011	-2.55590000E-007	-2.48750000E-007	-1.84340000E-007	9.63990000E-001	2.96400000E+000	4.97390000E+000	1.00000000E+000	3.00000000E+000	5.00000000E+000	2.48850000E-007	2.50950000E-007	1.98700000E-007
1.50000000E+000	-2.55500000E-011	2.92990000E-011	3.46500000E-011	-4.51590000E-007	-4.83240000E-007	-3.95190000E-007	9.35970000E-001	2.93090000E+000	4.94290000E+000	1.00000000E+000	3.00000000E+000	5.00000000E+000	4.54590000E-007	4.99100000E-007	4.01650000E-007
1.75000000E+000	2.59500000E-011	-1.21500000E-011	-2.03500000E-011	-7.89670000E-007	-9.00090000E-007	-7.81090000E-007	8.90990000E-001	2.86900000E+000	4.88790000E+000	1.00000000E+000	3.00000000E+000	5.00000000E+000	7.82540000E-007	9.26140000E-007	7.82920000E-007
2.00000000E+000	1.56500000E-011	1.54000000E-011	3.14500000E-011	-1.02630000E-006	-1.36000000E-006	-1.18900000E-006	8.54980000E-001	2.80400000E+000	4.83300000E+000	1.00000000E+000	3.00000000E+000	5.00000000E+000	9.98610000E-007	1.35700000E-006	1.20950000E-006
2.25000000E+000	-2.73500000E-011	-1.04500000E-011	-2.92500000E-011	-1.40900000E-006	-2.55190000E-006	-2.16100000E-006	8.02000000E-001	2.64290000E+000	4.69380000E+000	1.00000000E+000	3.00000000E+000	5.00000000E+000	1.40150000E-006	2.50550000E-006	2.17350000E-006
2.50000000E+000	2.93510000E-011	2.47000000E-011	2.14000000E-011	-2.05300000E-006	-4.23100000E-006	-3.85640000E-006	7.08980000E-001	2.40700000E+000	4.46290000E+000	1.00000000E+000	3.00000000E+000	5.00000000E+000	2.08390000E-006	4.18300000E-006	3.82660000E-006
2.75000000E+000	-2.58000000E-011	-2.54990000E-011	-1.20000000E-012	-2.87940000E-006	-6.65040000E-006	-6.42410000E-006	5.93990000E-001	2.07900000E+000	4.10300000E+000	1.00000000E+000	3.00000000E+000	5.00000000E+000	2.87740000E-006	6.61590000E-006	6.49090000E-006
3.00000000E+000	2.70000000E-011	2.81990000E-011	-1.03000000E-011	-3.68850000E-006	-9.52140000E-006	-8.55330000E-006	4.85000000E-001	1.66600000E+000	3.80200000E+000	1.00000000E+000	3.00000000E+000	5.00000000E+000	3.68290000E-006	9.50830000E-006	8.48340000E-006
3.25000000E+000	-1.53500000E-011	3.06490000E-011	-2.22000000E-011	-4.44540000E-006	-1.13650000E-005	-1.21550000E-005	3.77000000E-001	1.40600000E+000	3.29390000E+000	1.00000000E+000	3.00000000E+000	5.00000000E+000	4.44100000E-006	1.11800000E-005	1.20550000E-005
3.50000000E+000	2.95000000E-012	3.29500000E-011	-2.38500000E-011	-5.09290000E-006	-1.39750000E-005	-1.86850000E-005	2.87000000E-001	1.03600000E+000	2.37290000E+000	1.00000000E+000	3.00000000E+000	5.00000000E+000	5.08690000E-006	1.39500000E-005	1.86250000E-005
3.75000000E+000	9.24990000E-012	-1.89500000E-011	2.49500000E-011	-5.58890000E-006	-1.60050000E-005	-2.40150000E-005	2.16000000E-001	7.57990000E-001	1.63300000E+000	1.00000000E+000	3.00000000E+000	5.00000000E+000	5.58190000E-006	1.59650000E-005	2.38950000E-005
4.00000000E+000	-1.68500000E-011	3.45000000E-012	-2.10000000E-012	-5.96350000E-006	-1.74190000E-005	-2.76040000E-005	1.64000000E-001	5.56000000E-001	1.12600000E+000	1.00000000E+000	3.00000000E+000	5.00000000E+000	5.96000000E-006	1.74450000E-005	2.76250000E-005
4.25000000E+000	2.78500000E-011	1.51000000E-011	6.99990000E-013	-6.25150000E-006	-1.84240000E-005	-2.98800000E-005	1.24000000E-001	4.18990000E-001	8.11010000E-001	1.00000000E+000	3.00000000E+000	5.00000000E+000	6.25500000E-006	1.84200000E-005	2.98600000E-005
4.50000000E+000	-2.50000000E-011	-1.54000000E-011	2.89500000E-011	-6.45640000E-006	-1.91450000E-005	-3.13540000E-005	9.49970000E-002	3.17000000E-001	6.01990000E-001	1.00000000E+000	3.00000000E+000	5.00000000E+000	6.45340000E-006	1.91250000E-005	3.13300000E-005
4.75000000E+000	3.16990000E-011	2.87500000E-011	-2.70500000E-011	-6.59630000E-006	-1.96150000E-005	-3.23650000E-005	7.60000000E-002	2.49990000E-001	4.59000000E-001	1.00000000E+000	3.00000000E+000	5.00000000E+000	6.59630000E-006	1.96150000E-005	3.23600000E-005
5.00000000E+000	-1.33000000E-011	-1.92500000E-011	2.94010000E-011	-6.69950000E-006	-1.99950000E-005	-3.30810000E-005	6.09990000E-002	1.96000000E-001	3.60000000E-001	1.00000000E+000	3.00000000E+000	5.00000000E+000	6.70200000E-006	1.99900000E-005	3.30690000E-005

TEST RESULTS:  NOT  04/18/2025  17:11:42


