ATTRIBUTES:

Attribute #1:C:\Metrics\ics\projects\6.2600J_S25\buonato_UP_NOT.ics
Attribute #2:Test
Attribute #3:dev1
Attribute #4:PASSED
SETUP:NOT  04/18/2025  17:02:28
DATE:04/18/2025
TIME:17:02:28

CONDITIONS:

ID:	VDD	
UNIT:	SMU4	
MODE: STEP	
START:	1	
STOP:	5	
PNTS:	3	
STEP:	2

ID:	I0P	
UNIT:	SMU1	
MODE: SWEEP	
START:	0	
STOP:	5	
PNTS:	21	
STEP:	0.25

ID:	VSS	
UNIT:	SMU2	
START:	0	
STOP:	1	
PNTS:	1	
	STEP:	0

ID:	OUT	
UNIT:	SMU3	
MODE: CONST	
VALUE:	0

DATA:  NOT  04/18/2025  17:02:28

VI0P	II0P	II0P2	II0P3	IVSS	IVSS2	IVSS3	VOUT	VOUT2	VOUT3	VVDD	VVDD2	VVDD3	IVDD	IVDD2	IVDD3
0.00000000E+000	-1.10000000E-012	2.92000000E-011	-6.79990000E-012	-1.63850000E-008	-1.08450000E-008	-9.92480000E-009	9.96980000E-001	2.99790000E+000	4.99900000E+000	1.00000000E+000	3.00000000E+000	5.00000000E+000	1.61900000E-008	1.14550000E-008	8.80980000E-009
2.50000000E-001	3.02500000E-011	3.50000000E-012	-3.09990000E-011	-4.35990000E-008	-3.11360000E-008	-2.22650000E-008	9.93990000E-001	2.99500000E+000	4.99680000E+000	1.00000000E+000	3.00000000E+000	5.00000000E+000	4.30950000E-008	3.23540000E-008	2.37250000E-008
5.00000000E-001	-2.30500000E-011	-1.35500000E-011	2.88990000E-011	-1.04140000E-007	-7.99040000E-008	-6.14890000E-008	9.81990000E-001	2.98790000E+000	4.99100000E+000	1.00000000E+000	3.00000000E+000	5.00000000E+000	1.02550000E-007	8.23890000E-008	6.54360000E-008
7.50000000E-001	2.72500000E-011	2.52500000E-011	1.51000000E-011	-1.71250000E-007	-1.74240000E-007	-1.27390000E-007	9.75980000E-001	2.97500000E+000	4.98190000E+000	1.00000000E+000	3.00000000E+000	5.00000000E+000	1.62700000E-007	1.73650000E-007	1.36740000E-007
1.00000000E+000	-2.52500000E-011	-2.27000000E-011	-1.71000000E-011	-3.39350000E-007	-3.66940000E-007	-3.05050000E-007	9.52000000E-001	2.94900000E+000	4.95800000E+000	1.00000000E+000	3.00000000E+000	5.00000000E+000	3.39950000E-007	3.61290000E-007	2.98240000E-007
1.25000000E+000	2.46000000E-011	2.92500000E-011	3.15000000E-012	-6.56030000E-007	-7.12140000E-007	-6.05650000E-007	9.09000000E-001	2.90100000E+000	4.91700000E+000	1.00000000E+000	3.00000000E+000	5.00000000E+000	6.38890000E-007	7.12980000E-007	5.88390000E-007
1.50000000E+000	7.99980000E-012	2.79500000E-011	8.45010000E-012	-1.05450000E-006	-1.29700000E-006	-9.28230000E-007	8.50980000E-001	2.81700000E+000	4.86990000E+000	1.00000000E+000	3.00000000E+000	5.00000000E+000	1.06000000E-006	1.28100000E-006	9.61420000E-007
1.75000000E+000	-8.24980000E-012	-2.84000000E-011	2.39000000E-011	-1.69400000E-006	-2.27540000E-006	-1.43650000E-006	7.63980000E-001	2.68700000E+000	4.79790000E+000	1.00000000E+000	3.00000000E+000	5.00000000E+000	1.67500000E-006	2.25150000E-006	1.43100000E-006
2.00000000E+000	2.47000000E-011	2.27990000E-011	-2.33000000E-011	-2.41200000E-006	-3.80900000E-006	-2.65750000E-006	6.64980000E-001	2.46190000E+000	4.62890000E+000	1.00000000E+000	3.00000000E+000	5.00000000E+000	2.41100000E-006	3.81890000E-006	2.68000000E-006
2.25000000E+000	-2.64500000E-011	5.99990000E-013	1.23000000E-011	-3.21340000E-006	-5.99400000E-006	-4.56140000E-006	5.52980000E-001	2.16200000E+000	4.35790000E+000	1.00000000E+000	3.00000000E+000	5.00000000E+000	3.19290000E-006	5.99490000E-006	4.56840000E-006
2.50000000E+000	3.43990000E-011	-1.28000000E-011	4.70000000E-012	-3.92600000E-006	-8.55510000E-006	-7.58400000E-006	4.50990000E-001	1.80100000E+000	3.94590000E+000	1.00000000E+000	3.00000000E+000	5.00000000E+000	3.92900000E-006	8.54300000E-006	7.59400000E-006
2.75000000E+000	-2.00000000E-011	2.63500000E-011	2.45000000E-011	-4.58610000E-006	-1.02510000E-005	-1.00680000E-005	3.60000000E-001	1.57000000E+000	3.59090000E+000	1.00000000E+000	3.00000000E+000	5.00000000E+000	4.58750000E-006	1.01560000E-005	9.87250000E-006
3.00000000E+000	8.49980000E-012	-2.99000000E-011	-1.71990000E-011	-5.15300000E-006	-1.22750000E-005	-1.38300000E-005	2.82000000E-001	1.29100000E+000	3.06990000E+000	1.00000000E+000	3.00000000E+000	5.00000000E+000	5.15140000E-006	1.21650000E-005	1.36650000E-005
3.25000000E+000	1.09500000E-011	-2.77000000E-011	-1.16500000E-011	-5.58540000E-006	-1.44650000E-005	-1.98950000E-005	2.19990000E-001	9.81990000E-001	2.22400000E+000	1.00000000E+000	3.00000000E+000	5.00000000E+000	5.58400000E-006	1.44650000E-005	1.99400000E-005
3.50000000E+000	-1.78000000E-011	3.08000000E-011	-1.99990000E-013	-5.89390000E-006	-1.61100000E-005	-2.44950000E-005	1.78000000E-001	7.55000000E-001	1.58300000E+000	1.00000000E+000	3.00000000E+000	5.00000000E+000	5.89850000E-006	1.61100000E-005	2.45300000E-005
3.75000000E+000	3.03510000E-011	-8.95020000E-012	1.58490000E-011	-6.16090000E-006	-1.73550000E-005	-2.73890000E-005	1.41000000E-001	5.78000000E-001	1.17600000E+000	1.00000000E+000	3.00000000E+000	5.00000000E+000	6.15840000E-006	1.73550000E-005	2.74050000E-005
4.00000000E+000	-2.80490000E-011	4.90010000E-012	-1.83500000E-011	-6.35390000E-006	-1.82650000E-005	-2.93540000E-005	1.14000000E-001	4.52000000E-001	9.05000000E-001	1.00000000E+000	3.00000000E+000	5.00000000E+000	6.35540000E-006	1.82500000E-005	2.93650000E-005
4.25000000E+000	2.99990000E-011	2.04000000E-011	3.36500000E-011	-6.49440000E-006	-1.88800000E-005	-3.07750000E-005	9.39980000E-002	3.64990000E-001	7.09990000E-001	1.00000000E+000	3.00000000E+000	5.00000000E+000	6.49440000E-006	1.88800000E-005	3.07600000E-005
4.50000000E+000	-2.12500000E-011	-2.57000000E-011	-2.49000000E-011	-6.59540000E-006	-1.93590000E-005	-3.17660000E-005	7.99980000E-002	3.00000000E-001	5.71990000E-001	1.00000000E+000	3.00000000E+000	5.00000000E+000	6.59700000E-006	1.93590000E-005	3.17690000E-005
4.75000000E+000	1.32500000E-011	3.21010000E-011	2.77500000E-011	-6.66990000E-006	-1.96950000E-005	-3.24700000E-005	6.90000000E-002	2.52990000E-001	4.70000000E-001	1.00000000E+000	3.00000000E+000	5.00000000E+000	6.66990000E-006	1.96990000E-005	3.24750000E-005
5.00000000E+000	9.05010000E-012	-2.32000000E-011	-9.20020000E-012	-6.72650000E-006	-1.99550000E-005	-3.30150000E-005	6.09990000E-002	2.17000000E-001	3.96000000E-001	1.00000000E+000	3.00000000E+000	5.00000000E+000	6.73090000E-006	1.99550000E-005	3.30100000E-005

TEST RESULTS:  NOT  04/18/2025  17:02:28


