ATTRIBUTES:

Attribute #1:C:\Metrics\ics\projects\6.2600J_S25\buonato_UP_NOT.ics
Attribute #2:Test
Attribute #3:dev1
Attribute #4:PASSED
SETUP:NOT  04/18/2025  17:21:01
DATE:04/18/2025
TIME:17:21:01

CONDITIONS:

ID:	VDD	
UNIT:	SMU4	
MODE: STEP	
START:	1	
STOP:	5	
PNTS:	3	
STEP:	2

ID:	I0P	
UNIT:	SMU1	
MODE: SWEEP	
START:	0	
STOP:	5	
PNTS:	21	
STEP:	0.25

ID:	VSS	
UNIT:	SMU2	
START:	0	
STOP:	1	
PNTS:	1	
	STEP:	0

ID:	OUT	
UNIT:	SMU3	
MODE: CONST	
VALUE:	0

DATA:  NOT  04/18/2025  17:21:01

VI0P	II0P	II0P2	II0P3	IVSS	IVSS2	IVSS3	VOUT	VOUT2	VOUT3	VVDD	VVDD2	VVDD3	IVDD	IVDD2	IVDD3
0.00000000E+000	-8.34000000E-011	2.55000000E-012	2.54990000E-011	-3.47490000E-011	2.09000000E-011	3.96000000E-011	9.98990000E-001	2.99890000E+000	4.99900000E+000	1.00000000E+000	3.00000000E+000	5.00000000E+000	-2.07900000E-010	-1.01500000E-011	4.93510000E-011
2.50000000E-001	-9.10490000E-011	2.45000000E-011	5.98990000E-011	-5.60000000E-011	-2.88000000E-011	-1.49000000E-011	9.98990000E-001	2.99890000E+000	5.00000000E+000	1.00000000E+000	3.00000000E+000	5.00000000E+000	1.52000000E-010	-4.62490000E-011	-9.98490000E-011
5.00000000E-001	7.36510000E-011	-4.87500000E-011	-7.88990000E-011	6.56010000E-011	1.49500000E-011	-1.34000000E-011	9.98990000E-001	2.99890000E+000	4.99900000E+000	1.00000000E+000	3.00000000E+000	5.00000000E+000	-7.26990000E-011	1.10900000E-010	1.88500000E-010
7.50000000E-001	2.09000000E-011	7.67990000E-011	9.01500000E-011	-4.71000000E-011	1.09000000E-011	2.11500000E-011	9.98990000E-001	2.99890000E+000	5.00000000E+000	1.00000000E+000	3.00000000E+000	5.00000000E+000	-7.77510000E-011	-1.74950000E-010	-1.53550000E-010
1.00000000E+000	-3.80500000E-011	-9.36500000E-011	-6.21510000E-011	3.45000000E-011	-3.40000000E-011	-5.14510000E-011	9.97990000E-001	2.99890000E+000	4.99900000E+000	1.00000000E+000	3.00000000E+000	5.00000000E+000	1.49900000E-010	1.72300000E-010	1.17150000E-010
1.25000000E+000	7.34490000E-011	7.73000000E-011	6.70000000E-012	2.30000000E-012	3.23000000E-011	2.24000000E-011	9.98990000E-001	2.99890000E+000	4.99900000E+000	1.00000000E+000	3.00000000E+000	5.00000000E+000	-2.17650000E-010	-1.55200000E-010	2.38500000E-011
1.50000000E+000	-9.24990000E-011	-3.95510000E-011	2.90500000E-011	-1.95500000E-011	-6.51990000E-011	-5.58510000E-011	9.98990000E-001	2.99890000E+000	5.00000000E+000	1.00000000E+000	3.00000000E+000	5.00000000E+000	2.34090000E-010	6.26490000E-011	-4.11000000E-011
1.75000000E+000	7.36510000E-011	-7.29990000E-012	-6.16000000E-011	4.53500000E-011	-3.55010000E-012	-4.81500000E-011	9.98990000E-001	2.99890000E+000	4.99900000E+000	1.00000000E+000	3.00000000E+000	5.00000000E+000	-2.42810000E-010	6.78000000E-011	1.98100000E-010
2.00000000E+000	-3.81510000E-011	6.19490000E-011	8.70490000E-011	-5.82010000E-011	-7.51010000E-011	-4.97010000E-011	9.98990000E-001	2.99890000E+000	5.00000000E+000	1.00000000E+000	3.00000000E+000	5.00000000E+000	6.19490000E-011	-6.12990000E-011	-1.26650000E-010
2.25000000E+000	5.20000000E-012	-6.89510000E-011	-8.72510000E-011	4.36010000E-011	-1.44850000E-010	-1.21850000E-010	9.98990000E-001	2.99890000E+000	4.99900000E+000	1.00000000E+000	3.00000000E+000	5.00000000E+000	8.14990000E-012	3.11840000E-010	2.58200000E-010
2.50000000E+000	2.92500000E-011	7.12000000E-011	6.81480000E-011	-4.87500000E-011	-9.12520000E-011	-6.59990000E-011	9.98990000E-001	3.00000000E+000	4.99900000E+000	1.00000000E+000	3.00000000E+000	5.00000000E+000	-7.07980000E-011	-1.08500000E-011	-2.43000000E-011
2.75000000E+000	-6.26490000E-011	-5.80000000E-012	-2.64000000E-011	8.84980000E-012	-4.12550000E-010	-2.07850000E-010	9.98990000E-001	2.99890000E+000	4.99900000E+000	1.00000000E+000	3.00000000E+000	5.00000000E+000	1.95300000E-010	4.85500000E-010	1.78350000E-010
3.00000000E+000	9.04490000E-011	2.25500000E-011	-4.29990000E-012	1.38000000E-011	-5.81140000E-010	-1.51450000E-010	9.98990000E-001	2.99890000E+000	5.00000000E+000	1.00000000E+000	3.00000000E+000	5.00000000E+000	-2.57800000E-010	5.91400000E-010	2.30750000E-010
3.25000000E+000	-8.64480000E-011	6.79990000E-011	4.07000000E-011	-3.86500000E-011	-1.57100000E-009	-4.27550000E-010	9.98990000E-001	3.00000000E+000	5.00000000E+000	1.00000000E+000	3.00000000E+000	5.00000000E+000	2.17650000E-010	1.60700000E-009	2.67350000E-010
3.50000000E+000	7.24010000E-011	7.33990000E-011	2.46490000E-011	5.59000000E-011	-7.28480000E-010	-1.61950000E-007	9.98990000E-001	2.99890000E+000	4.97190000E+000	1.00000000E+000	3.00000000E+000	5.00000000E+000	-2.16550000E-010	1.01350000E-009	2.39290000E-007
3.75000000E+000	-9.74990000E-012	-1.81000000E-011	-1.05000000E-010	-4.45490000E-011	-3.16400000E-010	-4.93630000E-007	9.98990000E-001	2.99790000E+000	4.93990000E+000	1.00000000E+000	3.00000000E+000	5.00000000E+000	2.14500000E-011	1.93900000E-010	4.14850000E-007
4.00000000E+000	-2.01000000E-011	2.29500000E-011	-6.48010000E-011	4.44500000E-011	-2.20950000E-010	-1.94100000E-006	9.97990000E-001	2.99890000E+000	4.73390000E+000	1.00000000E+000	3.00000000E+000	5.00000000E+000	6.82020000E-011	1.42100000E-010	1.89950000E-006
4.25000000E+000	6.31000000E-011	-3.22000000E-011	4.36010000E-011	-3.40000000E-012	-1.21050000E-010	-1.11500000E-006	9.98990000E-001	2.99890000E+000	4.86300000E+000	1.00000000E+000	3.00000000E+000	5.00000000E+000	-1.56900000E-010	2.74990000E-010	1.17800000E-006
4.50000000E+000	-7.92010000E-011	7.10010000E-011	-8.76990000E-011	-1.55000000E-011	-1.13700000E-010	-1.62050000E-006	9.98990000E-001	2.99890000E+000	4.77780000E+000	1.00000000E+000	3.00000000E+000	5.00000000E+000	2.19400000E-010	-4.96000000E-011	1.96950000E-006
4.75000000E+000	8.07000000E-011	-7.82490000E-011	7.02510000E-011	3.11500000E-011	-1.28650000E-010	-3.19050000E-005	9.98990000E-001	2.99890000E+000	5.44980000E-001	1.00000000E+000	3.00000000E+000	5.00000000E+000	-1.57900000E-010	2.95960000E-010	3.20150000E-005
5.00000000E+000	-5.26990000E-011	6.77010000E-011	5.48010000E-011	-4.82000000E-011	-7.22510000E-011	-3.22890000E-005	9.98990000E-001	2.99890000E+000	4.89990000E-001	1.00000000E+000	3.00000000E+000	5.00000000E+000	1.35750000E-010	-5.16990000E-011	3.22850000E-005

TEST RESULTS:  NOT  04/18/2025  17:21:01


