ATTRIBUTES:

Attribute #1:C:\Metrics\ics\projects\6.2600J_S25\buonato_NOT.ics
Attribute #2:Test
Attribute #3:dev1
Attribute #4:PASSED
SETUP:NOT  04/18/2025  12:04:26
DATE:04/18/2025
TIME:12:04:26

CONDITIONS:

ID:	VDD	
UNIT:	SMU4	
MODE: STEP	
START:	10	
STOP:	4	
PNTS:	4	
STEP:	-2

ID:	I0P	
UNIT:	SMU1	
MODE: SWEEP	
START:	10	
STOP:	0	
PNTS:	51	
STEP:	-0.2

ID:	VSS	
UNIT:	SMU2	
START:	0	
STOP:	1	
PNTS:	1	
	STEP:	0

ID:	OUT	
UNIT:	SMU3	
MODE: CONST	
VALUE:	0

DATA:  NOT  04/18/2025  12:04:26

VI0P	II0P	II0P2	II0P3	II0P4	IVSS	IVSS2	IVSS3	IVSS4	VOUT	VOUT2	VOUT3	VOUT4	VVDD	VVDD2	VVDD3	VVDD4	IVDD	IVDD2	IVDD3	IVDD4
1.00000000E+001	2.61700000E-007	2.06750000E-007	2.01250000E-007	1.94490000E-007	-1.04500000E-004	-5.67190000E-005	-7.55350000E-006	-4.72400000E-007	5.90000000E-002	2.34190000E+000	5.97490000E+000	3.99890000E+000	1.00000000E+001	8.00000000E+000	6.00000000E+000	4.00000000E+000	1.04000000E-004	5.16750000E-005	7.00940000E-006	2.47990000E-007
9.80000000E+000	1.42950000E-007	1.22600000E-007	1.21750000E-007	1.18200000E-007	-1.03200000E-004	-4.67950000E-005	-6.61240000E-006	-3.46790000E-007	7.09990000E-002	3.80590000E+000	5.98100000E+000	3.99890000E+000	1.00000000E+001	8.00000000E+000	6.00000000E+000	4.00000000E+000	1.03100000E-004	4.63350000E-005	6.47340000E-006	2.30040000E-007
9.60000000E+000	8.34660000E-008	7.10130000E-008	7.31160000E-008	7.23260000E-008	-1.01090000E-004	-3.91840000E-005	-5.73900000E-006	-2.84200000E-007	9.10000000E-002	4.73290000E+000	5.98390000E+000	3.99890000E+000	1.00000000E+001	8.00000000E+000	6.00000000E+000	4.00000000E+000	1.00810000E-004	3.89090000E-005	5.63750000E-006	2.09500000E-007
9.40000000E+000	4.52860000E-008	3.92900000E-008	4.28240000E-008	4.40300000E-008	-9.76100000E-005	-3.36000000E-005	-5.00000000E-006	-2.33190000E-007	1.03000000E-001	5.14990000E+000	5.98680000E+000	3.99890000E+000	1.00000000E+001	8.00000000E+000	6.00000000E+000	4.00000000E+000	9.75280000E-005	3.34100000E-005	4.93900000E-006	1.91650000E-007
9.20000000E+000	2.49200000E-008	2.07650000E-008	2.40650000E-008	2.63450000E-008	-9.01030000E-005	-2.06000000E-005	-4.15390000E-006	-2.04550000E-007	1.17000000E-001	6.83200000E+000	5.98800000E+000	3.99890000E+000	1.00000000E+001	8.00000000E+000	6.00000000E+000	4.00000000E+000	9.00550000E-005	2.06300000E-005	4.11740000E-006	1.75500000E-007
9.00000000E+000	5.04880000E-009	6.32900000E-009	1.26550000E-008	1.54900000E-008	-5.57660000E-004	-1.97750000E-005	-3.38590000E-006	-1.81050000E-007	9.99460000E+000	7.99190000E+000	5.99100000E+000	3.99890000E+000	1.00000000E+001	8.00000000E+000	6.00000000E+000	4.00000000E+000	5.44550000E-004	1.97050000E-005	3.36550000E-006	1.65300000E-007
8.80000000E+000	2.08300000E-009	2.19100000E-009	6.19390000E-009	8.83890000E-009	-8.18190000E-004	-4.15150000E-005	-2.62290000E-006	-1.47450000E-007	9.99170000E+000	7.99880000E+000	5.99190000E+000	3.99890000E+000	1.00000000E+001	8.00000000E+000	6.00000000E+000	4.00000000E+000	7.92650000E-004	4.07140000E-005	2.61140000E-006	1.38690000E-007
8.60000000E+000	1.04450000E-009	1.04700000E-009	2.65450000E-009	4.91830000E-009	-8.11220000E-004	-6.68500000E-005	-2.11000000E-006	-1.29550000E-007	9.99170000E+000	7.99880000E+000	5.99190000E+000	3.99890000E+000	1.00000000E+001	8.00000000E+000	6.00000000E+000	4.00000000E+000	7.86870000E-004	6.56140000E-005	2.11140000E-006	1.25100000E-007
8.40000000E+000	5.49360000E-010	5.87130000E-010	1.15650000E-009	2.63840000E-009	-9.47210000E-004	-5.94540000E-005	-1.76950000E-006	-1.06250000E-007	9.99070000E+000	7.99780000E+000	5.99190000E+000	3.99890000E+000	1.00000000E+001	8.00000000E+000	6.00000000E+000	4.00000000E+000	9.22410000E-004	5.89400000E-005	1.74600000E-006	1.05650000E-007
8.20000000E+000	3.08150000E-010	3.00940000E-010	5.52460000E-010	1.34400000E-009	-5.82220000E-004	-4.65940000E-005	-1.42450000E-006	-8.56850000E-008	9.99370000E+000	7.99000000E+000	5.99190000E+000	3.99890000E+000	1.00000000E+001	8.00000000E+000	6.00000000E+000	4.00000000E+000	5.67550000E-004	4.60840000E-005	1.43250000E-006	8.73190000E-008
8.00000000E+000	1.20550000E-010	1.88100000E-010	2.73000000E-010	7.01450000E-010	-5.43650000E-004	-3.79940000E-005	-1.11950000E-006	-6.81390000E-008	9.99610000E+000	7.97000000E+000	5.99290000E+000	3.99890000E+000	1.00000000E+001	8.00000000E+000	6.00000000E+000	4.00000000E+000	5.42460000E-004	3.77740000E-005	1.11950000E-006	6.66330000E-008
7.80000000E+000	1.02850000E-010	4.94010000E-011	1.11150000E-010	3.04350000E-010	-4.87060000E-004	-3.17300000E-005	-1.00850000E-006	-5.25510000E-008	9.99460000E+000	7.92700000E+000	5.99290000E+000	3.99890000E+000	1.00000000E+001	8.00000000E+000	6.00000000E+000	4.00000000E+000	4.85360000E-004	3.15050000E-005	1.01990000E-006	5.34490000E-008
7.60000000E+000	-6.99990000E-013	6.43510000E-011	8.50480000E-011	1.84750000E-010	-4.32360000E-004	-2.72900000E-005	-9.24130000E-007	-4.70240000E-008	9.99610000E+000	7.85890000E+000	5.99390000E+000	3.99890000E+000	1.00000000E+001	8.00000000E+000	6.00000000E+000	4.00000000E+000	4.31260000E-004	2.72300000E-005	9.10830000E-007	4.57690000E-008
7.40000000E+000	3.65010000E-011	-2.64000000E-011	1.96500000E-011	4.27000000E-011	-3.85510000E-004	-2.40300000E-005	-8.65280000E-007	-4.12200000E-008	9.99610000E+000	7.77200000E+000	5.99390000E+000	3.99890000E+000	1.00000000E+001	8.00000000E+000	6.00000000E+000	4.00000000E+000	3.85000000E-004	2.39350000E-005	8.59520000E-007	3.82550000E-008
7.20000000E+000	-2.63000000E-011	5.13490000E-011	2.96000000E-011	6.97510000E-011	-3.45260000E-004	-2.19200000E-005	-8.82340000E-007	-3.89590000E-008	9.99710000E+000	7.68580000E+000	5.99490000E+000	3.99890000E+000	1.00000000E+001	8.00000000E+000	6.00000000E+000	4.00000000E+000	3.44860000E-004	2.20250000E-005	8.93720000E-007	3.91050000E-008
7.00000000E+000	2.95000000E-011	-3.80500000E-011	-1.83000000E-011	-1.25500000E-011	-3.14150000E-004	-2.01950000E-005	-8.51170000E-007	-3.81500000E-008	9.99800000E+000	7.61890000E+000	5.99490000E+000	3.99890000E+000	1.00000000E+001	8.00000000E+000	6.00000000E+000	4.00000000E+000	3.13950000E-004	2.01590000E-005	8.53090000E-007	3.84440000E-008
6.80000000E+000	-3.77490000E-011	3.97990000E-011	2.90000000E-011	4.45490000E-011	-2.84660000E-004	-1.84400000E-005	-8.03930000E-007	-3.97900000E-008	9.99800000E+000	7.57790000E+000	5.99490000E+000	3.99890000E+000	1.00000000E+001	8.00000000E+000	6.00000000E+000	4.00000000E+000	2.84400000E-004	1.84640000E-005	8.06930000E-007	3.77350000E-008
6.60000000E+000	2.10500000E-011	-4.18490000E-011	-1.10000000E-011	-2.24500000E-011	-2.62050000E-004	-1.72950000E-005	-7.25880000E-007	-3.84440000E-008	9.99800000E+000	7.55590000E+000	5.99490000E+000	3.99890000E+000	1.00000000E+001	8.00000000E+000	6.00000000E+000	4.00000000E+000	2.62250000E-004	1.72550000E-005	7.18570000E-007	3.64650000E-008
6.40000000E+000	-4.71500000E-011	1.66000000E-011	2.13000000E-011	2.60500000E-011	-2.41750000E-004	-1.60450000E-005	-7.11440000E-007	-3.37150000E-008	9.99710000E+000	7.54880000E+000	5.99580000E+000	3.99890000E+000	1.00000000E+001	8.00000000E+000	6.00000000E+000	4.00000000E+000	2.41210000E-004	1.61000000E-005	7.31580000E-007	3.62250000E-008
6.20000000E+000	1.13500000E-011	-2.92500000E-011	-2.50000000E-011	-3.35000000E-011	-2.24960000E-004	-1.49900000E-005	-7.91540000E-007	-3.58050000E-008	9.99610000E+000	7.54780000E+000	5.99580000E+000	3.99890000E+000	1.00000000E+001	8.00000000E+000	6.00000000E+000	4.00000000E+000	2.24550000E-004	1.49850000E-005	8.07890000E-007	3.35890000E-008
6.00000000E+000	-3.93500000E-011	1.70500000E-011	8.55000000E-012	2.05500000E-011	-2.10750000E-004	-1.43550000E-005	-7.68280000E-007	-3.28400000E-008	9.99170000E+000	7.55490000E+000	5.99580000E+000	3.99890000E+000	1.00000000E+001	8.00000000E+000	6.00000000E+000	4.00000000E+000	2.10400000E-004	1.43450000E-005	7.78640000E-007	3.16450000E-008
5.80000000E+000	7.85010000E-012	-3.70500000E-011	-4.44500000E-011	-4.16500000E-011	-1.96150000E-004	-1.34950000E-005	-7.54050000E-007	-3.44350000E-008	9.98580000E+000	7.56490000E+000	5.99580000E+000	3.99890000E+000	1.00000000E+001	8.00000000E+000	6.00000000E+000	4.00000000E+000	1.95450000E-004	1.34850000E-005	7.63390000E-007	3.34000000E-008
5.60000000E+000	-4.88500000E-011	1.44500000E-011	8.45010000E-012	6.60010000E-012	-1.83850000E-004	-1.30750000E-005	-7.36530000E-007	-3.24340000E-008	9.97170000E+000	7.57690000E+000	5.99580000E+000	3.99890000E+000	1.00000000E+001	8.00000000E+000	6.00000000E+000	4.00000000E+000	1.83650000E-004	1.30050000E-005	7.28870000E-007	3.25910000E-008
5.40000000E+000	3.60000000E-012	-4.02510000E-011	-2.85490000E-011	-4.55000000E-011	-1.72800000E-004	-1.24250000E-005	-7.40980000E-007	-3.85640000E-008	9.94290000E+000	7.59180000E+000	5.99580000E+000	3.99890000E+000	1.00000000E+001	8.00000000E+000	6.00000000E+000	4.00000000E+000	1.72400000E-004	1.24550000E-005	7.50320000E-007	3.79840000E-008
5.20000000E+000	-4.64000000E-011	2.23000000E-011	-1.05000000E-012	5.45010000E-012	-1.62650000E-004	-1.18650000E-005	-7.65920000E-007	-3.56960000E-008	9.89210000E+000	7.61080000E+000	5.99680000E+000	3.99890000E+000	1.00000000E+001	8.00000000E+000	6.00000000E+000	4.00000000E+000	1.62250000E-004	1.18900000E-005	7.62230000E-007	3.63650000E-008
5.00000000E+000	-4.29990000E-012	-4.45490000E-011	-3.77990000E-011	-4.92990000E-011	-1.53750000E-004	-1.13850000E-005	-7.28320000E-007	-3.09650000E-008	9.80270000E+000	7.62990000E+000	5.99680000E+000	3.99890000E+000	1.00000000E+001	8.00000000E+000	6.00000000E+000	4.00000000E+000	1.53400000E-004	1.13900000E-005	7.41480000E-007	2.92550000E-008
4.80000000E+000	-4.81000000E-011	1.14000000E-011	-6.05010000E-012	3.65000000E-012	-1.47100000E-004	-1.10000000E-005	-6.70990000E-007	-3.32350000E-008	9.65090000E+000	7.64890000E+000	5.99680000E+000	3.99890000E+000	1.00000000E+001	8.00000000E+000	6.00000000E+000	4.00000000E+000	1.46950000E-004	1.10500000E-005	7.01550000E-007	3.19800000E-008
4.60000000E+000	-5.50000000E-012	-4.72990000E-011	-4.67010000E-011	-4.81500000E-011	-1.40000000E-004	-1.04650000E-005	-6.68430000E-007	-3.36690000E-008	9.42870000E+000	7.66800000E+000	5.99680000E+000	3.99890000E+000	1.00000000E+001	8.00000000E+000	6.00000000E+000	4.00000000E+000	1.39500000E-004	1.04200000E-005	6.84550000E-007	3.24800000E-008
4.40000000E+000	-5.16000000E-011	1.21500000E-011	2.05000000E-012	1.65000000E-012	-1.34200000E-004	-1.02090000E-005	-7.69240000E-007	-3.36860000E-008	9.15280000E+000	7.68800000E+000	5.99680000E+000	3.99890000E+000	1.00000000E+001	8.00000000E+000	6.00000000E+000	4.00000000E+000	1.34100000E-004	1.01430000E-005	7.79750000E-007	3.52450000E-008
4.20000000E+000	1.70000000E-012	2.22000000E-011	-4.20000000E-011	-4.52000000E-011	-1.29850000E-004	-9.66340000E-006	-7.28440000E-007	-3.36460000E-008	8.83890000E+000	7.70480000E+000	5.99680000E+000	3.99890000E+000	1.00000000E+001	8.00000000E+000	6.00000000E+000	4.00000000E+000	1.29600000E-004	9.70950000E-006	7.16680000E-007	3.42550000E-008
4.00000000E+000	-5.94510000E-011	-3.90000000E-011	2.20000000E-012	-1.74000000E-011	-1.25750000E-004	-9.39330000E-006	-7.54750000E-007	-3.15600000E-008	8.49800000E+000	7.72190000E+000	5.99680000E+000	3.99990000E+000	1.00000000E+001	8.00000000E+000	6.00000000E+000	4.00000000E+000	1.25700000E-004	9.44550000E-006	7.41330000E-007	3.28400000E-008
3.80000000E+000	-7.15000000E-012	1.13500000E-011	-5.22000000E-011	-5.33990000E-011	-1.22650000E-004	-9.25640000E-006	-7.50320000E-007	-3.29290000E-008	8.13380000E+000	7.73580000E+000	5.99680000E+000	3.99890000E+000	1.00000000E+001	8.00000000E+000	6.00000000E+000	4.00000000E+000	1.22750000E-004	9.28620000E-006	7.70780000E-007	3.04210000E-008
3.60000000E+000	-6.05990000E-011	-4.17000000E-011	1.25000000E-012	-2.17500000E-011	-1.19850000E-004	-8.99940000E-006	-8.19330000E-007	-3.57790000E-008	7.77880000E+000	7.74880000E+000	5.99680000E+000	3.99890000E+000	1.00000000E+001	8.00000000E+000	6.00000000E+000	4.00000000E+000	1.19900000E-004	8.89880000E-006	7.92670000E-007	3.72260000E-008
3.40000000E+000	-4.50000000E-012	-3.50000000E-013	-3.70500000E-011	-5.44510000E-011	-1.16700000E-004	-8.75720000E-006	-7.72790000E-007	-3.40840000E-008	7.37600000E+000	7.76290000E+000	5.99680000E+000	3.99890000E+000	1.00000000E+001	8.00000000E+000	6.00000000E+000	4.00000000E+000	1.16600000E-004	8.81590000E-006	7.76430000E-007	3.36750000E-008
3.20000000E+000	-7.27990000E-011	-4.17000000E-011	1.15500000E-011	-2.67500000E-011	-1.14850000E-004	-8.74000000E-006	-7.66240000E-007	-3.45240000E-008	7.00290000E+000	7.77300000E+000	5.99780000E+000	3.99890000E+000	1.00000000E+001	8.00000000E+000	6.00000000E+000	4.00000000E+000	1.14750000E-004	8.63900000E-006	7.27590000E-007	3.58300000E-008
3.00000000E+000	-2.22500000E-011	5.30000000E-012	-4.94500000E-011	-5.13000000E-011	-1.12900000E-004	-8.27020000E-006	-7.93400000E-007	-3.39810000E-008	6.64890000E+000	7.78390000E+000	5.99680000E+000	3.99890000E+000	1.00000000E+001	8.00000000E+000	6.00000000E+000	4.00000000E+000	1.13000000E-004	8.17470000E-006	8.12430000E-007	3.47040000E-008
2.80000000E+000	-8.87000000E-011	-4.24990000E-011	8.30000000E-012	-3.10510000E-011	-1.10700000E-004	-8.20450000E-006	-8.27740000E-007	-3.24200000E-008	6.31300000E+000	7.79390000E+000	5.99680000E+000	3.99890000E+000	1.00000000E+001	8.00000000E+000	6.00000000E+000	4.00000000E+000	1.10300000E-004	8.20170000E-006	8.29490000E-007	3.25540000E-008
2.60000000E+000	-4.57000000E-011	1.68500000E-011	-5.18000000E-011	-4.46510000E-011	-1.08700000E-004	-7.90230000E-006	-8.03530000E-007	-3.11850000E-008	6.04980000E+000	7.80300000E+000	5.99680000E+000	3.99890000E+000	1.00000000E+001	8.00000000E+000	6.00000000E+000	4.00000000E+000	1.08900000E-004	8.04200000E-006	8.49070000E-007	3.32090000E-008
2.40000000E+000	-1.20050000E-010	-5.61510000E-011	5.94990000E-012	-3.45000000E-011	-1.07350000E-004	-7.95260000E-006	-8.69270000E-007	-3.28660000E-008	5.75290000E+000	7.81080000E+000	5.99780000E+000	3.99890000E+000	1.00000000E+001	8.00000000E+000	6.00000000E+000	4.00000000E+000	1.07500000E-004	7.98470000E-006	8.64730000E-007	3.16700000E-008
2.20000000E+000	-1.11800000E-010	-9.09980000E-012	-4.81000000E-011	-4.97010000E-011	-1.05450000E-004	-7.84080000E-006	-7.77480000E-007	-3.54760000E-008	5.51490000E+000	7.81980000E+000	5.99680000E+000	3.99890000E+000	1.00000000E+001	8.00000000E+000	6.00000000E+000	4.00000000E+000	1.05650000E-004	7.82690000E-006	8.03870000E-007	3.60850000E-008
2.00000000E+000	-2.15150000E-010	-4.27000000E-011	9.90010000E-012	-2.50500000E-011	-1.04500000E-004	-7.54050000E-006	-8.71190000E-007	-3.28600000E-008	5.25900000E+000	7.82690000E+000	5.99680000E+000	3.99890000E+000	1.00000000E+001	8.00000000E+000	6.00000000E+000	4.00000000E+000	1.04150000E-004	7.42030000E-006	8.44470000E-007	3.24200000E-008
1.80000000E+000	-3.09990000E-010	1.50000000E-013	-5.09490000E-011	-4.71500000E-011	-1.02450000E-004	-7.68580000E-006	-8.19590000E-007	-2.98200000E-008	5.08980000E+000	7.83500000E+000	5.99780000E+000	3.99890000E+000	1.00000000E+001	8.00000000E+000	6.00000000E+000	4.00000000E+000	1.02550000E-004	7.66060000E-006	7.84030000E-007	3.04350000E-008
1.60000000E+000	-4.47200000E-010	-4.27500000E-011	8.99990000E-012	-2.15500000E-011	-1.00550000E-004	-7.34740000E-006	-8.20490000E-007	-3.11990000E-008	4.90890000E+000	7.83980000E+000	5.99780000E+000	3.99890000E+000	1.00000000E+001	8.00000000E+000	6.00000000E+000	4.00000000E+000	1.00170000E-004	7.41050000E-006	7.96570000E-007	3.18100000E-008
1.40000000E+000	-6.81840000E-010	-1.06000000E-011	-5.28010000E-011	-4.16010000E-011	-9.90440000E-005	-7.28990000E-006	-8.71770000E-007	-2.93200000E-008	4.80100000E+000	7.84500000E+000	5.99780000E+000	3.99890000E+000	1.00000000E+001	8.00000000E+000	6.00000000E+000	4.00000000E+000	9.89880000E-005	7.26500000E-006	8.61030000E-007	2.83850000E-008
1.20000000E+000	-1.16650000E-009	-4.66510000E-011	1.54000000E-011	-3.28010000E-011	-9.89700000E-005	-7.04800000E-006	-8.44880000E-007	-2.67150000E-008	4.50290000E+000	7.85180000E+000	5.99780000E+000	3.99890000E+000	1.00000000E+001	8.00000000E+000	6.00000000E+000	4.00000000E+000	9.89140000E-005	7.04200000E-006	8.39850000E-007	2.64400000E-008
1.00000000E+000	-1.88950000E-009	-1.40000000E-011	-5.03490000E-011	-3.39000000E-011	-1.00460000E-004	-7.11040000E-006	-7.71950000E-007	-3.02240000E-008	4.15090000E+000	7.85690000E+000	5.99680000E+000	3.99890000E+000	1.00000000E+001	8.00000000E+000	6.00000000E+000	4.00000000E+000	1.00570000E-004	7.12250000E-006	7.85190000E-007	2.92200000E-008
8.00000000E-001	-2.89590000E-009	-6.37500000E-011	-3.00000000E-013	-2.84000000E-011	-1.01130000E-004	-7.09740000E-006	-7.96050000E-007	-3.16790000E-008	3.92590000E+000	7.86180000E+000	5.99780000E+000	3.99890000E+000	1.00000000E+001	8.00000000E+000	6.00000000E+000	4.00000000E+000	1.01340000E-004	7.09200000E-006	7.91970000E-007	3.29150000E-008
6.00000000E-001	-4.41700000E-009	-2.39500000E-011	-4.91000000E-011	-3.82500000E-011	-1.01970000E-004	-6.98750000E-006	-7.86300000E-007	-3.07450000E-008	3.65100000E+000	7.86690000E+000	5.99780000E+000	3.99890000E+000	1.00000000E+001	8.00000000E+000	6.00000000E+000	4.00000000E+000	1.02150000E-004	6.94650000E-006	7.68780000E-007	2.97250000E-008
4.00000000E-001	-6.55090000E-009	-7.93000000E-011	1.65000000E-012	-2.62500000E-011	-1.02150000E-004	-6.92440000E-006	-7.80450000E-007	-3.22850000E-008	3.52490000E+000	7.87080000E+000	5.99780000E+000	3.99890000E+000	1.00000000E+001	8.00000000E+000	6.00000000E+000	4.00000000E+000	1.01600000E-004	7.08640000E-006	8.10130000E-007	3.35490000E-008
2.00000000E-001	-9.91900000E-009	-7.62480000E-011	-5.16000000E-011	-4.94500000E-011	-1.02170000E-004	-6.85500000E-006	-8.47180000E-007	-3.47210000E-008	3.35900000E+000	7.87500000E+000	5.99780000E+000	3.99890000E+000	1.00000000E+001	8.00000000E+000	6.00000000E+000	4.00000000E+000	1.01910000E-004	6.80490000E-006	8.35740000E-007	3.47610000E-008
0.00000000E+000	-1.29300000E-008	-1.83100000E-010	-1.80000000E-012	-1.76000000E-011	-9.96780000E-005	-6.73530000E-006	-7.63040000E-007	-3.15250000E-008	3.59000000E+000	7.87890000E+000	5.99780000E+000	3.99890000E+000	1.00000000E+001	8.00000000E+000	6.00000000E+000	4.00000000E+000	9.98600000E-005	6.71000000E-006	7.90490000E-007	3.17300000E-008

TEST RESULTS:  NOT  04/18/2025  12:04:26


