ATTRIBUTES:

Attribute #1:C:\Metrics\ics\projects\6.2600J_S25\buonato_NOT.ics
Attribute #2:Test
Attribute #3:dev1
Attribute #4:PASSED
SETUP:NOT  04/18/2025  11:50:42
DATE:04/18/2025
TIME:11:50:42

CONDITIONS:

ID:	VDD	
UNIT:	SMU4	
MODE: STEP	
START:	10	
STOP:	4	
PNTS:	4	
STEP:	-2

ID:	I0P	
UNIT:	SMU1	
MODE: SWEEP	
START:	10	
STOP:	3	
PNTS:	36	
STEP:	-0.2

ID:	VSS	
UNIT:	SMU2	
START:	0	
STOP:	1	
PNTS:	1	
	STEP:	0

ID:	OUT	
UNIT:	SMU3	
MODE: CONST	
VALUE:	0

DATA:  NOT  04/18/2025  11:50:42

VI0P	II0P	II0P2	II0P3	II0P4	IVSS	IVSS2	IVSS3	IVSS4	VOUT	VOUT2	VOUT3	VOUT4	VVDD	VVDD2	VVDD3	VVDD4	IVDD	IVDD2	IVDD3	IVDD4
1.00000000E+001	8.20010000E-012	2.32500000E-011	-1.17500000E-011	-6.79990000E-012	-1.26500000E-009	-1.19150000E-009	-1.23450000E-009	-1.10350000E-009	9.99900000E+000	7.99980000E+000	5.99900000E+000	3.99890000E+000	1.00000000E+001	8.00000000E+000	6.00000000E+000	4.00000000E+000	1.25790000E-009	1.17150000E-009	1.18250000E-009	1.04850000E-009
9.80000000E+000	-2.05500000E-011	3.63500000E-011	-1.56000000E-011	-2.13000000E-011	-9.88560000E-010	-9.45530000E-010	-9.63320000E-010	-8.81840000E-010	9.99900000E+000	7.99980000E+000	5.99900000E+000	3.99890000E+000	1.00000000E+001	8.00000000E+000	6.00000000E+000	4.00000000E+000	1.02550000E-009	9.69750000E-010	9.59570000E-010	8.66410000E-010
9.60000000E+000	3.60000000E-011	-2.61500000E-011	3.48500000E-011	3.32000000E-011	-8.14260000E-010	-7.75660000E-010	-7.58030000E-010	-7.22140000E-010	9.99900000E+000	7.99980000E+000	5.99900000E+000	3.99890000E+000	1.00000000E+001	8.00000000E+000	6.00000000E+000	4.00000000E+000	8.33040000E-010	7.85490000E-010	7.65740000E-010	7.17990000E-010
9.40000000E+000	-1.88000000E-011	3.47000000E-011	-1.28000000E-011	-1.66500000E-011	-6.80390000E-010	-6.14250000E-010	-6.51800000E-010	-6.12800000E-010	9.99900000E+000	7.99980000E+000	5.99900000E+000	3.99890000E+000	1.00000000E+001	8.00000000E+000	6.00000000E+000	4.00000000E+000	7.07190000E-010	6.15240000E-010	6.51650000E-010	6.19590000E-010
9.20000000E+000	1.16500000E-011	-7.64990000E-012	-1.90000000E-012	1.13000000E-011	-5.42000000E-010	-5.34440000E-010	-5.19430000E-010	-4.94340000E-010	9.99900000E+000	7.99980000E+000	5.99900000E+000	3.99890000E+000	1.00000000E+001	8.00000000E+000	6.00000000E+000	4.00000000E+000	5.50700000E-010	5.50640000E-010	5.19430000E-010	4.98010000E-010
9.00000000E+000	1.24000000E-011	-7.50010000E-013	2.21000000E-011	2.37000000E-011	-4.63040000E-010	-4.19500000E-010	-4.37590000E-010	-4.31140000E-010	9.99900000E+000	7.99980000E+000	5.99900000E+000	3.99890000E+000	1.00000000E+001	8.00000000E+000	6.00000000E+000	4.00000000E+000	4.89390000E-010	4.14000000E-010	4.40050000E-010	4.29250000E-010
8.80000000E+000	-2.41000000E-011	2.35500000E-011	-2.19500000E-011	-2.22500000E-011	-3.78600000E-010	-3.58700000E-010	-3.65200000E-010	-3.69650000E-010	9.99900000E+000	7.99980000E+000	5.99900000E+000	3.99890000E+000	1.00000000E+001	8.00000000E+000	6.00000000E+000	4.00000000E+000	3.91850000E-010	3.65500000E-010	3.69100000E-010	3.71950000E-010
8.60000000E+000	3.75010000E-011	-2.76500000E-011	3.26990000E-011	3.09000000E-011	-3.02900000E-010	-3.01600000E-010	-2.87500000E-010	-2.82750000E-010	9.99900000E+000	7.99980000E+000	5.99900000E+000	3.99890000E+000	1.00000000E+001	8.00000000E+000	6.00000000E+000	4.00000000E+000	3.15890000E-010	3.20040000E-010	2.85890000E-010	2.78800000E-010
8.40000000E+000	-1.24000000E-011	2.62500000E-011	-1.47000000E-011	-9.30010000E-012	-2.75940000E-010	-2.35500000E-010	-2.64750000E-010	-2.53750000E-010	9.99900000E+000	7.99980000E+000	5.99900000E+000	3.99890000E+000	1.00000000E+001	8.00000000E+000	6.00000000E+000	4.00000000E+000	2.83550000E-010	2.37150000E-010	2.64900000E-010	2.63800000E-010
8.20000000E+000	-4.20000000E-012	-6.65000000E-012	-1.05000000E-012	-1.02000000E-011	-2.13400000E-010	-2.13700000E-010	-1.97250000E-010	-2.00500000E-010	9.99900000E+000	7.99980000E+000	5.99900000E+000	3.99890000E+000	1.00000000E+001	8.00000000E+000	6.00000000E+000	4.00000000E+000	2.14450000E-010	2.24450000E-010	1.99800000E-010	1.87400000E-010
8.00000000E+000	3.24010000E-011	-6.70000000E-012	1.97000000E-011	2.58000000E-011	-1.79900000E-010	-1.64050000E-010	-1.76400000E-010	-1.73800000E-010	9.99900000E+000	7.99980000E+000	5.99900000E+000	3.99890000E+000	1.00000000E+001	8.00000000E+000	6.00000000E+000	4.00000000E+000	1.81050000E-010	1.72800000E-010	1.77450000E-010	1.68600000E-010
7.80000000E+000	-2.10990000E-011	2.81000000E-011	-2.64000000E-011	-2.62000000E-011	-1.67550000E-010	-1.36950000E-010	-1.58850000E-010	-1.57800000E-010	9.99900000E+000	7.99980000E+000	5.99900000E+000	3.99890000E+000	1.00000000E+001	8.00000000E+000	6.00000000E+000	4.00000000E+000	1.75050000E-010	1.34350000E-010	1.59950000E-010	1.60100000E-010
7.60000000E+000	1.64000000E-011	-2.53500000E-011	2.66500000E-011	1.68000000E-011	-1.12050000E-010	-1.31900000E-010	-1.14000000E-010	-1.06050000E-010	9.99900000E+000	7.99980000E+000	5.99900000E+000	3.99890000E+000	1.00000000E+001	8.00000000E+000	6.00000000E+000	4.00000000E+000	1.17300000E-010	1.23450000E-010	1.12200000E-010	1.11400000E-010
7.40000000E+000	4.20000000E-012	2.37000000E-011	-3.00010000E-012	-3.25000000E-012	-1.17450000E-010	-8.73010000E-011	-1.15550000E-010	-1.00550000E-010	9.99900000E+000	7.99980000E+000	5.99900000E+000	3.99890000E+000	1.00000000E+001	8.00000000E+000	6.00000000E+000	4.00000000E+000	1.19450000E-010	1.05000000E-010	1.06200000E-010	1.33650000E-010
7.20000000E+000	-2.59990000E-011	-5.60000000E-012	-9.20020000E-012	-1.79500000E-011	-8.76990000E-011	-1.00250000E-010	-8.28000000E-011	-8.18510000E-011	9.99900000E+000	7.99980000E+000	5.99900000E+000	3.99890000E+000	1.00000000E+001	8.00000000E+000	6.00000000E+000	4.00000000E+000	9.68500000E-011	9.08000000E-011	7.31500000E-011	7.94990000E-011
7.00000000E+000	3.08000000E-011	-1.29000000E-011	2.74000000E-011	3.03510000E-011	-6.07020000E-011	-6.45490000E-011	-7.75980000E-011	-6.78000000E-011	9.99900000E+000	7.99980000E+000	5.99900000E+000	3.99890000E+000	1.00000000E+001	8.00000000E+000	6.00000000E+000	4.00000000E+000	7.57510000E-011	6.49010000E-011	6.76510000E-011	6.12490000E-011
6.80000000E+000	-1.81500000E-011	2.50500000E-011	-2.64000000E-011	-2.70500000E-011	-7.34490000E-011	-5.69500000E-011	-7.13990000E-011	-7.09510000E-011	9.99900000E+000	7.99980000E+000	6.00000000E+000	3.99890000E+000	1.00000000E+001	8.00000000E+000	6.00000000E+000	4.00000000E+000	9.19510000E-011	5.88510000E-011	7.65010000E-011	7.94990000E-011
6.60000000E+000	2.10000000E-012	-2.94500000E-011	2.57000000E-011	2.02000000E-011	-4.36010000E-011	-6.49510000E-011	-3.25000000E-011	-3.53500000E-011	9.99900000E+000	7.99980000E+000	5.99900000E+000	3.99890000E+000	1.00000000E+001	8.00000000E+000	6.00000000E+000	4.00000000E+000	5.65500000E-011	7.55480000E-011	4.03500000E-011	3.09990000E-011
6.40000000E+000	1.87500000E-011	2.48500000E-011	-9.20020000E-012	-1.59990000E-012	-4.92500000E-011	-2.77500000E-011	-5.59000000E-011	-5.16990000E-011	9.99900000E+000	7.99980000E+000	5.99900000E+000	3.99890000E+000	1.00000000E+001	8.00000000E+000	6.00000000E+000	4.00000000E+000	6.22510000E-011	3.28010000E-011	5.47490000E-011	4.30000000E-011
6.20000000E+000	-2.80000000E-011	-1.42500000E-011	-1.04500000E-011	-2.04000000E-011	-4.15510000E-011	-4.50500000E-011	-3.23490000E-011	-3.52000000E-011	9.99900000E+000	7.99980000E+000	6.00000000E+000	3.99890000E+000	1.00000000E+001	8.00000000E+000	6.00000000E+000	4.00000000E+000	4.54000000E-011	6.17500000E-011	2.54500000E-011	2.83500000E-011
6.00000000E+000	2.68000000E-011	-3.55010000E-012	2.56500000E-011	2.79500000E-011	-1.92000000E-011	-1.57000000E-011	-2.66000000E-011	-2.48000000E-011	9.99900000E+000	7.99980000E+000	5.99900000E+000	3.99890000E+000	1.00000000E+001	8.00000000E+000	6.00000000E+000	4.00000000E+000	2.45000000E-011	3.01000000E-011	2.90000000E-011	1.39000000E-011
5.80000000E+000	-1.50500000E-011	1.72500000E-011	-2.88000000E-011	-2.97500000E-011	-3.26990000E-011	-2.49000000E-011	-2.76000000E-011	-3.25500000E-011	9.99900000E+000	7.99980000E+000	5.99900000E+000	3.99890000E+000	1.00000000E+001	8.00000000E+000	6.00000000E+000	4.00000000E+000	4.28000000E-011	3.49500000E-011	2.38500000E-011	2.30500000E-011
5.60000000E+000	-5.34990000E-012	-2.50000000E-011	2.36000000E-011	1.87500000E-011	-1.95000000E-012	-1.10000000E-011	-2.70000000E-012	1.50000000E-012	9.99900000E+000	7.99980000E+000	5.99900000E+000	3.99890000E+000	1.00000000E+001	8.00000000E+000	6.00000000E+000	4.00000000E+000	5.05000000E-012	1.41000000E-011	-5.34990000E-012	-9.15000000E-012
5.40000000E+000	1.79000000E-011	2.65000000E-011	-1.51500000E-011	-7.95010000E-012	-9.40000000E-012	8.49980000E-013	-2.24000000E-011	-2.46490000E-011	9.99900000E+000	7.99980000E+000	5.99900000E+000	3.99890000E+000	1.00000000E+001	8.00000000E+000	6.00000000E+000	4.00000000E+000	1.42000000E-011	4.50000000E-013	3.05500000E-011	2.66500000E-011
5.20000000E+000	-3.07010000E-011	-2.59000000E-011	-1.35000000E-012	-1.28500000E-011	-8.65000000E-012	-1.68500000E-011	3.00010000E-012	-9.50020000E-013	9.99900000E+000	7.99980000E+000	5.99900000E+000	3.99890000E+000	1.00000000E+001	8.00000000E+000	6.00000000E+000	4.00000000E+000	1.75500000E-011	3.25000000E-011	-1.30000000E-012	4.10010000E-012
5.00000000E+000	2.65500000E-011	1.17000000E-011	1.08500000E-011	2.58000000E-011	1.39000000E-011	1.09000000E-011	-1.04500000E-011	-3.10000000E-012	9.99900000E+000	7.99980000E+000	5.99900000E+000	3.99890000E+000	1.00000000E+001	8.00000000E+000	6.00000000E+000	4.00000000E+000	3.15000000E-012	-5.64990000E-012	3.50000000E-012	7.89990000E-012
4.80000000E+000	-1.94500000E-011	1.75000000E-012	-3.01000000E-011	-2.89500000E-011	-1.09000000E-011	-6.74990000E-012	-3.45000000E-012	-3.40000000E-012	9.99900000E+000	7.99980000E+000	6.00000000E+000	3.99890000E+000	1.00000000E+001	8.00000000E+000	6.00000000E+000	4.00000000E+000	1.91500000E-011	1.07500000E-011	6.79990000E-012	1.50000000E-011
4.60000000E+000	-7.39980000E-012	-2.42500000E-011	2.25500000E-011	2.62000000E-011	7.35010000E-012	1.00000000E-013	9.90010000E-012	1.30500000E-011	9.99900000E+000	7.99980000E+000	5.99900000E+000	3.99890000E+000	1.00000000E+001	8.00000000E+000	6.00000000E+000	4.00000000E+000	-2.55000000E-012	1.40000000E-012	-2.05000000E-012	-2.41490000E-011
4.40000000E+000	1.76000000E-011	2.46490000E-011	-2.81500000E-011	-2.29000000E-011	-2.30000000E-012	3.50000000E-012	-1.03500000E-011	-1.12000000E-011	9.99900000E+000	7.99980000E+000	5.99900000E+000	3.99890000E+000	1.00000000E+001	8.00000000E+000	6.00000000E+000	4.00000000E+000	1.19000000E-011	-9.74990000E-012	1.74500000E-011	9.90010000E-012
4.20000000E+000	-2.79000000E-011	-3.09500000E-011	1.35000000E-011	-6.55010000E-012	-3.69990000E-012	-1.20000000E-011	1.35500000E-011	6.60010000E-012	9.99900000E+000	7.99980000E+000	5.99900000E+000	3.99890000E+000	1.00000000E+001	8.00000000E+000	6.00000000E+000	4.00000000E+000	1.81000000E-011	1.79000000E-011	-6.95000000E-012	-6.50000000E-013
4.00000000E+000	2.36000000E-011	2.01500000E-011	-2.05000000E-012	4.15000000E-012	8.35020000E-012	1.28500000E-011	-1.21500000E-011	-3.80010000E-012	9.99900000E+000	7.99980000E+000	6.00000000E+000	3.99890000E+000	1.00000000E+001	8.00000000E+000	6.00000000E+000	4.00000000E+000	-3.95000000E-012	-4.05010000E-012	1.14000000E-011	1.32500000E-011
3.80000000E+000	-2.47500000E-011	-1.06500000E-011	-2.30500000E-011	-2.50000000E-011	-1.41000000E-011	-1.48000000E-011	1.50000000E-012	8.49980000E-013	9.99900000E+000	7.99980000E+000	6.00000000E+000	3.99890000E+000	1.00000000E+001	8.00000000E+000	6.00000000E+000	4.00000000E+000	1.94500000E-011	6.90000000E-012	8.49980000E-013	1.85000000E-012
3.60000000E+000	-2.10000000E-012	-2.95000000E-012	2.69000000E-011	2.22500000E-011	1.39500000E-011	1.39500000E-011	5.94990000E-012	4.29990000E-012	9.99900000E+000	7.99980000E+000	5.99900000E+000	3.99890000E+000	1.00000000E+001	8.00000000E+000	6.00000000E+000	4.00000000E+000	-9.99980000E-013	-1.38500000E-011	1.75000000E-012	-5.55000000E-012
3.40000000E+000	6.15000000E-012	1.33500000E-011	-3.38010000E-011	-3.39500000E-011	-1.08500000E-011	9.00000000E-013	-6.44990000E-012	-4.35010000E-012	9.99900000E+000	7.99980000E+000	5.99900000E+000	3.99890000E+000	1.00000000E+001	8.00000000E+000	6.00000000E+000	4.00000000E+000	1.11500000E-011	9.90010000E-012	1.44000000E-011	5.50000000E-012
3.20000000E+000	-3.90500000E-011	-2.99000000E-011	2.08500000E-011	2.47000000E-011	-1.80000000E-012	-7.89990000E-012	1.53500000E-011	1.86000000E-011	9.99900000E+000	7.99980000E+000	6.00000000E+000	3.99890000E+000	1.00000000E+001	8.00000000E+000	6.00000000E+000	4.00000000E+000	1.02500000E-011	7.54990000E-012	-6.70000000E-012	-1.92500000E-011
3.00000000E+000	1.45000000E-011	2.59990000E-011	-1.43500000E-011	-2.34000000E-011	6.79990000E-012	1.29000000E-011	-8.99990000E-012	-9.24990000E-012	9.99900000E+000	7.99980000E+000	5.99900000E+000	3.99890000E+000	1.00000000E+001	8.00000000E+000	6.00000000E+000	4.00000000E+000	-1.65000000E-012	-1.23500000E-011	3.09500000E-011	1.16500000E-011

TEST RESULTS:  NOT  04/18/2025  11:50:42


