ATTRIBUTES:

Attribute #1:C:\Metrics\ics\projects\6.2600J_S25\buonato_NOT.ics
Attribute #2:Test
Attribute #3:dev1
Attribute #4:PASSED
SETUP:NOT  04/18/2025  11:20:00
DATE:04/18/2025
TIME:11:20:00

CONDITIONS:

ID:	VDD	
UNIT:	SMU4	
MODE: STEP	
START:	10	
STOP:	4	
PNTS:	4	
STEP:	-2

ID:	I0P	
UNIT:	SMU1	
MODE: SWEEP	
START:	10	
STOP:	3	
PNTS:	36	
STEP:	-0.2

ID:	VSS	
UNIT:	SMU2	
START:	0	
STOP:	1	
PNTS:	1	
	STEP:	0

ID:	OUT	
UNIT:	SMU3	
MODE: CONST	
VALUE:	0

DATA:  NOT  04/18/2025  11:20:00

VI0P	II0P	II0P2	II0P3	II0P4	IVSS	IVSS2	IVSS3	IVSS4	VOUT	VOUT2	VOUT3	VOUT4	VVDD	VVDD2	VVDD3	VVDD4	IVDD	IVDD2	IVDD3	IVDD4
1.00000000E+001	2.61850000E-010	2.00300000E-010	1.67450000E-010	1.56400000E-010	-4.33400000E-005	-3.49690000E-005	-2.65100000E-005	-1.77590000E-005	7.74990000E-001	5.54990000E-001	3.55000000E-001	2.17990000E-001	1.00000000E+001	8.00000000E+000	6.00000000E+000	4.00000000E+000	4.32300000E-005	3.48890000E-005	2.64550000E-005	1.77250000E-005
9.80000000E+000	-5.37260000E-010	1.01100000E-010	8.44520000E-011	8.22490000E-011	-4.16240000E-005	-3.34100000E-005	-2.55140000E-005	-1.71800000E-005	1.14300000E+000	8.92970000E-001	5.66990000E-001	3.43000000E-001	1.00000000E+001	8.00000000E+000	6.00000000E+000	4.00000000E+000	4.16150000E-005	3.33950000E-005	2.55100000E-005	1.71700000E-005
9.60000000E+000	9.23990000E-011	1.01400000E-010	9.54010000E-011	8.69490000E-011	-3.69140000E-005	-2.99090000E-005	-2.34350000E-005	-1.60640000E-005	2.15000000E+000	1.63200000E+000	1.00700000E+000	5.78980000E-001	1.00000000E+001	8.00000000E+000	6.00000000E+000	4.00000000E+000	3.68950000E-005	2.99050000E-005	2.34500000E-005	1.60550000E-005
9.40000000E+000	9.19020000E-011	2.86000000E-011	1.38000000E-011	9.34980000E-012	-2.24100000E-005	-1.93250000E-005	-1.74700000E-005	-1.36100000E-005	5.24900000E+000	3.88790000E+000	2.29900000E+000	1.10100000E+000	1.00000000E+001	8.00000000E+000	6.00000000E+000	4.00000000E+000	2.24350000E-005	1.93300000E-005	1.74400000E-005	1.35950000E-005
9.20000000E+000	1.09500000E-011	2.81500000E-011	2.71990000E-011	3.45000000E-011	-1.18050000E-005	-9.57680000E-006	-8.89320000E-006	-8.60450000E-006	7.48580000E+000	5.97680000E+000	4.11500000E+000	2.16600000E+000	1.00000000E+001	8.00000000E+000	6.00000000E+000	4.00000000E+000	1.17950000E-005	9.39100000E-006	8.91740000E-006	8.57660000E-006
9.00000000E+000	2.71990000E-011	-9.50020000E-013	-1.30000000E-012	5.80000000E-012	-5.88390000E-006	-4.47500000E-006	-4.24850000E-006	-4.28390000E-006	8.75290000E+000	7.04490000E+000	5.10080000E+000	3.08500000E+000	1.00000000E+001	8.00000000E+000	6.00000000E+000	4.00000000E+000	5.90900000E-006	4.44710000E-006	4.22800000E-006	4.29740000E-006
8.80000000E+000	-2.75000000E-012	4.01490000E-011	3.31010000E-011	3.28010000E-011	-2.78900000E-006	-2.02350000E-006	-1.92250000E-006	-1.96700000E-006	9.40380000E+000	7.56790000E+000	5.58890000E+000	3.58190000E+000	1.00000000E+001	8.00000000E+000	6.00000000E+000	4.00000000E+000	2.81450000E-006	2.01640000E-006	1.92700000E-006	1.96700000E-006
8.60000000E+000	3.87000000E-011	-1.45500000E-011	-2.06000000E-011	-2.32500000E-011	-1.27700000E-006	-9.24770000E-007	-8.87840000E-007	-9.03440000E-007	9.72800000E+000	7.80490000E+000	5.81100000E+000	3.80700000E+000	1.00000000E+001	8.00000000E+000	6.00000000E+000	4.00000000E+000	1.27600000E-006	9.14320000E-007	8.83240000E-007	8.96630000E-007
8.40000000E+000	-1.71000000E-011	3.90000000E-012	8.90000000E-012	1.00000000E-011	-5.58880000E-007	-3.96790000E-007	-3.93850000E-007	-4.00540000E-007	9.87890000E+000	7.91600000E+000	5.91500000E+000	3.91300000E+000	1.00000000E+001	8.00000000E+000	6.00000000E+000	4.00000000E+000	5.65830000E-007	3.97650000E-007	3.99040000E-007	3.94200000E-007
8.20000000E+000	8.84980000E-012	2.30500000E-011	2.02500000E-011	2.08000000E-011	-2.47790000E-007	-1.71890000E-007	-1.69050000E-007	-1.66900000E-007	9.94780000E+000	7.96390000E+000	5.96390000E+000	3.96290000E+000	1.00000000E+001	8.00000000E+000	6.00000000E+000	4.00000000E+000	2.45940000E-007	1.71890000E-007	1.69700000E-007	1.70740000E-007
8.00000000E+000	2.10990000E-011	-2.32000000E-011	-2.30500000E-011	-2.29500000E-011	-9.94470000E-008	-7.34250000E-008	-7.29300000E-008	-7.89000000E-008	9.97900000E+000	7.98580000E+000	5.98290000E+000	3.98190000E+000	1.00000000E+001	8.00000000E+000	6.00000000E+000	4.00000000E+000	1.03850000E-007	7.39380000E-008	7.38980000E-008	8.15590000E-008
7.80000000E+000	4.05010000E-012	-9.34980000E-012	-5.85000000E-012	-5.80000000E-012	-4.34790000E-008	-3.04150000E-008	-3.19050000E-008	-3.22340000E-008	9.99070000E+000	7.99490000E+000	5.99290000E+000	3.99190000E+000	1.00000000E+001	8.00000000E+000	6.00000000E+000	4.00000000E+000	4.45850000E-008	3.03950000E-008	3.17940000E-008	3.31060000E-008
7.60000000E+000	2.97500000E-011	2.31500000E-011	2.72500000E-011	2.56000000E-011	-1.79400000E-008	-1.31050000E-008	-1.32750000E-008	-1.38700000E-008	9.99800000E+000	7.99880000E+000	5.99580000E+000	3.99600000E+000	1.00000000E+001	8.00000000E+000	6.00000000E+000	4.00000000E+000	1.76100000E-008	1.31950000E-008	1.33950000E-008	1.41900000E-008
7.40000000E+000	-3.99990000E-012	-2.78500000E-011	-2.44500000E-011	-2.70000000E-011	-7.70930000E-009	-5.78530000E-009	-5.87190000E-009	-5.71440000E-009	9.99900000E+000	7.99980000E+000	5.99780000E+000	3.99790000E+000	1.00000000E+001	8.00000000E+000	6.00000000E+000	4.00000000E+000	8.04950000E-009	6.12390000E-009	5.90330000E-009	6.24780000E-009
7.20000000E+000	-4.70000000E-012	-2.83000000E-011	-2.71990000E-011	-3.15000000E-011	-3.07400000E-009	-2.46240000E-009	-2.51590000E-009	-2.55590000E-009	9.99900000E+000	8.00100000E+000	5.99900000E+000	3.99890000E+000	1.00000000E+001	8.00000000E+000	6.00000000E+000	4.00000000E+000	3.10890000E-009	2.45950000E-009	2.51390000E-009	2.53900000E-009
7.00000000E+000	-9.24990000E-012	2.58000000E-011	2.61500000E-011	2.71990000E-011	-1.17150000E-009	-1.00250000E-009	-1.05550000E-009	-1.02750000E-009	9.99900000E+000	8.00100000E+000	5.99900000E+000	3.99890000E+000	1.00000000E+001	8.00000000E+000	6.00000000E+000	4.00000000E+000	1.18850000E-009	1.02150000E-009	1.04800000E-009	1.03000000E-009
6.80000000E+000	2.97010000E-011	-2.65000000E-011	-1.87500000E-011	-1.99000000E-011	-4.71460000E-010	-4.34300000E-010	-4.81550000E-010	-4.91840000E-010	1.00000000E+001	8.00100000E+000	5.99900000E+000	3.99890000E+000	1.00000000E+001	8.00000000E+000	6.00000000E+000	4.00000000E+000	4.83740000E-010	4.66710000E-010	5.07900000E-010	4.99710000E-010
6.60000000E+000	-2.39000000E-011	2.77500000E-011	2.57000000E-011	2.61000000E-011	-1.67400000E-010	-1.76600000E-010	-1.83250000E-010	-1.94000000E-010	1.00000000E+001	8.00200000E+000	5.99900000E+000	3.99890000E+000	1.00000000E+001	8.00000000E+000	6.00000000E+000	4.00000000E+000	1.80450000E-010	1.73600000E-010	1.93200000E-010	1.89100000E-010
6.40000000E+000	3.12990000E-011	-2.75000000E-011	-8.55000000E-012	-1.51000000E-011	-4.27500000E-011	-8.77980000E-011	-9.68500000E-011	-1.04450000E-010	9.99900000E+000	8.00200000E+000	5.99900000E+000	3.99890000E+000	1.00000000E+001	8.00000000E+000	6.00000000E+000	4.00000000E+000	4.31000000E-011	1.04850000E-010	9.87020000E-011	1.05450000E-010
6.20000000E+000	-2.32500000E-011	1.98500000E-011	-6.60010000E-012	-3.05000000E-012	-2.94010000E-011	-1.89500000E-011	-2.51500000E-011	-2.64500000E-011	1.00000000E+001	8.00100000E+000	5.99900000E+000	3.99890000E+000	1.00000000E+001	8.00000000E+000	6.00000000E+000	4.00000000E+000	3.70500000E-011	3.37510000E-011	3.56000000E-011	2.34500000E-011
6.00000000E+000	7.10010000E-012	-4.50000000E-012	2.34500000E-011	1.34500000E-011	1.34500000E-011	-2.40500000E-011	-2.07490000E-011	-2.24000000E-011	1.00000000E+001	8.00100000E+000	5.99900000E+000	3.99890000E+000	1.00000000E+001	8.00000000E+000	6.00000000E+000	4.00000000E+000	7.89990000E-012	2.39000000E-011	1.55000000E-011	3.24010000E-011
5.80000000E+000	3.90000000E-012	-8.55000000E-012	-2.53000000E-011	-2.46000000E-011	-1.27500000E-011	5.05000000E-012	-1.47000000E-011	-1.47000000E-011	1.00000000E+001	8.00100000E+000	5.99900000E+000	3.99890000E+000	1.00000000E+001	8.00000000E+000	6.00000000E+000	4.00000000E+000	1.04000000E-011	9.24990000E-012	1.79500000E-011	8.65000000E-012
5.60000000E+000	-2.36000000E-011	2.48000000E-011	2.78000000E-011	2.99000000E-011	8.00000000E-013	-3.80010000E-012	1.00500000E-011	7.35010000E-012	1.00000000E+001	8.00100000E+000	5.99900000E+000	3.99890000E+000	1.00000000E+001	8.00000000E+000	6.00000000E+000	4.00000000E+000	8.35020000E-012	7.60010000E-012	-1.25000000E-011	-2.90000000E-012
5.40000000E+000	2.79500000E-011	-3.19990000E-011	-2.14500000E-011	-1.96000000E-011	7.10010000E-012	-7.74980000E-012	-1.01000000E-011	-1.43000000E-011	1.00000000E+001	8.00100000E+000	5.99900000E+000	3.99890000E+000	1.00000000E+001	8.00000000E+000	6.00000000E+000	4.00000000E+000	-7.70000000E-012	1.72500000E-011	1.53500000E-011	1.08000000E-011
5.20000000E+000	-2.42000000E-011	2.36000000E-011	6.95000000E-012	-1.85000000E-012	-1.19000000E-011	1.25500000E-011	8.39990000E-012	1.15000000E-011	9.99900000E+000	8.00100000E+000	5.99900000E+000	3.99890000E+000	1.00000000E+001	8.00000000E+000	6.00000000E+000	4.00000000E+000	1.71990000E-011	-1.04500000E-011	-5.55000000E-012	-6.60010000E-012
5.00000000E+000	3.45000000E-012	-1.75000000E-011	3.30000000E-012	1.20000000E-011	1.67500000E-011	-1.07500000E-011	-6.39980000E-012	-1.17500000E-011	1.00000000E+001	8.00100000E+000	5.99900000E+000	3.99890000E+000	1.00000000E+001	8.00000000E+000	6.00000000E+000	4.00000000E+000	-2.15500000E-011	1.56000000E-011	1.45000000E-012	1.18000000E-011
4.80000000E+000	6.24990000E-012	-1.65000000E-012	-2.14000000E-011	-2.42500000E-011	-1.17500000E-011	1.60500000E-011	5.00000000E-014	-4.20000000E-012	1.00000000E+001	8.00200000E+000	6.00000000E+000	3.99890000E+000	1.00000000E+001	8.00000000E+000	6.00000000E+000	4.00000000E+000	6.35000000E-012	-3.99980000E-013	5.15010000E-012	1.50000000E-012
4.60000000E+000	-2.20500000E-011	8.49980000E-012	2.53000000E-011	3.14500000E-011	-3.95000000E-012	-2.75000000E-012	6.74990000E-012	1.19000000E-011	1.00000000E+001	8.00100000E+000	5.99900000E+000	3.99890000E+000	1.00000000E+001	8.00000000E+000	6.00000000E+000	4.00000000E+000	8.49980000E-013	1.34500000E-011	1.50000000E-012	-1.43000000E-011
4.40000000E+000	2.70500000E-011	-2.69500000E-011	-3.12500000E-011	-2.47500000E-011	7.49980000E-012	4.54990000E-012	-1.09500000E-011	-9.84990000E-012	1.00000000E+001	8.00100000E+000	6.00000000E+000	3.99890000E+000	1.00000000E+001	8.00000000E+000	6.00000000E+000	4.00000000E+000	-6.60010000E-012	1.51500000E-011	4.75000000E-012	1.91000000E-011
4.20000000E+000	-2.72500000E-011	3.32500000E-011	2.06000000E-011	6.24990000E-012	-1.36000000E-011	7.10010000E-012	1.86000000E-011	1.32500000E-011	1.00000000E+001	8.00200000E+000	5.99900000E+000	3.99890000E+000	1.00000000E+001	8.00000000E+000	6.00000000E+000	4.00000000E+000	1.02500000E-011	-7.85010000E-012	-8.59980000E-012	-1.17500000E-011
4.00000000E+000	9.09980000E-012	-2.89500000E-011	-9.24990000E-012	5.80000000E-012	1.00000000E-011	-1.28000000E-011	-1.38000000E-011	-3.69990000E-012	1.00000000E+001	8.00200000E+000	5.99900000E+000	3.99890000E+000	1.00000000E+001	8.00000000E+000	6.00000000E+000	4.00000000E+000	1.00000000E-013	6.10000000E-012	1.29000000E-011	8.39990000E-012
3.80000000E+000	7.54990000E-012	1.86000000E-011	-7.39980000E-012	-2.32000000E-011	-1.27500000E-011	1.81000000E-011	6.79990000E-012	-2.30000000E-012	1.00000000E+001	8.00100000E+000	5.99900000E+000	3.99890000E+000	1.00000000E+001	8.00000000E+000	6.00000000E+000	4.00000000E+000	1.48000000E-011	-9.90010000E-012	-6.65000000E-012	3.15000000E-012
3.60000000E+000	-2.25500000E-011	3.50000000E-013	1.96500000E-011	2.96000000E-011	-1.80000000E-012	-8.74990000E-012	-5.00000000E-012	1.07000000E-011	1.00000000E+001	8.00100000E+000	5.99900000E+000	3.99890000E+000	1.00000000E+001	8.00000000E+000	6.00000000E+000	4.00000000E+000	1.30000000E-012	9.65010000E-012	-7.50010000E-013	-1.68000000E-011
3.40000000E+000	2.92000000E-011	-1.02500000E-011	-3.07510000E-011	-2.88000000E-011	1.36000000E-011	1.55000000E-012	-1.13000000E-011	-1.48500000E-011	1.00000000E+001	8.00200000E+000	5.99900000E+000	3.99890000E+000	1.00000000E+001	8.00000000E+000	6.00000000E+000	4.00000000E+000	-1.30000000E-011	-1.50500000E-011	1.61000000E-011	1.74000000E-011
3.20000000E+000	-2.39000000E-011	2.22500000E-011	3.09500000E-011	1.63500000E-011	-1.16500000E-011	-3.00010000E-012	1.73000000E-011	2.09500000E-011	1.00000000E+001	8.00100000E+000	5.99900000E+000	3.99890000E+000	1.00000000E+001	8.00000000E+000	6.00000000E+000	4.00000000E+000	1.86500000E-011	-1.85000000E-012	-1.70500000E-011	-1.49500000E-011
3.00000000E+000	6.00010000E-012	-2.91500000E-011	-1.91000000E-011	-3.50000000E-013	1.06500000E-011	-1.04500000E-011	-9.90010000E-012	-9.44970000E-012	1.00000000E+001	8.00100000E+000	5.99900000E+000	3.99890000E+000	1.00000000E+001	8.00000000E+000	6.00000000E+000	4.00000000E+000	-4.90010000E-012	1.57500000E-011	6.24990000E-012	5.25000000E-012

TEST RESULTS:  NOT  04/18/2025  11:20:00


