ATTRIBUTES:

Attribute #1:C:\Metrics\ics\projects\6.2600J_S25\buonato_NOT.ics
Attribute #2:Test
Attribute #3:dev1
Attribute #4:PASSED
SETUP:NOT  04/18/2025  10:40:07
DATE:04/18/2025
TIME:10:40:07

CONDITIONS:

ID:	VDD	
UNIT:	SMU4	
MODE: STEP	
START:	1	
STOP:	4	
PNTS:	4	
STEP:	1

ID:	I0P	
UNIT:	SMU1	
MODE: SWEEP	
START:	-2	
STOP:	4	
PNTS:	61	
STEP:	0.1

ID:	VSS	
UNIT:	SMU2	
START:	0	
STOP:	1	
PNTS:	1	
	STEP:	0

ID:	OUT	
UNIT:	SMU3	
MODE: CONST	
VALUE:	0

DATA:  NOT  04/18/2025  10:40:07

VI0P	II0P	II0P2	II0P3	II0P4	IVSS	IVSS2	IVSS3	IVSS4	VOUT	VOUT2	VOUT3	VOUT4	VVDD	VVDD2	VVDD3	VVDD4	IVDD	IVDD2	IVDD3	IVDD4
-2.00000000E+000	-2.03000000E-011	2.42000000E-011	-2.06500000E-011	-3.42000000E-011	2.40000000E-012	1.37500000E-011	-1.47000000E-011	-1.18500000E-011	9.99970000E-001	1.99990000E+000	3.00000000E+000	3.99990000E+000	1.00000000E+000	2.00000000E+000	3.00000000E+000	4.00000000E+000	-2.15000000E-011	1.93990000E-011	1.48000000E-011	1.41000000E-011
-1.90000000E+000	2.71990000E-011	-1.04500000E-011	-8.49980000E-012	8.20010000E-012	1.11000000E-011	1.05500000E-011	-9.69980000E-012	-9.80010000E-012	9.99970000E-001	1.99990000E+000	3.00000000E+000	3.99990000E+000	1.00000000E+000	2.00000000E+000	3.00000000E+000	4.00000000E+000	-1.85490000E-011	-4.79990000E-012	2.51000000E-011	1.34500000E-011
-1.80000000E+000	1.90500000E-011	1.11000000E-011	-2.78000000E-011	-1.71990000E-011	-1.85000000E-012	1.66000000E-011	-1.63000000E-011	-1.59500000E-011	9.99970000E-001	1.99990000E+000	3.00000000E+000	3.99990000E+000	1.00000000E+000	2.00000000E+000	3.00000000E+000	4.00000000E+000	2.41000000E-011	-1.10500000E-011	2.19000000E-011	2.88500000E-011
-1.70000000E+000	-2.35000000E-012	2.47000000E-011	-2.71990000E-011	-2.71500000E-011	-9.34980000E-012	1.29000000E-011	-6.50000000E-013	-1.30500000E-011	9.98990000E-001	1.99990000E+000	3.00000000E+000	3.99990000E+000	1.00000000E+000	2.00000000E+000	3.00000000E+000	4.00000000E+000	1.41500000E-011	-1.56000000E-011	5.85000000E-012	2.04500000E-011
-1.60000000E+000	-2.54000000E-011	2.49500000E-011	-1.08000000E-011	-2.53500000E-011	-1.26500000E-011	3.15000000E-012	2.95000000E-012	-1.10000000E-012	9.99970000E-001	1.99990000E+000	3.00000000E+000	3.99990000E+000	1.00000000E+000	2.00000000E+000	3.00000000E+000	4.00000000E+000	1.45500000E-011	6.15000000E-012	-1.80000000E-012	9.44970000E-012
-1.50000000E+000	-3.17510000E-011	3.95000000E-012	1.06000000E-011	-2.50000000E-012	-4.84990000E-012	-6.15000000E-012	1.77500000E-011	1.22500000E-011	9.99970000E-001	1.99990000E+000	3.00000000E+000	3.99990000E+000	1.00000000E+000	2.00000000E+000	3.00000000E+000	4.00000000E+000	6.65000000E-012	5.50000000E-012	-9.84990000E-012	-1.99990000E-013
-1.40000000E+000	-1.76990000E-011	-2.29000000E-011	2.97500000E-011	2.90500000E-011	-3.60000000E-012	-1.32000000E-011	1.71990000E-011	1.48500000E-011	9.99970000E-001	1.99990000E+000	3.00000000E+000	3.99990000E+000	1.00000000E+000	2.00000000E+000	3.00000000E+000	4.00000000E+000	-2.20000000E-012	1.02000000E-011	-1.07500000E-011	-1.65500000E-011
-1.30000000E+000	8.99990000E-012	-3.43990000E-011	2.34000000E-011	3.14010000E-011	1.47500000E-011	-1.53500000E-011	-2.10000000E-012	-1.15000000E-012	9.99970000E-001	1.99990000E+000	3.00000000E+000	3.99990000E+000	1.00000000E+000	2.00000000E+000	3.00000000E+000	4.00000000E+000	3.99990000E-012	4.15000000E-012	4.50000000E-013	-5.50000000E-013
-1.20000000E+000	2.77000000E-011	-2.01500000E-011	-1.85000000E-012	1.35500000E-011	1.90500000E-011	-3.69990000E-012	-3.50000000E-012	-3.80010000E-012	9.99970000E-001	1.99990000E+000	3.00000000E+000	3.99990000E+000	1.00000000E+000	2.00000000E+000	3.00000000E+000	4.00000000E+000	-1.75000000E-011	5.34990000E-012	9.94980000E-012	2.05000000E-011
-1.10000000E+000	2.92500000E-011	1.40000000E-012	-2.46000000E-011	-1.06000000E-011	5.60000000E-012	1.22500000E-011	-1.21500000E-011	-1.19500000E-011	9.99970000E-001	1.99990000E+000	3.00000000E+000	3.99990000E+000	1.00000000E+000	2.00000000E+000	3.00000000E+000	4.00000000E+000	-1.62500000E-011	8.30000000E-012	1.46000000E-011	2.48000000E-011
-1.00000000E+000	2.27000000E-011	2.19000000E-011	-2.80490000E-011	-2.71000000E-011	4.50000000E-013	1.25500000E-011	-1.34000000E-011	-1.48000000E-011	9.99970000E-001	1.99990000E+000	3.00000000E+000	3.99990000E+000	1.00000000E+000	2.00000000E+000	3.00000000E+000	4.00000000E+000	4.84990000E-012	-4.29990000E-012	2.71500000E-011	1.38500000E-011
-9.00000000E-001	4.40000000E-012	3.25500000E-011	-2.06000000E-011	-2.77500000E-011	-1.14000000E-011	1.70000000E-012	1.70000000E-012	-9.50020000E-013	9.99970000E-001	1.99990000E+000	3.00000000E+000	3.99990000E+000	1.00000000E+000	2.00000000E+000	3.00000000E+000	4.00000000E+000	8.39990000E-012	-1.41000000E-011	3.90000000E-012	1.12500000E-011
-8.00000000E-001	-1.64000000E-011	6.60010000E-012	2.80000000E-012	-5.69990000E-012	-8.30000000E-012	-5.20000000E-012	1.07500000E-011	1.05500000E-011	9.99970000E-001	1.99990000E+000	3.00000000E+000	3.99990000E+000	1.00000000E+000	2.00000000E+000	3.00000000E+000	4.00000000E+000	1.14500000E-011	6.00010000E-012	-1.06500000E-011	2.50000000E-012
-7.00000000E-001	-2.99000000E-011	-2.08500000E-011	2.54990000E-011	1.78000000E-011	-7.60010000E-012	-1.66000000E-011	1.26500000E-011	1.47000000E-011	9.99970000E-001	1.99990000E+000	3.00000000E+000	3.99990000E+000	1.00000000E+000	2.00000000E+000	3.00000000E+000	4.00000000E+000	4.29990000E-012	1.10000000E-011	-8.14990000E-012	-1.20000000E-011
-6.00000000E-001	-1.92500000E-011	-2.81500000E-011	2.95000000E-011	2.71000000E-011	-1.30000000E-012	-5.15010000E-012	1.02000000E-011	1.41500000E-011	9.99970000E-001	1.99990000E+000	3.00000000E+000	3.99990000E+000	1.00000000E+000	2.00000000E+000	3.00000000E+000	4.00000000E+000	-3.95000000E-012	1.95500000E-011	-3.74990000E-012	-2.46490000E-011
-5.00000000E-001	9.65010000E-012	-2.02000000E-011	2.61500000E-011	2.53500000E-011	1.13000000E-011	-3.80010000E-012	-4.05010000E-012	-7.50010000E-013	9.99970000E-001	1.99990000E+000	3.00000000E+000	3.99990000E+000	1.00000000E+000	2.00000000E+000	3.00000000E+000	4.00000000E+000	-7.89990000E-012	-1.95000000E-012	8.74990000E-012	-1.30000000E-012
-4.00000000E-001	2.50500000E-011	5.99990000E-013	-3.95000000E-012	-3.99980000E-013	-1.55000000E-012	1.22000000E-011	-1.10500000E-011	-1.17500000E-011	9.99970000E-001	1.99990000E+000	2.99890000E+000	3.99990000E+000	1.00000000E+000	2.00000000E+000	3.00000000E+000	4.00000000E+000	-2.90000000E-012	4.20000000E-012	1.01500000E-011	7.99980000E-012
-3.00000000E-001	2.96490000E-011	2.62000000E-011	-2.65000000E-011	-2.08000000E-011	-1.84500000E-011	1.20500000E-011	-1.07500000E-011	-1.68000000E-011	9.99970000E-001	1.99990000E+000	2.99890000E+000	3.99990000E+000	1.00000000E+000	2.00000000E+000	3.00000000E+000	4.00000000E+000	1.47500000E-011	-5.39990000E-012	8.30000000E-012	3.48010000E-011
-2.00000000E-001	1.56500000E-011	3.75010000E-011	-2.56500000E-011	-2.52500000E-011	-6.50500000E-011	3.00000000E-013	-1.25000000E-011	-1.69500000E-011	9.99970000E-001	1.99990000E+000	2.99890000E+000	3.99990000E+000	1.00000000E+000	2.00000000E+000	3.00000000E+000	4.00000000E+000	6.83010000E-011	3.30000000E-012	2.18500000E-011	1.65500000E-011
-1.00000000E-001	-2.14990000E-012	2.46000000E-011	-8.95020000E-012	-1.60000000E-011	-1.18800000E-010	-1.91500000E-011	-8.05000000E-012	-1.43500000E-011	9.99970000E-001	1.99990000E+000	3.00000000E+000	3.99990000E+000	1.00000000E+000	2.00000000E+000	3.00000000E+000	4.00000000E+000	1.21800000E-010	2.24500000E-011	1.86000000E-011	1.66500000E-011
0.00000000E+000	-2.38500000E-011	-2.10000000E-012	1.38000000E-011	5.55000000E-012	-2.09150000E-010	-4.26010000E-011	-1.16500000E-011	-2.17500000E-011	9.99970000E-001	1.99900000E+000	3.00000000E+000	3.99990000E+000	1.00000000E+000	2.00000000E+000	3.00000000E+000	4.00000000E+000	2.16350000E-010	2.59990000E-011	2.14500000E-011	2.59000000E-011
1.00000000E-001	-2.41000000E-011	-2.36000000E-011	3.28500000E-011	2.21500000E-011	-3.31150000E-010	-6.76510000E-011	-3.91490000E-011	-3.99500000E-011	9.98990000E-001	1.99990000E+000	3.00000000E+000	3.99990000E+000	1.00000000E+000	2.00000000E+000	3.00000000E+000	4.00000000E+000	3.37650000E-010	7.07980000E-011	3.71510000E-011	4.60010000E-011
2.00000000E-001	-1.97490000E-011	-2.52500000E-011	2.51500000E-011	3.39500000E-011	-5.27510000E-010	-1.04200000E-010	-9.38980000E-011	-7.65500000E-011	9.99970000E-001	1.99990000E+000	2.99890000E+000	3.99990000E+000	1.00000000E+000	2.00000000E+000	3.00000000E+000	4.00000000E+000	5.30690000E-010	1.09600000E-010	8.95990000E-011	8.04510000E-011
3.00000000E-001	1.00000000E-013	-1.06500000E-011	6.90000000E-012	2.68490000E-011	-8.40200000E-010	-1.62050000E-010	-1.65200000E-010	-1.45450000E-010	9.98990000E-001	1.99990000E+000	2.99890000E+000	3.99890000E+000	1.00000000E+000	2.00000000E+000	3.00000000E+000	4.00000000E+000	8.48840000E-010	1.61500000E-010	1.74100000E-010	1.49000000E-010
4.00000000E-001	-1.30000000E-011	1.30000000E-011	-1.54500000E-011	4.70000000E-012	-1.07500000E-009	-2.58060000E-010	-2.55450000E-010	-2.35740000E-010	9.99970000E-001	1.99990000E+000	2.99890000E+000	3.99990000E+000	1.00000000E+000	2.00000000E+000	3.00000000E+000	4.00000000E+000	1.01350000E-009	2.55750000E-010	2.56500000E-010	2.38240000E-010
5.00000000E-001	3.05000000E-012	2.96000000E-011	-1.69500000E-011	-2.32500000E-011	-1.67150000E-009	-4.26200000E-010	-4.64450000E-010	-3.63240000E-010	9.98990000E-001	1.99990000E+000	3.00000000E+000	3.99990000E+000	1.00000000E+000	2.00000000E+000	3.00000000E+000	4.00000000E+000	1.67600000E-009	4.17340000E-010	4.29350000E-010	3.61490000E-010
6.00000000E-001	-2.18000000E-011	2.69000000E-011	-1.93500000E-011	-2.32500000E-011	-2.66850000E-009	-6.78400000E-010	-5.99840000E-010	-5.54000000E-010	9.98990000E-001	1.99990000E+000	3.00000000E+000	3.99990000E+000	1.00000000E+000	2.00000000E+000	3.00000000E+000	4.00000000E+000	2.66490000E-009	6.82550000E-010	6.19140000E-010	5.60310000E-010
7.00000000E-001	-2.52500000E-011	1.13500000E-011	-2.35000000E-012	-2.26000000E-011	-4.06880000E-009	-9.99480000E-010	-9.04890000E-010	-8.17010000E-010	9.98990000E-001	1.99990000E+000	3.00000000E+000	3.99890000E+000	1.00000000E+000	2.00000000E+000	3.00000000E+000	4.00000000E+000	4.08340000E-009	9.94470000E-010	9.24760000E-010	8.09000000E-010
8.00000000E-001	-1.63000000E-011	3.14010000E-011	-2.04500000E-011	-2.78000000E-011	-6.38940000E-009	-1.46800000E-009	-1.00110000E-009	-8.83940000E-010	9.98990000E-001	1.99990000E+000	3.00000000E+000	3.99990000E+000	1.00000000E+000	2.00000000E+000	3.00000000E+000	4.00000000E+000	6.29980000E-009	1.45690000E-009	9.77480000E-010	8.28240000E-010
9.00000000E-001	4.45000000E-012	4.50000000E-012	-2.35000000E-012	2.69500000E-011	-9.42460000E-009	-2.30800000E-009	-1.30500000E-009	-1.17550000E-009	9.97990000E-001	1.99900000E+000	2.99890000E+000	3.99990000E+000	1.00000000E+000	2.00000000E+000	3.00000000E+000	4.00000000E+000	9.36370000E-009	2.30690000E-009	1.28200000E-009	1.15500000E-009
1.00000000E+000	2.76000000E-011	-1.76990000E-011	1.71990000E-011	-2.46000000E-011	-1.06200000E-008	-3.59440000E-009	-2.06150000E-009	-1.85700000E-009	9.96980000E-001	1.99900000E+000	2.99890000E+000	3.99990000E+000	1.00000000E+000	2.00000000E+000	3.00000000E+000	4.00000000E+000	1.01550000E-008	3.59740000E-009	2.05090000E-009	1.84750000E-009
1.10000000E+000	3.60000000E-012	-2.34500000E-011	3.35500000E-011	-1.24500000E-011	-1.56300000E-008	-5.48630000E-009	-3.25340000E-009	-2.91240000E-009	9.96000000E-001	1.99900000E+000	2.99790000E+000	3.99890000E+000	1.00000000E+000	2.00000000E+000	3.00000000E+000	4.00000000E+000	1.55250000E-008	5.46080000E-009	3.26840000E-009	2.89240000E-009
1.20000000E+000	-1.64000000E-011	-1.83000000E-011	2.77500000E-011	9.80010000E-012	-2.37900000E-008	-8.25000000E-009	-5.06000000E-009	-4.52130000E-009	9.95000000E-001	1.99800000E+000	2.99890000E+000	3.99890000E+000	1.00000000E+000	2.00000000E+000	3.00000000E+000	4.00000000E+000	2.37300000E-008	8.20360000E-009	5.04540000E-009	4.48290000E-009
1.30000000E+000	-2.85000000E-011	-2.78500000E-011	1.09000000E-011	3.30490000E-011	-3.50100000E-008	-9.04260000E-009	-7.74300000E-009	-6.93290000E-009	9.91970000E-001	1.99800000E+000	2.99790000E+000	3.99890000E+000	1.00000000E+000	2.00000000E+000	3.00000000E+000	4.00000000E+000	3.54560000E-008	8.41830000E-009	7.74480000E-009	6.89490000E-009
1.40000000E+000	-2.31500000E-011	2.41490000E-011	-2.77500000E-011	4.35010000E-012	-5.20990000E-008	-1.13800000E-008	-9.51240000E-009	-1.00680000E-008	9.87980000E-001	1.99690000E+000	2.99690000E+000	3.99790000E+000	1.00000000E+000	2.00000000E+000	3.00000000E+000	4.00000000E+000	5.24850000E-008	1.10900000E-008	9.24410000E-009	1.00400000E-008
1.50000000E+000	2.49990000E-013	3.05000000E-011	2.10500000E-011	3.20510000E-011	-7.53060000E-008	-1.71900000E-008	-1.22850000E-008	-1.48500000E-008	9.84980000E-001	1.99600000E+000	2.99690000E+000	3.99690000E+000	1.00000000E+000	2.00000000E+000	3.00000000E+000	4.00000000E+000	7.45200000E-008	1.71650000E-008	1.23650000E-008	1.46000000E-008
1.60000000E+000	1.96000000E-011	1.40000000E-011	2.95000000E-011	2.22500000E-011	-7.68090000E-008	-2.63700000E-008	-1.90700000E-008	-2.25550000E-008	9.83980000E-001	1.99400000E+000	2.99500000E+000	3.99500000E+000	1.00000000E+000	2.00000000E+000	3.00000000E+000	4.00000000E+000	7.26250000E-008	2.62050000E-008	1.92100000E-008	2.23550000E-008
1.70000000E+000	1.05000000E-012	-8.70010000E-012	1.45000000E-011	1.05000000E-012	-8.60050000E-008	-4.12950000E-008	-2.94200000E-008	-3.38400000E-008	9.81990000E-001	1.99200000E+000	2.99400000E+000	3.99290000E+000	1.00000000E+000	2.00000000E+000	3.00000000E+000	4.00000000E+000	8.37790000E-008	4.11000000E-008	2.92300000E-008	3.38500000E-008
1.80000000E+000	-2.14500000E-011	-2.52000000E-011	-1.06500000E-011	-2.64000000E-011	-1.06850000E-007	-6.16780000E-008	-4.40400000E-008	-4.93000000E-008	9.78000000E-001	1.98700000E+000	2.99100000E+000	3.99000000E+000	1.00000000E+000	2.00000000E+000	3.00000000E+000	4.00000000E+000	1.06150000E-007	6.15140000E-008	4.39650000E-008	4.93690000E-008
1.90000000E+000	9.69980000E-012	-2.40000000E-011	-2.80000000E-011	-2.62500000E-011	-1.54500000E-007	-8.91850000E-008	-6.60250000E-008	-7.37050000E-008	9.68990000E-001	1.98200000E+000	2.98690000E+000	3.98500000E+000	1.00000000E+000	2.00000000E+000	3.00000000E+000	4.00000000E+000	1.53500000E-007	9.02400000E-008	6.55050000E-008	7.27080000E-008
2.00000000E+000	3.28010000E-011	8.55000000E-012	-2.80000000E-011	-1.52000000E-011	-2.23150000E-007	-9.58610000E-008	-9.83010000E-008	-7.85760000E-008	9.53980000E-001	1.98000000E+000	2.98000000E+000	3.98400000E+000	1.00000000E+000	2.00000000E+000	3.00000000E+000	4.00000000E+000	2.21650000E-007	9.25360000E-008	9.69300000E-008	7.60960000E-008
2.10000000E+000	2.77000000E-011	2.91000000E-011	-7.99970000E-013	-8.59980000E-012	-3.14540000E-007	-1.18200000E-007	-1.08900000E-007	-9.24080000E-008	9.35970000E-001	1.97600000E+000	2.97790000E+000	3.98000000E+000	1.00000000E+000	2.00000000E+000	3.00000000E+000	4.00000000E+000	3.13350000E-007	1.17850000E-007	1.06700000E-007	9.22410000E-008
2.20000000E+000	1.99500000E-011	3.55010000E-012	3.33000000E-011	2.81990000E-011	-4.49190000E-007	-1.76990000E-007	-1.63950000E-007	-1.16450000E-007	9.09000000E-001	1.96400000E+000	2.96590000E+000	3.97690000E+000	1.00000000E+000	2.00000000E+000	3.00000000E+000	4.00000000E+000	4.45350000E-007	1.76540000E-007	1.63640000E-007	1.14200000E-007
2.30000000E+000	3.50000000E-013	-1.66500000E-011	2.88000000E-011	2.71000000E-011	-6.00640000E-007	-2.68890000E-007	-2.42550000E-007	-1.71150000E-007	8.77990000E-001	1.94490000E+000	2.95000000E+000	3.96500000E+000	1.00000000E+000	2.00000000E+000	3.00000000E+000	4.00000000E+000	6.02800000E-007	2.68440000E-007	2.41900000E-007	1.72550000E-007
2.40000000E+000	-2.10990000E-011	-2.37500000E-011	1.01000000E-011	1.14000000E-011	-8.18140000E-007	-3.89440000E-007	-3.50340000E-007	-2.60490000E-007	8.36000000E-001	1.92100000E+000	2.92900000E+000	3.94690000E+000	1.00000000E+000	2.00000000E+000	3.00000000E+000	4.00000000E+000	8.09490000E-007	3.89390000E-007	3.50890000E-007	2.60250000E-007
2.50000000E+000	6.15000000E-012	-2.39500000E-011	-6.19990000E-012	-9.84990000E-012	-1.00590000E-006	-5.56930000E-007	-5.09050000E-007	-3.85700000E-007	7.98000000E-001	1.88700000E+000	2.89800000E+000	3.92200000E+000	1.00000000E+000	2.00000000E+000	3.00000000E+000	4.00000000E+000	9.86040000E-007	5.58440000E-007	5.05040000E-007	3.86950000E-007
2.60000000E+000	3.19990000E-011	-4.90010000E-012	-2.78500000E-011	-2.79500000E-011	-9.34490000E-007	-7.94820000E-007	-7.51020000E-007	-5.57600000E-007	8.11010000E-001	1.83800000E+000	2.84800000E+000	3.88600000E+000	1.00000000E+000	2.00000000E+000	3.00000000E+000	4.00000000E+000	9.29280000E-007	7.94040000E-007	7.50290000E-007	5.60390000E-007
2.70000000E+000	2.42500000E-011	-2.73500000E-011	2.16500000E-011	-2.73500000E-011	-9.75100000E-007	-8.41390000E-007	-9.85510000E-007	-8.03290000E-007	8.02000000E-001	1.82900000E+000	2.79990000E+000	3.83690000E+000	1.00000000E+000	2.00000000E+000	3.00000000E+000	4.00000000E+000	9.83540000E-007	8.37020000E-007	9.69860000E-007	8.04780000E-007
2.80000000E+000	1.00000000E-013	-3.30000000E-012	2.31500000E-011	-1.65000000E-011	-1.07350000E-006	-9.74630000E-007	-1.04400000E-006	-8.59870000E-007	7.82990000E-001	1.80200000E+000	2.78890000E+000	3.82590000E+000	1.00000000E+000	2.00000000E+000	3.00000000E+000	4.00000000E+000	1.05700000E-006	9.39090000E-007	1.03200000E-006	8.29220000E-007
2.90000000E+000	-2.51000000E-011	2.58490000E-011	-1.44000000E-011	7.10010000E-012	-1.41000000E-006	-1.14550000E-006	-1.48200000E-006	-9.83130000E-007	7.11000000E-001	1.76900000E+000	2.70000000E+000	3.79990000E+000	1.00000000E+000	2.00000000E+000	3.00000000E+000	4.00000000E+000	1.42500000E-006	1.13650000E-006	1.47500000E-006	9.75910000E-007
3.00000000E+000	-2.42500000E-011	-1.73500000E-011	-2.92500000E-011	3.03510000E-011	-1.80750000E-006	-1.62800000E-006	-2.08700000E-006	-1.19300000E-006	6.34980000E-001	1.67000000E+000	2.57590000E+000	3.75700000E+000	1.00000000E+000	2.00000000E+000	3.00000000E+000	4.00000000E+000	1.80900000E-006	1.64150000E-006	2.09050000E-006	1.17150000E-006
3.10000000E+000	7.50010000E-013	-2.59990000E-011	-2.77500000E-011	2.95000000E-012	-2.20200000E-006	-2.28000000E-006	-2.90490000E-006	-1.72400000E-006	5.57980000E-001	1.54200000E+000	2.41300000E+000	3.65100000E+000	1.00000000E+000	2.00000000E+000	3.00000000E+000	4.00000000E+000	2.19050000E-006	2.27500000E-006	2.87350000E-006	1.72650000E-006
3.20000000E+000	2.28500000E-011	-3.23490000E-011	-1.50000000E-011	-1.98500000E-011	-2.58650000E-006	-3.00940000E-006	-3.97740000E-006	-2.46300000E-006	4.76000000E-001	1.39200000E+000	2.19490000E+000	3.50600000E+000	1.00000000E+000	2.00000000E+000	3.00000000E+000	4.00000000E+000	2.58550000E-006	2.97650000E-006	3.95000000E-006	2.45100000E-006
3.30000000E+000	3.48010000E-011	-9.59990000E-012	-4.45000000E-012	-2.70500000E-011	-2.91990000E-006	-3.88550000E-006	-5.25590000E-006	-3.44000000E-006	4.09990000E-001	1.21700000E+000	1.94490000E+000	3.30900000E+000	1.00000000E+000	2.00000000E+000	3.00000000E+000	4.00000000E+000	2.92490000E-006	3.88800000E-006	5.22240000E-006	3.40640000E-006
3.40000000E+000	2.72500000E-011	1.07500000E-011	3.32500000E-011	-2.26000000E-011	-3.21550000E-006	-4.81190000E-006	-6.72390000E-006	-4.74300000E-006	3.49990000E-001	1.02500000E+000	1.63800000E+000	3.04100000E+000	1.00000000E+000	2.00000000E+000	3.00000000E+000	4.00000000E+000	3.20990000E-006	4.81280000E-006	6.69950000E-006	4.75190000E-006
3.50000000E+000	9.59990000E-012	2.99490000E-011	2.56000000E-011	-7.60010000E-012	-3.45190000E-006	-5.66340000E-006	-8.13560000E-006	-6.46800000E-006	3.02000000E-001	8.55990000E-001	1.35700000E+000	2.69400000E+000	1.00000000E+000	2.00000000E+000	3.00000000E+000	4.00000000E+000	3.45240000E-006	5.64990000E-006	8.15050000E-006	6.42450000E-006
3.60000000E+000	-1.46000000E-011	2.99990000E-011	1.99000000E-011	2.17500000E-011	-3.65800000E-006	-6.41150000E-006	-9.45250000E-006	-8.47780000E-006	2.61000000E-001	7.05990000E-001	1.09600000E+000	2.28490000E+000	1.00000000E+000	2.00000000E+000	3.00000000E+000	4.00000000E+000	3.65590000E-006	6.39240000E-006	9.41100000E-006	8.44250000E-006
3.70000000E+000	-2.12000000E-011	1.49500000E-011	-5.94990000E-012	-1.21500000E-011	-3.83710000E-006	-7.01400000E-006	-1.04530000E-005	-7.93950000E-006	2.25000000E-001	5.86000000E-001	8.88980000E-001	2.39500000E+000	1.00000000E+000	2.00000000E+000	3.00000000E+000	4.00000000E+000	3.83190000E-006	6.97840000E-006	1.04280000E-005	7.76210000E-006
3.80000000E+000	-2.47500000E-011	-9.30010000E-012	-1.45000000E-012	2.19000000E-011	-3.97050000E-006	-7.47640000E-006	-9.50650000E-006	-1.01820000E-005	1.98000000E-001	4.91990000E-001	1.07500000E+000	1.94900000E+000	1.00000000E+000	2.00000000E+000	3.00000000E+000	4.00000000E+000	3.96600000E-006	7.46740000E-006	9.42130000E-006	1.01870000E-005
3.90000000E+000	4.10010000E-012	-2.58490000E-011	-1.76990000E-011	2.84500000E-011	-4.08900000E-006	-7.84780000E-006	-1.03700000E-005	-1.03550000E-005	1.74000000E-001	4.16000000E-001	9.06980000E-001	1.91600000E+000	1.00000000E+000	2.00000000E+000	3.00000000E+000	4.00000000E+000	4.07990000E-006	7.83520000E-006	1.03350000E-005	1.00780000E-005
4.00000000E+000	2.18500000E-011	-2.62000000E-011	-2.68490000E-011	-9.74990000E-012	-4.18260000E-006	-8.13560000E-006	-1.13300000E-005	-1.22800000E-005	1.55000000E-001	3.58000000E-001	7.12000000E-001	1.52700000E+000	1.00000000E+000	2.00000000E+000	3.00000000E+000	4.00000000E+000	4.17750000E-006	8.12720000E-006	1.13100000E-005	1.21950000E-005

TEST RESULTS:  NOT  04/18/2025  10:40:07


