ATTRIBUTES:

Attribute #1:C:\Metrics\ics\projects\6.2600J_S25\transistor_measurement.ics
Attribute #2:Test
Attribute #3:dev1
Attribute #4:PASSED
SETUP:TRANSFER  04/18/2025  10:28:48
DATE:04/18/2025
TIME:10:28:48

CONDITIONS:

ID:	D	
UNIT:	SMU2	
MODE: STEP	
START:	0.5	
STOP:	5	
PNTS:	2	
STEP:	4.5

ID:	G	
UNIT:	SMU4	
MODE: SWEEP	
START:	-2	
STOP:	4	
PNTS:	61	
STEP:	0.1

ID:	S	
UNIT:	SMU1	
MODE: CONST	
VALUE:	0

DATA:  TRANSFER  04/18/2025  10:28:48

IS	IS2	VD	VD2	ID	ID2	VG	IG	IG2	ACCSTRESS
3.12990000E-011	-2.24500000E-011	5.00000000E-001	5.00000000E+000	1.01500000E-011	-1.50000000E-012	-2.00000000E+000	3.65000000E-012	-1.38000000E-011	0.00000000E+000
-2.49000000E-011	1.70500000E-011	5.00000000E-001	5.00000000E+000	-1.80500000E-011	2.30000000E-011	-1.90000000E+000	1.42000000E-011	-8.49980000E-013	*
-7.50010000E-013	-8.30000000E-012	5.00000000E-001	5.00000000E+000	-8.49980000E-012	1.41000000E-011	-1.80000000E+000	1.49000000E-011	1.36000000E-011	*
2.63500000E-011	-2.87000000E-011	5.00000000E-001	5.00000000E+000	4.40000000E-012	-5.05000000E-012	-1.70000000E+000	-1.50000000E-012	1.25000000E-011	*
2.77500000E-011	-2.26500000E-011	5.00000000E-001	5.00000000E+000	9.55010000E-012	-5.60000000E-012	-1.60000000E+000	-3.15000000E-012	6.55010000E-012	*
1.34500000E-011	-3.35000000E-012	5.00000000E-001	5.00000000E+000	1.08000000E-011	-1.31000000E-011	-1.50000000E+000	-6.35000000E-012	7.49980000E-012	*
-1.79500000E-011	2.02000000E-011	5.00000000E-001	5.00000000E+000	2.75000000E-012	4.70000000E-012	-1.40000000E+000	5.55000000E-012	-1.28000000E-011	*
-2.86000000E-011	2.99990000E-011	5.00000000E-001	5.00000000E+000	2.20000000E-012	1.24000000E-011	-1.30000000E+000	4.40000000E-012	-8.99990000E-012	*
-2.69500000E-011	2.45000000E-011	5.00000000E-001	5.00000000E+000	-1.82000000E-011	1.76000000E-011	-1.20000000E+000	1.38500000E-011	-8.30000000E-012	*
3.00000000E-013	-5.60000000E-012	5.00000000E-001	5.00000000E+000	-8.55000000E-012	1.26000000E-011	-1.10000000E+000	1.51000000E-011	1.19000000E-011	*
2.68000000E-011	-2.73000000E-011	5.00000000E-001	5.00000000E+000	-1.80000000E-012	2.35000000E-012	-1.00000000E+000	-3.35000000E-012	1.59500000E-011	*
3.19500000E-011	-2.45500000E-011	5.00000000E-001	5.00000000E+000	1.06000000E-011	-7.04990000E-012	-9.00000000E-001	-1.01500000E-011	1.08000000E-011	*
1.19000000E-011	-3.35000000E-012	5.00000000E-001	5.00000000E+000	1.58490000E-011	-1.02000000E-011	-8.00000000E-001	-1.05000000E-012	2.90000000E-012	*
-1.50000000E-011	1.99000000E-011	5.00000000E-001	5.00000000E+000	6.99990000E-012	3.90000000E-012	-7.00000000E-001	8.24980000E-012	-6.85010000E-012	*
-3.26990000E-011	3.11500000E-011	5.00000000E-001	5.00000000E+000	-1.09500000E-011	1.31500000E-011	-6.00000000E-001	1.26500000E-011	-1.54000000E-011	*
-2.32000000E-011	2.31500000E-011	5.00000000E-001	5.00000000E+000	-8.39990000E-012	1.80500000E-011	-5.00000000E-001	1.36000000E-011	7.50010000E-013	*
-8.70010000E-012	-6.74990000E-012	5.00000000E-001	5.00000000E+000	1.30000000E-012	1.15500000E-011	-4.00000000E-001	5.75010000E-012	1.33500000E-011	*
1.21500000E-011	-3.26000000E-011	5.00000000E-001	5.00000000E+000	1.54000000E-011	6.95000000E-012	-3.00000000E-001	-1.50000000E-013	2.04000000E-011	*
4.50000000E-013	-3.01000000E-011	5.00000000E-001	5.00000000E+000	3.94490000E-011	-6.74990000E-012	-2.00000000E-001	-8.70010000E-012	1.28500000E-011	*
-3.46500000E-011	-1.59500000E-011	5.00000000E-001	5.00000000E+000	6.26490000E-011	8.00000000E-013	-1.00000000E-001	-4.84990000E-012	2.84990000E-012	*
-8.52010000E-011	3.60000000E-012	5.00000000E-001	5.00000000E+000	6.75510000E-011	2.47000000E-011	0.00000000E+000	1.46000000E-011	-1.45000000E-012	*
-1.32650000E-010	-5.09990000E-012	5.00000000E-001	5.00000000E+000	9.54510000E-011	4.19510000E-011	1.00000000E-001	2.18000000E-011	-8.74990000E-012	*
-1.72100000E-010	-2.86000000E-011	5.00000000E-001	5.00000000E+000	1.53150000E-010	6.98500000E-011	2.00000000E-001	9.94980000E-012	-1.45000000E-011	*
-2.19550000E-010	-8.32010000E-011	5.00000000E-001	5.00000000E+000	2.25300000E-010	9.81010000E-011	3.00000000E-001	-3.50000000E-012	4.24990000E-012	*
-3.18050000E-010	-1.60300000E-010	5.00000000E-001	5.00000000E+000	3.60700000E-010	1.33500000E-010	4.00000000E-001	-7.15000000E-012	2.45000000E-011	*
-4.96500000E-010	-2.36450000E-010	5.00000000E-001	5.00000000E+000	5.31090000E-010	2.04650000E-010	5.00000000E-001	-3.19990000E-012	1.15500000E-011	*
-7.74010000E-010	-3.25440000E-010	5.00000000E-001	5.00000000E+000	7.73950000E-010	3.21850000E-010	6.00000000E-001	1.81500000E-011	1.75000000E-012	*
-7.36150000E-010	-4.79390000E-010	5.00000000E-001	5.00000000E+000	7.08640000E-010	5.01560000E-010	7.00000000E-001	1.06500000E-011	-1.04500000E-011	*
-1.02930000E-009	-7.48740000E-010	5.00000000E-001	5.00000000E+000	1.00260000E-009	7.97850000E-010	8.00000000E-001	1.56500000E-011	-7.45000000E-012	*
-1.28850000E-009	-8.53110000E-010	5.00000000E-001	5.00000000E+000	1.16990000E-009	8.02490000E-010	9.00000000E-001	-8.84980000E-012	1.14500000E-011	*
-1.72890000E-009	-1.06900000E-009	5.00000000E-001	5.00000000E+000	1.78100000E-009	1.07350000E-009	1.00000000E+000	-1.39000000E-011	1.26500000E-011	*
-2.70740000E-009	-1.64990000E-009	5.00000000E-001	5.00000000E+000	2.70890000E-009	1.61450000E-009	1.10000000E+000	-6.99990000E-013	2.16500000E-011	*
-4.07090000E-009	-2.60300000E-009	5.00000000E-001	5.00000000E+000	4.05500000E-009	2.57590000E-009	1.20000000E+000	5.94990000E-012	9.40000000E-012	*
-6.09540000E-009	-3.96630000E-009	5.00000000E-001	5.00000000E+000	6.11340000E-009	3.98700000E-009	1.30000000E+000	1.69000000E-011	1.50000000E-012	*
-8.95990000E-009	-6.05740000E-009	5.00000000E-001	5.00000000E+000	8.94120000E-009	6.10840000E-009	1.40000000E+000	1.01500000E-011	-1.28500000E-011	*
-1.01850000E-008	-9.24860000E-009	5.00000000E-001	5.00000000E+000	9.34590000E-009	9.35870000E-009	1.50000000E+000	-2.05000000E-012	-5.94990000E-012	*
-1.24100000E-008	-1.18500000E-008	5.00000000E-001	5.00000000E+000	1.23950000E-008	1.12750000E-008	1.60000000E+000	-1.14500000E-011	1.05000000E-012	*
-1.91400000E-008	-1.60200000E-008	5.00000000E-001	5.00000000E+000	1.90350000E-008	1.61750000E-008	1.70000000E+000	6.60010000E-012	1.16000000E-011	*
-2.80200000E-008	-2.44800000E-008	5.00000000E-001	5.00000000E+000	2.81750000E-008	2.44350000E-008	1.80000000E+000	1.78500000E-011	6.85010000E-012	*
-4.09550000E-008	-3.68600000E-008	5.00000000E-001	5.00000000E+000	4.08050000E-008	3.64910000E-008	1.90000000E+000	2.18500000E-011	5.60000000E-012	*
-5.98990000E-008	-5.56190000E-008	5.00000000E-001	5.00000000E+000	5.95440000E-008	5.57360000E-008	2.00000000E+000	2.45000000E-012	3.05000000E-012	*
-8.71110000E-008	-8.24030000E-008	5.00000000E-001	5.00000000E+000	8.75440000E-008	8.20550000E-008	2.10000000E+000	-1.75000000E-012	-4.99990000E-013	*
-9.22840000E-008	-9.10800000E-008	5.00000000E-001	5.00000000E+000	8.80500000E-008	8.90250000E-008	2.20000000E+000	3.15000000E-012	-1.48500000E-011	*
-1.00750000E-007	-1.03650000E-007	5.00000000E-001	5.00000000E+000	9.69340000E-008	1.02150000E-007	2.30000000E+000	6.24990000E-012	1.15000000E-012	*
-1.26650000E-007	-1.45800000E-007	5.00000000E-001	5.00000000E+000	1.26950000E-007	1.45000000E-007	2.40000000E+000	8.00000000E-013	-6.70000000E-012	*
-1.87440000E-007	-2.16650000E-007	5.00000000E-001	5.00000000E+000	1.87000000E-007	2.16550000E-007	2.50000000E+000	1.08500000E-011	-5.25000000E-012	*
-2.70350000E-007	-3.24900000E-007	5.00000000E-001	5.00000000E+000	2.74740000E-007	3.22300000E-007	2.60000000E+000	9.49990000E-012	9.05010000E-012	*
-3.86750000E-007	-4.74540000E-007	5.00000000E-001	5.00000000E+000	3.89700000E-007	4.76240000E-007	2.70000000E+000	9.84990000E-012	1.49000000E-011	*
-5.61790000E-007	-6.88190000E-007	5.00000000E-001	5.00000000E+000	5.56550000E-007	6.89850000E-007	2.80000000E+000	1.49500000E-011	1.51500000E-011	*
-7.59140000E-007	-9.67990000E-007	5.00000000E-001	5.00000000E+000	7.55100000E-007	9.72530000E-007	2.90000000E+000	5.85000000E-012	-3.25000000E-012	*
-1.03090000E-006	-1.03800000E-006	5.00000000E-001	5.00000000E+000	1.01530000E-006	9.78180000E-007	3.00000000E+000	-3.90000000E-012	-1.40000000E-012	*
-1.05750000E-006	-1.20500000E-006	5.00000000E-001	5.00000000E+000	1.00010000E-006	1.18750000E-006	3.10000000E+000	-1.01000000E-011	2.35000000E-012	*
-1.10650000E-006	-1.76200000E-006	5.00000000E-001	5.00000000E+000	1.11500000E-006	1.75450000E-006	3.20000000E+000	4.35010000E-012	7.95010000E-012	*
-1.53700000E-006	-2.49290000E-006	5.00000000E-001	5.00000000E+000	1.53550000E-006	2.48150000E-006	3.30000000E+000	6.90000000E-012	1.02500000E-011	*
-2.10650000E-006	-3.38550000E-006	5.00000000E-001	5.00000000E+000	2.08550000E-006	3.42050000E-006	3.40000000E+000	4.15000000E-012	1.69500000E-011	*
-2.78650000E-006	-4.57790000E-006	5.00000000E-001	5.00000000E+000	2.77300000E-006	4.55490000E-006	3.50000000E+000	3.10000000E-012	2.55000000E-012	*
-3.55700000E-006	-6.13140000E-006	5.00000000E-001	5.00000000E+000	3.55650000E-006	6.07850000E-006	3.60000000E+000	1.30000000E-012	8.80000000E-012	*
-4.50500000E-006	-8.07780000E-006	5.00000000E-001	5.00000000E+000	4.46410000E-006	8.07970000E-006	3.70000000E+000	1.10000000E-012	2.10000000E-012	*
-5.57090000E-006	-1.02920000E-005	5.00000000E-001	5.00000000E+000	5.53210000E-006	1.02550000E-005	3.80000000E+000	1.56500000E-011	1.55000000E-012	*
-6.67040000E-006	-8.81590000E-006	5.00000000E-001	5.00000000E+000	6.60590000E-006	8.28460000E-006	3.90000000E+000	7.54990000E-012	-3.35000000E-012	*
-7.90040000E-006	-8.97420000E-006	5.00000000E-001	5.00000000E+000	7.86180000E-006	8.99190000E-006	4.00000000E+000	9.59990000E-012	2.49990000E-013	*

TEST RESULTS:  TRANSFER  04/18/2025  10:28:48


SETUP:OUTPUT  04/18/2025  10:29:29
DATE:04/18/2025
TIME:10:29:29

CONDITIONS:

ID:	D	
UNIT:	SMU2	
MODE: SWEEP	
START:	0	
STOP:	5	
PNTS:	51	
STEP:	0.1

ID:	G	
UNIT:	SMU4	
MODE: STEP	
START:	-2	
STOP:	4	
PNTS:	3	
STEP:	3

ID:	S	
UNIT:	SMU1	
MODE: CONST	
VALUE:	0

DATA:  OUTPUT  04/18/2025  10:29:29

IS	IS2	IS3	VD	ID	ID2	ID3	VG	VG2	VG3	IG	IG2	IG3	ACCSTRESS
-2.76500000E-011	-2.87000000E-011	-1.97850000E-008	0.00000000E+000	-8.30000000E-012	-1.03500000E-011	5.33510000E-009	-2.00000000E+000	1.00000000E+000	4.00000000E+000	-3.05000000E-012	-1.08500000E-011	4.95000000E-012	0.00000000E+000
2.54500000E-011	-2.14600000E-010	-9.82250000E-007	1.00000000E-001	1.30500000E-011	2.48700000E-010	9.25880000E-007	-2.00000000E+000	1.00000000E+000	4.00000000E+000	-1.19500000E-011	-4.90010000E-012	9.40000000E-012	*
4.70000000E-012	-4.20850000E-010	-1.18250000E-006	2.00000000E-001	6.24990000E-012	4.51100000E-010	1.16400000E-006	-2.00000000E+000	1.00000000E+000	4.00000000E+000	7.79990000E-012	3.45000000E-012	1.93000000E-011	*
-1.88500000E-011	-5.18550000E-010	-1.33750000E-006	3.00000000E-001	1.08000000E-011	5.46440000E-010	1.33500000E-006	-2.00000000E+000	1.00000000E+000	4.00000000E+000	1.28500000E-011	-3.60000000E-012	1.10000000E-011	*
-2.83000000E-011	-6.60660000E-010	-1.62500000E-006	4.00000000E-001	-8.49980000E-012	6.34460000E-010	1.63150000E-006	-2.00000000E+000	1.00000000E+000	4.00000000E+000	1.33500000E-011	-7.04990000E-012	1.07500000E-011	*
-2.53500000E-011	-7.61950000E-010	-1.87200000E-006	5.00000000E-001	-1.36000000E-011	7.44900000E-010	1.87950000E-006	-2.00000000E+000	1.00000000E+000	4.00000000E+000	2.45000000E-012	-3.35000000E-012	-7.85010000E-012	*
2.75000000E-012	-7.81540000E-010	-2.10200000E-006	6.00000000E-001	-4.05010000E-012	8.04560000E-010	2.09650000E-006	-2.00000000E+000	1.00000000E+000	4.00000000E+000	-9.24990000E-012	-1.90000000E-011	-4.79990000E-012	*
2.91500000E-011	-8.82690000E-010	-2.28390000E-006	7.00000000E-001	3.10000000E-012	8.29690000E-010	2.27390000E-006	-2.00000000E+000	1.00000000E+000	4.00000000E+000	-1.90500000E-011	3.99990000E-012	-4.10010000E-012	*
2.87000000E-011	-8.64440000E-010	-2.42100000E-006	8.00000000E-001	1.16500000E-011	9.00860000E-010	2.41550000E-006	-2.00000000E+000	1.00000000E+000	4.00000000E+000	-3.74990000E-012	-8.35020000E-012	6.90000000E-012	*
6.24990000E-012	-9.46220000E-010	-2.57500000E-006	9.00000000E-001	2.07000000E-011	9.07760000E-010	2.56500000E-006	-2.00000000E+000	1.00000000E+000	4.00000000E+000	1.50000000E-012	1.25500000E-011	1.05000000E-011	*
-2.20000000E-011	-9.26090000E-010	-2.67350000E-006	1.00000000E+000	4.40000000E-012	9.71340000E-010	2.68050000E-006	-2.00000000E+000	1.00000000E+000	4.00000000E+000	1.47000000E-011	-1.93990000E-011	6.49990000E-012	*
-2.81000000E-011	-9.79070000E-010	-2.78350000E-006	1.10000000E+000	-6.55010000E-012	9.47630000E-010	2.76890000E-006	-2.00000000E+000	1.00000000E+000	4.00000000E+000	8.70010000E-012	1.16500000E-011	1.15000000E-012	*
-2.22500000E-011	-9.59800000E-010	-2.84340000E-006	1.20000000E+000	-9.49990000E-012	9.81740000E-010	2.85740000E-006	-2.00000000E+000	1.00000000E+000	4.00000000E+000	1.85000000E-012	-1.38500000E-011	-6.85010000E-012	*
5.75010000E-012	-1.00490000E-009	-2.90790000E-006	1.30000000E+000	-1.11500000E-011	9.80610000E-010	2.91100000E-006	-2.00000000E+000	1.00000000E+000	4.00000000E+000	-5.15010000E-012	1.59500000E-011	-5.00000000E-012	*
2.75500000E-011	-9.44910000E-010	-2.94400000E-006	1.40000000E+000	1.80000000E-012	9.79240000E-010	2.93400000E-006	-2.00000000E+000	1.00000000E+000	4.00000000E+000	-1.71500000E-011	-1.89000000E-011	-8.39990000E-012	*
2.66000000E-011	-1.00430000E-009	-2.97890000E-006	1.50000000E+000	1.47000000E-011	9.77020000E-010	2.97240000E-006	-2.00000000E+000	1.00000000E+000	4.00000000E+000	-1.76500000E-011	8.74990000E-012	8.10020000E-012	*
1.28000000E-011	-9.61390000E-010	-3.01340000E-006	1.60000000E+000	1.21000000E-011	9.76570000E-010	3.01140000E-006	-2.00000000E+000	1.00000000E+000	4.00000000E+000	-3.10000000E-012	-7.89990000E-012	1.13000000E-011	*
-1.21000000E-011	-9.98510000E-010	-3.01990000E-006	1.70000000E+000	1.10500000E-011	9.97720000E-010	3.01600000E-006	-2.00000000E+000	1.00000000E+000	4.00000000E+000	5.75010000E-012	3.69990000E-012	1.64000000E-011	*
-2.88990000E-011	-9.85040000E-010	-3.02400000E-006	1.80000000E+000	3.50000000E-013	9.52410000E-010	3.06100000E-006	-2.00000000E+000	1.00000000E+000	4.00000000E+000	1.48500000E-011	4.05010000E-012	-4.60010000E-012	*
-2.44500000E-011	-9.58890000E-010	-3.02140000E-006	1.90000000E+000	-1.13000000E-011	9.92430000E-010	3.02200000E-006	-2.00000000E+000	1.00000000E+000	4.00000000E+000	4.79990000E-012	-1.30000000E-012	-1.05000000E-012	*
-3.55010000E-012	-9.82760000E-010	-3.00090000E-006	2.00000000E+000	-5.55000000E-012	9.39110000E-010	2.95450000E-006	-2.00000000E+000	1.00000000E+000	4.00000000E+000	-1.15000000E-012	1.04000000E-011	-1.47500000E-011	*
2.37500000E-011	-9.49630000E-010	-2.95450000E-006	2.10000000E+000	2.30000000E-012	9.81860000E-010	2.95390000E-006	-2.00000000E+000	1.00000000E+000	4.00000000E+000	-1.03000000E-011	6.50000000E-013	-6.60010000E-012	*
3.26500000E-011	-9.64230000E-010	-2.97090000E-006	2.20000000E+000	1.06500000E-011	9.37120000E-010	2.95650000E-006	-2.00000000E+000	1.00000000E+000	4.00000000E+000	-1.48000000E-011	9.15000000E-012	-9.99980000E-013	*
1.83000000E-011	-9.20290000E-010	-2.92600000E-006	2.30000000E+000	1.95000000E-011	9.57130000E-010	2.92250000E-006	-2.00000000E+000	1.00000000E+000	4.00000000E+000	-7.45000000E-012	-1.11500000E-011	1.66500000E-011	*
-1.24000000E-011	-9.75490000E-010	-2.84000000E-006	2.40000000E+000	1.14500000E-011	9.33480000E-010	2.85600000E-006	-2.00000000E+000	1.00000000E+000	4.00000000E+000	5.09990000E-012	-5.25000000E-012	8.55000000E-012	*
-2.69000000E-011	-9.14700000E-010	-2.83450000E-006	2.50000000E+000	-3.65000000E-012	9.59860000E-010	2.83190000E-006	-2.00000000E+000	1.00000000E+000	4.00000000E+000	1.24000000E-011	-8.65000000E-012	-8.49980000E-013	*
-2.40000000E-011	-9.69750000E-010	-2.75650000E-006	2.60000000E+000	-4.10010000E-012	9.43370000E-010	2.76950000E-006	-2.00000000E+000	1.00000000E+000	4.00000000E+000	1.17500000E-011	8.30000000E-012	-3.40000000E-012	*
-7.50010000E-013	-9.07330000E-010	-2.75190000E-006	2.70000000E+000	-8.39990000E-012	9.55650000E-010	2.75250000E-006	-2.00000000E+000	1.00000000E+000	4.00000000E+000	8.35020000E-012	-1.85000000E-011	-7.25000000E-012	*
2.04500000E-011	-9.67190000E-010	-2.70250000E-006	2.80000000E+000	5.50000000E-012	9.43090000E-010	2.68590000E-006	-2.00000000E+000	1.00000000E+000	4.00000000E+000	-6.19990000E-012	1.76990000E-011	-9.69980000E-012	*
2.95500000E-011	-8.94860000E-010	-2.63050000E-006	2.90000000E+000	1.82500000E-011	9.39510000E-010	2.63990000E-006	-2.00000000E+000	1.00000000E+000	4.00000000E+000	-2.06500000E-011	-9.05010000E-012	5.25000000E-012	*
1.22000000E-011	-9.67760000E-010	-2.64040000E-006	3.00000000E+000	1.22000000E-011	9.51900000E-010	2.62400000E-006	-2.00000000E+000	1.00000000E+000	4.00000000E+000	-5.50000000E-012	5.39990000E-012	1.57500000E-011	*
-1.33000000E-011	-9.10260000E-010	-2.56390000E-006	3.10000000E+000	1.51000000E-011	9.21010000E-010	2.56350000E-006	-2.00000000E+000	1.00000000E+000	4.00000000E+000	5.55000000E-012	5.50000000E-013	1.37500000E-011	*
-2.69500000E-011	-9.27690000E-010	-2.51600000E-006	3.20000000E+000	3.00000000E-013	9.42980000E-010	2.50940000E-006	-2.00000000E+000	1.00000000E+000	4.00000000E+000	1.22000000E-011	-1.25000000E-012	-1.00000000E-013	*
-2.46490000E-011	-9.28850000E-010	-2.49900000E-006	3.30000000E+000	-1.45000000E-011	9.26490000E-010	2.50900000E-006	-2.00000000E+000	1.00000000E+000	4.00000000E+000	4.75000000E-012	-5.30000000E-012	-8.80000000E-012	*
-2.84990000E-012	-9.29190000E-010	-2.46450000E-006	3.40000000E+000	-5.80000000E-012	9.37290000E-010	2.46350000E-006	-2.00000000E+000	1.00000000E+000	4.00000000E+000	2.84990000E-012	8.84980000E-012	-1.11500000E-011	*
2.30500000E-011	-9.34790000E-010	-2.43340000E-006	3.50000000E+000	2.65000000E-012	9.26690000E-010	2.41400000E-006	-2.00000000E+000	1.00000000E+000	4.00000000E+000	-5.25000000E-012	-3.90000000E-012	-9.74990000E-012	*
2.93510000E-011	-9.31780000E-010	-2.39350000E-006	3.60000000E+000	1.71990000E-011	9.64580000E-010	2.40790000E-006	-2.00000000E+000	1.00000000E+000	4.00000000E+000	-1.10500000E-011	-4.70000000E-012	1.40000000E-012	*
1.39500000E-011	-9.39170000E-010	-2.34250000E-006	3.70000000E+000	1.31000000E-011	9.14950000E-010	2.34490000E-006	-2.00000000E+000	1.00000000E+000	4.00000000E+000	-1.50000000E-011	1.07000000E-011	9.30010000E-012	*
-1.07500000E-011	-9.11990000E-010	-2.34540000E-006	3.80000000E+000	1.63500000E-011	9.43830000E-010	2.34190000E-006	-2.00000000E+000	1.00000000E+000	4.00000000E+000	3.69990000E-012	-1.55000000E-012	1.08500000E-011	*
-2.68000000E-011	-9.49400000E-010	-2.29790000E-006	3.90000000E+000	-1.45000000E-012	9.45530000E-010	2.30000000E-006	-2.00000000E+000	1.00000000E+000	4.00000000E+000	7.79990000E-012	1.17000000E-011	-1.50000000E-012	*
-2.44000000E-011	-9.09810000E-010	-2.25190000E-006	4.00000000E+000	-7.79990000E-012	9.54400000E-010	2.24190000E-006	-2.00000000E+000	1.00000000E+000	4.00000000E+000	1.51500000E-011	-1.91000000E-011	-4.50000000E-012	*
-1.65000000E-012	-9.68100000E-010	-2.22140000E-006	4.10000000E+000	-6.19990000E-012	9.38710000E-010	2.21250000E-006	-2.00000000E+000	1.00000000E+000	4.00000000E+000	3.85000000E-012	8.24980000E-012	-1.37500000E-011	*
1.86000000E-011	-9.04210000E-010	-2.19050000E-006	4.20000000E+000	-1.40000000E-012	9.23910000E-010	2.18850000E-006	-2.00000000E+000	1.00000000E+000	4.00000000E+000	-3.00010000E-012	-1.38500000E-011	-4.54990000E-012	*
2.83500000E-011	-9.46960000E-010	-2.15750000E-006	4.30000000E+000	1.35000000E-011	9.23790000E-010	2.14100000E-006	-2.00000000E+000	1.00000000E+000	4.00000000E+000	-1.45000000E-011	1.39000000E-011	1.90000000E-012	*
1.80500000E-011	-8.83860000E-010	-2.14190000E-006	4.40000000E+000	1.85000000E-011	9.03300000E-010	2.12990000E-006	-2.00000000E+000	1.00000000E+000	4.00000000E+000	-1.41000000E-011	-8.70010000E-012	1.28500000E-011	*
-8.20010000E-012	-9.31040000E-010	-2.09550000E-006	4.50000000E+000	1.44500000E-011	9.17910000E-010	2.10650000E-006	-2.00000000E+000	1.00000000E+000	4.00000000E+000	1.20000000E-012	1.49500000E-011	8.05000000E-012	*
-2.83500000E-011	-8.81610000E-010	-2.07890000E-006	4.60000000E+000	-2.00000000E-012	9.19810000E-010	2.08700000E-006	-2.00000000E+000	1.00000000E+000	4.00000000E+000	1.80000000E-012	-7.29990000E-012	-2.30000000E-012	*
-2.66990000E-011	-9.58440000E-010	-2.07150000E-006	4.70000000E+000	-1.65000000E-012	9.27690000E-010	2.07300000E-006	-2.00000000E+000	1.00000000E+000	4.00000000E+000	3.35000000E-012	1.40000000E-012	-1.65000000E-012	*
-1.57500000E-011	-9.04950000E-010	-2.05100000E-006	4.80000000E+000	-4.40000000E-012	9.37570000E-010	2.05150000E-006	-2.00000000E+000	1.00000000E+000	4.00000000E+000	7.54990000E-012	-7.54990000E-012	-1.02500000E-011	*
1.03500000E-011	-9.56330000E-010	-2.04650000E-006	4.90000000E+000	2.55000000E-012	9.39850000E-010	2.03950000E-006	-2.00000000E+000	1.00000000E+000	4.00000000E+000	-2.49990000E-013	2.00000000E-012	-8.35020000E-012	*
2.80490000E-011	-8.95650000E-010	-2.01850000E-006	5.00000000E+000	9.05010000E-012	9.17650000E-010	2.00850000E-006	-2.00000000E+000	1.00000000E+000	4.00000000E+000	-5.64990000E-012	-6.55010000E-012	7.15000000E-012	*

TEST RESULTS:  OUTPUT  04/18/2025  10:29:29


