ATTRIBUTES:

Attribute #1:C:\Metrics\ics\projects\6.2600J_S25\transistor_measurement.ics
Attribute #2:Test
Attribute #3:dev1
Attribute #4:PASSED
SETUP:TRANSFER  04/18/2025  10:14:51
DATE:04/18/2025
TIME:10:14:51

CONDITIONS:

ID:	D	
UNIT:	SMU2	
MODE: STEP	
START:	0.5	
STOP:	5	
PNTS:	2	
STEP:	4.5

ID:	G	
UNIT:	SMU4	
MODE: SWEEP	
START:	-2	
STOP:	4	
PNTS:	61	
STEP:	0.1

ID:	S	
UNIT:	SMU1	
MODE: CONST	
VALUE:	0

DATA:  TRANSFER  04/18/2025  10:14:51

IS	IS2	VD	VD2	ID	ID2	VG	IG	IG2	ACCSTRESS
1.11300000E-010	1.49500000E-010	5.00000000E-001	5.00000000E+000	1.75900000E-010	3.74490000E-011	-2.00000000E+000	2.43800000E-010	-3.14500000E-011	0.00000000E+000
-2.14000000E-010	-1.16000000E-011	5.00000000E-001	5.00000000E+000	1.24000000E-011	-2.48800000E-010	-1.90000000E+000	2.84540000E-010	-2.56750000E-010	*
-2.94290000E-010	1.68000000E-010	5.00000000E-001	5.00000000E+000	-1.84700000E-010	-8.25510000E-011	-1.80000000E+000	5.49000000E-011	-2.85250000E-010	*
-1.64700000E-010	3.13350000E-010	5.00000000E-001	5.00000000E+000	-2.79700000E-010	1.71300000E-010	-1.70000000E+000	-1.62500000E-010	-1.09800000E-010	*
1.22650000E-010	1.54750000E-010	5.00000000E-001	5.00000000E+000	-1.68750000E-010	2.73640000E-010	-1.60000000E+000	-3.03200000E-010	1.84350000E-010	*
3.37000000E-010	-1.52850000E-010	5.00000000E-001	5.00000000E+000	1.22600000E-010	9.90500000E-011	-1.50000000E+000	-1.73450000E-010	2.74450000E-010	*
2.36250000E-010	-3.02450000E-010	5.00000000E-001	5.00000000E+000	3.13700000E-010	-1.43450000E-010	-1.40000000E+000	1.42050000E-010	1.07650000E-010	*
-1.14500000E-010	-1.81000000E-010	5.00000000E-001	5.00000000E+000	1.55100000E-010	-2.81840000E-010	-1.30000000E+000	2.93950000E-010	-1.52750000E-010	*
-3.28450000E-010	1.10350000E-010	5.00000000E-001	5.00000000E+000	-1.22900000E-010	-1.70800000E-010	-1.20000000E+000	1.51300000E-010	-2.93500000E-010	*
-2.43300000E-010	3.15550000E-010	5.00000000E-001	5.00000000E+000	-3.06040000E-010	1.06000000E-010	-1.10000000E+000	-1.09800000E-010	-2.00050000E-010	*
6.46980000E-011	2.53190000E-010	5.00000000E-001	5.00000000E+000	-2.49440000E-010	3.15300000E-010	-1.00000000E+000	-3.18490000E-010	1.27350000E-010	*
3.03600000E-010	-8.07500000E-011	5.00000000E-001	5.00000000E+000	7.43020000E-011	2.12750000E-010	-9.00000000E-001	-2.43640000E-010	3.19350000E-010	*
2.83510000E-010	-3.15750000E-010	5.00000000E-001	5.00000000E+000	2.93550000E-010	-9.04490000E-011	-8.00000000E-001	7.37510000E-011	1.82750000E-010	*
-4.03500000E-011	-2.58450000E-010	5.00000000E-001	5.00000000E+000	2.70300000E-010	-2.98500000E-010	-7.00000000E-001	3.08200000E-010	-9.31490000E-011	*
-2.78600000E-010	5.51510000E-011	5.00000000E-001	5.00000000E+000	-4.52490000E-011	-2.35050000E-010	-6.00000000E-001	2.85250000E-010	-3.06340000E-010	*
-2.91590000E-010	2.45350000E-010	5.00000000E-001	5.00000000E+000	-2.77550000E-010	2.32500000E-011	-5.00000000E-001	-4.01490000E-011	-2.83050000E-010	*
5.75010000E-012	2.56150000E-010	5.00000000E-001	5.00000000E+000	-2.68900000E-010	2.52300000E-010	-4.00000000E-001	-2.76340000E-010	2.09500000E-011	*
2.03800000E-010	-1.55000000E-012	5.00000000E-001	5.00000000E+000	4.67500000E-011	2.65300000E-010	-3.00000000E-001	-2.99810000E-010	2.86840000E-010	*
1.81150000E-010	-2.27100000E-010	5.00000000E-001	5.00000000E+000	3.15150000E-010	-1.70000000E-012	-2.00000000E-001	1.94500000E-011	3.03850000E-010	*
-1.36850000E-010	-2.82160000E-010	5.00000000E-001	5.00000000E+000	4.06240000E-010	-1.89100000E-010	-1.00000000E-001	2.72150000E-010	2.54000000E-011	*
-4.55000000E-010	-1.18150000E-010	5.00000000E-001	5.00000000E+000	3.28260000E-010	-2.25150000E-010	0.00000000E+000	2.71200000E-010	-2.00400000E-010	*
-7.69400000E-010	1.02600000E-010	5.00000000E-001	5.00000000E+000	2.92300000E-010	-5.09990000E-012	1.00000000E-001	2.59000000E-011	-2.67500000E-010	*
-8.88690000E-010	1.80350000E-010	5.00000000E-001	5.00000000E+000	5.47860000E-010	2.94090000E-010	2.00000000E-001	-2.02500000E-010	-1.08150000E-010	*
-1.11500000E-009	-6.33980000E-011	5.00000000E-001	5.00000000E+000	1.02100000E-009	5.29300000E-010	3.00000000E-001	1.81650000E-010	1.73700000E-010	*
-1.43650000E-009	-5.54390000E-010	5.00000000E-001	5.00000000E+000	1.43400000E-009	5.17100000E-010	4.00000000E-001	3.04500000E-010	2.87900000E-010	*
-2.24940000E-009	-9.78050000E-010	5.00000000E-001	5.00000000E+000	1.80850000E-009	5.15940000E-010	5.00000000E-001	1.67650000E-010	8.39500000E-011	*
-3.15390000E-009	-8.60100000E-010	5.00000000E-001	5.00000000E+000	2.60550000E-009	1.18550000E-009	6.00000000E-001	-1.05000000E-010	-4.85500000E-011	*
-4.22640000E-009	-1.72450000E-009	5.00000000E-001	5.00000000E+000	4.00450000E-009	1.51250000E-009	7.00000000E-001	-2.97600000E-010	2.84800000E-010	*
-6.03290000E-009	-2.70890000E-009	5.00000000E-001	5.00000000E+000	6.35730000E-009	2.25190000E-009	8.00000000E-001	-2.94050000E-010	2.70500000E-011	*
-9.00630000E-009	-3.91950000E-009	5.00000000E-001	5.00000000E+000	9.53420000E-009	3.58090000E-009	9.00000000E-001	-4.59510000E-011	-1.95600000E-010	*
-1.04700000E-008	-5.81830000E-009	5.00000000E-001	5.00000000E+000	9.35510000E-009	5.89900000E-009	1.00000000E+000	-2.66250000E-010	-2.83750000E-010	*
-1.36600000E-008	-8.96260000E-009	5.00000000E-001	5.00000000E+000	1.30850000E-008	9.47190000E-009	1.10000000E+000	-2.77590000E-010	-1.22650000E-010	*
-1.95050000E-008	-1.13850000E-008	5.00000000E-001	5.00000000E+000	1.97950000E-008	1.01750000E-008	1.20000000E+000	-1.28050000E-010	-1.34100000E-010	*
-2.90250000E-008	-1.50200000E-008	5.00000000E-001	5.00000000E+000	2.99840000E-008	1.56350000E-008	1.30000000E+000	1.30100000E-010	9.65980000E-011	*
-4.27040000E-008	-2.37650000E-008	5.00000000E-001	5.00000000E+000	4.35100000E-008	2.43750000E-008	1.40000000E+000	3.37250000E-010	3.26490000E-010	*
-6.17690000E-008	-3.70150000E-008	5.00000000E-001	5.00000000E+000	6.17800000E-008	3.70950000E-008	1.50000000E+000	2.47750000E-010	2.86350000E-010	*
-8.93710000E-008	-5.62800000E-008	5.00000000E-001	5.00000000E+000	8.90290000E-008	5.59400000E-008	1.60000000E+000	-7.39000000E-011	-4.50010000E-011	*
-9.38020000E-008	-8.49500000E-008	5.00000000E-001	5.00000000E+000	8.80680000E-008	8.43940000E-008	1.70000000E+000	1.89300000E-010	-2.65000000E-010	*
-1.01500000E-007	-9.46600000E-008	5.00000000E-001	5.00000000E+000	9.71270000E-008	9.14040000E-008	1.80000000E+000	-2.94510000E-010	-2.26200000E-010	*
-1.25900000E-007	-1.12400000E-007	5.00000000E-001	5.00000000E+000	1.26590000E-007	1.11650000E-007	1.90000000E+000	2.58890000E-010	1.86650000E-010	*
-1.88000000E-007	-1.64040000E-007	5.00000000E-001	5.00000000E+000	1.87440000E-007	1.61050000E-007	2.00000000E+000	2.83550000E-010	-9.31490000E-011	*
-2.78490000E-007	-2.45650000E-007	5.00000000E-001	5.00000000E+000	2.78800000E-007	2.42800000E-007	2.10000000E+000	5.74490000E-011	-3.15550000E-010	*
-4.03390000E-007	-3.66800000E-007	5.00000000E-001	5.00000000E+000	3.99840000E-007	3.64600000E-007	2.20000000E+000	-1.78650000E-010	-2.84300000E-010	*
-5.79890000E-007	-5.37550000E-007	5.00000000E-001	5.00000000E+000	5.78350000E-007	5.37080000E-007	2.30000000E+000	-2.84050000E-010	-1.47500000E-011	*
-8.15230000E-007	-7.95350000E-007	5.00000000E-001	5.00000000E+000	8.17090000E-007	7.95700000E-007	2.40000000E+000	-1.26450000E-010	2.22000000E-010	*
-8.75330000E-007	-9.10980000E-007	5.00000000E-001	5.00000000E+000	8.44530000E-007	8.88540000E-007	2.50000000E+000	-3.13750000E-010	-2.88690000E-010	*
-1.03870000E-006	-1.02950000E-006	5.00000000E-001	5.00000000E+000	1.04340000E-006	1.00510000E-006	2.60000000E+000	-2.81010000E-010	-3.08150000E-010	*
-1.23950000E-006	-1.24650000E-006	5.00000000E-001	5.00000000E+000	1.20900000E-006	1.21400000E-006	2.70000000E+000	-1.70000000E-012	-7.67490000E-011	*
-1.53300000E-006	-1.66950000E-006	5.00000000E-001	5.00000000E+000	1.53200000E-006	1.66600000E-006	2.80000000E+000	-2.14800000E-010	1.83000000E-010	*
-2.13990000E-006	-2.43340000E-006	5.00000000E-001	5.00000000E+000	2.14600000E-006	2.42990000E-006	2.90000000E+000	-2.75250000E-010	2.97940000E-010	*
-2.97240000E-006	-3.51100000E-006	5.00000000E-001	5.00000000E+000	2.95600000E-006	3.48150000E-006	3.00000000E+000	-7.97510000E-011	1.45150000E-010	*
-3.99650000E-006	-4.92690000E-006	5.00000000E-001	5.00000000E+000	3.96950000E-006	4.95090000E-006	3.10000000E+000	1.60050000E-010	-1.20400000E-010	*
-5.26900000E-006	-6.90040000E-006	5.00000000E-001	5.00000000E+000	5.25340000E-006	6.86390000E-006	3.20000000E+000	3.14850000E-010	-3.07690000E-010	*
-6.71830000E-006	-9.30020000E-006	5.00000000E-001	5.00000000E+000	6.69250000E-006	9.31040000E-006	3.30000000E+000	1.56300000E-010	-2.10150000E-010	*
-8.51000000E-006	-9.90790000E-006	5.00000000E-001	5.00000000E+000	8.49970000E-006	9.48650000E-006	3.40000000E+000	-9.52480000E-011	2.43400000E-010	*
-9.62390000E-006	-9.62010000E-006	5.00000000E-001	5.00000000E+000	9.39430000E-006	9.38730000E-006	3.50000000E+000	2.24850000E-010	1.32750000E-010	*
-9.02690000E-006	-1.03000000E-005	5.00000000E-001	5.00000000E+000	8.69900000E-006	1.01090000E-005	3.60000000E+000	-2.81050000E-010	-2.00500000E-011	*
-9.44500000E-006	-1.20900000E-005	5.00000000E-001	5.00000000E+000	9.42080000E-006	1.20200000E-005	3.70000000E+000	-7.38010000E-011	-3.03400000E-010	*
-9.79290000E-006	-1.67050000E-005	5.00000000E-001	5.00000000E+000	9.49340000E-006	1.66740000E-005	3.80000000E+000	-2.86750000E-010	-2.13500000E-011	*
-1.00780000E-005	-2.29700000E-005	5.00000000E-001	5.00000000E+000	9.97730000E-006	2.28750000E-005	3.90000000E+000	3.08350000E-010	2.17050000E-010	*
-1.06750000E-005	-3.07890000E-005	5.00000000E-001	5.00000000E+000	1.04450000E-005	3.05490000E-005	4.00000000E+000	2.45610000E-010	2.86940000E-010	*

TEST RESULTS:  TRANSFER  04/18/2025  10:14:51


SETUP:OUTPUT  04/18/2025  10:15:35
DATE:04/18/2025
TIME:10:15:35

CONDITIONS:

ID:	D	
UNIT:	SMU2	
MODE: SWEEP	
START:	0	
STOP:	5	
PNTS:	51	
STEP:	0.1

ID:	G	
UNIT:	SMU4	
MODE: STEP	
START:	-2	
STOP:	4	
PNTS:	3	
STEP:	3

ID:	S	
UNIT:	SMU1	
MODE: CONST	
VALUE:	0

DATA:  OUTPUT  04/18/2025  10:15:35

IS	IS2	IS3	VD	ID	ID2	ID3	VG	VG2	VG3	IG	IG2	IG3	ACCSTRESS
3.05950000E-010	-1.95950000E-010	-1.97300000E-008	0.00000000E+000	3.32410000E-010	-2.49050000E-010	1.37450000E-008	-2.00000000E+000	1.00000000E+000	4.00000000E+000	2.98400000E-010	-2.68660000E-010	8.39990000E-012	0.00000000E+000
-3.20790000E-010	-1.08750000E-009	-3.25450000E-006	1.00000000E-001	-1.68350000E-010	7.58980000E-010	3.12400000E-006	-2.00000000E+000	1.00000000E+000	4.00000000E+000	7.67490000E-011	2.53000000E-010	5.76500000E-011	*
-2.08950000E-010	-2.03290000E-009	-4.88200000E-006	2.00000000E-001	-3.10650000E-010	1.63040000E-009	4.88900000E-006	-2.00000000E+000	1.00000000E+000	4.00000000E+000	-1.63800000E-010	8.49490000E-011	-1.13450000E-010	*
1.08250000E-010	-2.67450000E-009	-6.82590000E-006	3.00000000E-001	-2.07550000E-010	2.26940000E-009	6.78790000E-006	-2.00000000E+000	1.00000000E+000	4.00000000E+000	-3.37000000E-010	-1.21150000E-010	-2.87300000E-010	*
3.20300000E-010	-3.10340000E-009	-8.55330000E-006	4.00000000E-001	9.91990000E-011	2.99140000E-009	8.52300000E-006	-2.00000000E+000	1.00000000E+000	4.00000000E+000	-2.25000000E-010	-2.87950000E-010	-2.50590000E-010	*
2.83350000E-010	-3.56990000E-009	-1.00790000E-005	5.00000000E-001	3.24840000E-010	3.90950000E-009	1.01310000E-005	-2.00000000E+000	1.00000000E+000	4.00000000E+000	1.19650000E-010	-2.40600000E-010	2.97010000E-011	*
-6.74480000E-011	-4.14680000E-009	-1.10900000E-005	6.00000000E-001	2.55060000E-010	4.65550000E-009	1.10700000E-005	-2.00000000E+000	1.00000000E+000	4.00000000E+000	3.29290000E-010	2.23000000E-011	1.47900000E-010	*
-2.78940000E-010	-4.89240000E-009	-1.22850000E-005	7.00000000E-001	-4.31000000E-011	5.15090000E-009	1.23200000E-005	-2.00000000E+000	1.00000000E+000	4.00000000E+000	2.99390000E-010	2.30750000E-010	2.60460000E-010	*
-2.99100000E-010	-5.54290000E-009	-1.32700000E-005	8.00000000E-001	-2.73440000E-010	5.40190000E-009	1.32700000E-005	-2.00000000E+000	1.00000000E+000	4.00000000E+000	-4.02510000E-011	2.36300000E-010	1.52750000E-010	*
-1.56000000E-011	-5.97790000E-009	-1.42700000E-005	9.00000000E-001	-2.83750000E-010	5.59640000E-009	1.43150000E-005	-2.00000000E+000	1.00000000E+000	4.00000000E+000	-2.68660000E-010	8.46010000E-011	-9.67510000E-011	*
2.12400000E-010	-6.24850000E-009	-1.50200000E-005	1.00000000E+000	-3.29500000E-011	5.80480000E-009	1.50450000E-005	-2.00000000E+000	1.00000000E+000	4.00000000E+000	-3.01550000E-010	-1.12850000E-010	-2.83350000E-010	*
3.04690000E-010	-6.12470000E-009	-1.57900000E-005	1.10000000E+000	2.07400000E-010	6.02180000E-009	1.57150000E-005	-2.00000000E+000	1.00000000E+000	4.00000000E+000	-4.16500000E-011	-2.91190000E-010	-2.44400000E-010	*
1.08900000E-010	-6.03430000E-009	-1.63000000E-005	1.20000000E+000	2.82900000E-010	6.38740000E-009	1.62390000E-005	-2.00000000E+000	1.00000000E+000	4.00000000E+000	2.19850000E-010	-2.22450000E-010	1.51500000E-011	*
-1.83950000E-010	-6.09790000E-009	-1.68300000E-005	1.30000000E+000	6.72990000E-011	6.63480000E-009	1.68250000E-005	-2.00000000E+000	1.00000000E+000	4.00000000E+000	2.80810000E-010	3.00510000E-011	2.01200000E-010	*
-3.15990000E-010	-6.32070000E-009	-1.72250000E-005	1.40000000E+000	-1.64850000E-010	6.55500000E-009	1.73200000E-005	-2.00000000E+000	1.00000000E+000	4.00000000E+000	7.79500000E-011	2.56190000E-010	2.27550000E-010	*
-1.68100000E-010	-6.47540000E-009	-1.76550000E-005	1.50000000E+000	-2.95750000E-010	6.29230000E-009	1.76640000E-005	-2.00000000E+000	1.00000000E+000	4.00000000E+000	-1.75200000E-010	2.46100000E-010	1.60050000E-010	*
6.79490000E-011	-6.54680000E-009	-1.79550000E-005	1.60000000E+000	-2.54540000E-010	6.16680000E-009	1.79400000E-005	-2.00000000E+000	1.00000000E+000	4.00000000E+000	-3.38440000E-010	7.00490000E-011	-9.76500000E-011	*
2.81100000E-010	-6.43190000E-009	-1.81300000E-005	1.70000000E+000	4.38990000E-011	6.09540000E-009	1.81050000E-005	-2.00000000E+000	1.00000000E+000	4.00000000E+000	-3.21850000E-010	-1.53100000E-010	-2.90550000E-010	*
2.94510000E-010	-6.22100000E-009	-1.83550000E-005	1.80000000E+000	2.88850000E-010	6.19180000E-009	1.83250000E-005	-2.00000000E+000	1.00000000E+000	4.00000000E+000	4.85000000E-011	-2.66160000E-010	-2.34290000E-010	*
-3.53500000E-011	-6.02490000E-009	-1.84300000E-005	1.90000000E+000	2.99000000E-010	6.42690000E-009	1.83400000E-005	-2.00000000E+000	1.00000000E+000	4.00000000E+000	3.19800000E-010	-1.88250000E-010	3.12500000E-011	*
-2.72710000E-010	-6.04380000E-009	-1.83800000E-005	2.00000000E+000	-4.01000000E-011	6.55880000E-009	1.83850000E-005	-2.00000000E+000	1.00000000E+000	4.00000000E+000	3.03540000E-010	7.10510000E-011	2.56250000E-010	*
-2.92250000E-010	-6.28940000E-009	-1.84300000E-005	2.10000000E+000	-2.42550000E-010	6.52240000E-009	1.84090000E-005	-2.00000000E+000	1.00000000E+000	4.00000000E+000	-2.31500000E-011	2.64250000E-010	2.48190000E-010	*
-2.57000000E-011	-6.48330000E-009	-1.83140000E-005	2.20000000E+000	-2.66200000E-010	6.24030000E-009	1.83250000E-005	-2.00000000E+000	1.00000000E+000	4.00000000E+000	-2.47650000E-010	2.54200000E-010	5.02000000E-011	*
1.70200000E-010	-6.50790000E-009	-1.81900000E-005	2.30000000E+000	-7.93500000E-011	6.12800000E-009	1.82190000E-005	-2.00000000E+000	1.00000000E+000	4.00000000E+000	-3.07300000E-010	5.65010000E-011	-1.73350000E-010	*
3.47100000E-010	-6.36490000E-009	-1.80440000E-005	2.40000000E+000	1.33600000E-010	5.97880000E-009	1.81390000E-005	-2.00000000E+000	1.00000000E+000	4.00000000E+000	-1.76350000E-010	-1.29800000E-010	-2.50300000E-010	*
2.62050000E-010	-6.08880000E-009	-1.78800000E-005	2.50000000E+000	3.34890000E-010	6.05790000E-009	1.78900000E-005	-2.00000000E+000	1.00000000E+000	4.00000000E+000	1.42500000E-010	-2.73400000E-010	-1.11750000E-010	*
-9.69010000E-011	-5.89940000E-009	-1.75000000E-005	2.60000000E+000	2.15200000E-010	6.29580000E-009	1.75500000E-005	-2.00000000E+000	1.00000000E+000	4.00000000E+000	3.19000000E-010	-2.00500000E-010	1.30600000E-010	*
-3.32250000E-010	-5.93700000E-009	-1.73300000E-005	2.70000000E+000	-1.03150000E-010	6.46990000E-009	1.73000000E-005	-2.00000000E+000	1.00000000E+000	4.00000000E+000	1.99550000E-010	6.52990000E-011	2.73740000E-010	*
-2.95240000E-010	-6.19890000E-009	-1.69650000E-005	2.80000000E+000	-3.03800000E-010	6.43940000E-009	1.69650000E-005	-2.00000000E+000	1.00000000E+000	4.00000000E+000	-9.07010000E-011	2.53750000E-010	1.84500000E-010	*
4.40500000E-011	-6.36580000E-009	-1.67300000E-005	2.90000000E+000	-2.81500000E-010	6.16430000E-009	1.67450000E-005	-2.00000000E+000	1.00000000E+000	4.00000000E+000	-3.23000000E-010	2.57340000E-010	-2.47500000E-011	*
2.25700000E-010	-6.37650000E-009	-1.65150000E-005	3.00000000E+000	9.50020000E-013	5.98830000E-009	1.65000000E-005	-2.00000000E+000	1.00000000E+000	4.00000000E+000	-3.08400000E-010	6.99990000E-012	-2.04650000E-010	*
3.26450000E-010	-6.20280000E-009	-1.61300000E-005	3.10000000E+000	1.68100000E-010	5.94740000E-009	1.61400000E-005	-2.00000000E+000	1.00000000E+000	4.00000000E+000	-1.06750000E-010	-1.79150000E-010	-2.25800000E-010	*
1.99250000E-010	-5.97790000E-009	-1.59900000E-005	3.20000000E+000	3.04500000E-010	6.08090000E-009	1.60000000E-005	-2.00000000E+000	1.00000000E+000	4.00000000E+000	1.79600000E-010	-2.49540000E-010	-6.09500000E-011	*
-1.44750000E-010	-5.81190000E-009	-1.57400000E-005	3.30000000E+000	1.30550000E-010	6.24190000E-009	1.57550000E-005	-2.00000000E+000	1.00000000E+000	4.00000000E+000	3.03100000E-010	-1.23150000E-010	1.57300000E-010	*
-3.40650000E-010	-5.87580000E-009	-1.55300000E-005	3.40000000E+000	-1.36250000E-010	6.39530000E-009	1.54850000E-005	-2.00000000E+000	1.00000000E+000	4.00000000E+000	1.38950000E-010	1.10600000E-010	2.40400000E-010	*
-2.40210000E-010	-6.17640000E-009	-1.51550000E-005	3.50000000E+000	-3.16740000E-010	6.35940000E-009	1.51600000E-005	-2.00000000E+000	1.00000000E+000	4.00000000E+000	-1.44050000E-010	2.83390000E-010	1.21100000E-010	*
7.24510000E-011	-6.37900000E-009	-1.48700000E-005	3.60000000E+000	-2.36700000E-010	6.08430000E-009	1.48500000E-005	-2.00000000E+000	1.00000000E+000	4.00000000E+000	-3.41540000E-010	2.29300000E-010	-7.36510000E-011	*
3.17200000E-010	-6.33830000E-009	-1.46700000E-005	3.70000000E+000	8.43980000E-011	5.86940000E-009	1.46700000E-005	-2.00000000E+000	1.00000000E+000	4.00000000E+000	-2.61910000E-010	-4.18000000E-011	-2.46440000E-010	*
2.91590000E-010	-6.09180000E-009	-1.44700000E-005	3.80000000E+000	2.82200000E-010	5.87030000E-009	1.44350000E-005	-2.00000000E+000	1.00000000E+000	4.00000000E+000	3.70000000E-011	-1.95300000E-010	-2.44200000E-010	*
-1.64000000E-011	-5.90080000E-009	-1.42050000E-005	3.90000000E+000	2.76440000E-010	6.00790000E-009	1.42100000E-005	-2.00000000E+000	1.00000000E+000	4.00000000E+000	2.66590000E-010	-2.40400000E-010	-6.00010000E-012	*
-2.07750000E-010	-5.74780000E-009	-1.40750000E-005	4.00000000E+000	-1.02500000E-011	6.16680000E-009	1.40750000E-005	-2.00000000E+000	1.00000000E+000	4.00000000E+000	2.38760000E-010	-9.55000000E-011	1.88900000E-010	*
-2.19350000E-010	-5.90440000E-009	-1.38400000E-005	4.10000000E+000	-1.78950000E-010	6.37580000E-009	1.37950000E-005	-2.00000000E+000	1.00000000E+000	4.00000000E+000	5.09990000E-012	1.21750000E-010	2.49900000E-010	*
-4.84500000E-011	-6.10640000E-009	-1.35700000E-005	4.20000000E+000	-2.11750000E-010	6.23030000E-009	1.36100000E-005	-2.00000000E+000	1.00000000E+000	4.00000000E+000	-1.88300000E-010	2.68700000E-010	9.01500000E-011	*
1.59200000E-010	-6.28730000E-009	-1.33800000E-005	4.30000000E+000	-5.19500000E-011	5.93700000E-009	1.33750000E-005	-2.00000000E+000	1.00000000E+000	4.00000000E+000	-2.37610000E-010	1.81450000E-010	-1.64750000E-010	*
2.52400000E-010	-6.20340000E-009	-1.32550000E-005	4.40000000E+000	1.61200000E-010	5.74100000E-009	1.32400000E-005	-2.00000000E+000	1.00000000E+000	4.00000000E+000	-6.65000000E-011	-7.58510000E-011	-2.91910000E-010	*
1.90000000E-010	-5.94130000E-009	-1.30600000E-005	4.50000000E+000	2.71240000E-010	5.75690000E-009	1.30600000E-005	-2.00000000E+000	1.00000000E+000	4.00000000E+000	1.20800000E-010	-2.35150000E-010	-2.17550000E-010	*
-7.05500000E-011	-5.69680000E-009	-1.28150000E-005	4.60000000E+000	1.95200000E-010	5.93040000E-009	1.28800000E-005	-2.00000000E+000	1.00000000E+000	4.00000000E+000	2.73900000E-010	-2.40210000E-010	6.86490000E-011	*
-2.71000000E-010	-5.65140000E-009	-1.26400000E-005	4.70000000E+000	-6.42510000E-011	6.10090000E-009	1.26600000E-005	-2.00000000E+000	1.00000000E+000	4.00000000E+000	1.91650000E-010	-4.40500000E-011	3.02190000E-010	*
-2.39590000E-010	-5.80030000E-009	-1.25400000E-005	4.80000000E+000	-2.46340000E-010	6.19840000E-009	1.25250000E-005	-2.00000000E+000	1.00000000E+000	4.00000000E+000	-6.12490000E-011	1.59000000E-010	2.69790000E-010	*
2.92500000E-011	-6.09500000E-009	-1.24050000E-005	4.90000000E+000	-2.23500000E-010	6.10230000E-009	1.23500000E-005	-2.00000000E+000	1.00000000E+000	4.00000000E+000	-2.60000000E-010	2.52900000E-010	-2.13000000E-011	*
2.44650000E-010	-6.15730000E-009	-1.22550000E-005	5.00000000E+000	4.50500000E-011	5.79280000E-009	1.22300000E-005	-2.00000000E+000	1.00000000E+000	4.00000000E+000	-2.57540000E-010	1.05950000E-010	-2.75050000E-010	*

TEST RESULTS:  OUTPUT  04/18/2025  10:15:35


