ATTRIBUTES:

Attribute #1:C:\Metrics\ics\projects\6.2600J_S25\transistor_measurement.ics
Attribute #2:Test
Attribute #3:dev1
Attribute #4:PASSED
SETUP:TRANSFER  04/18/2025  10:22:20
DATE:04/18/2025
TIME:10:22:20

CONDITIONS:

ID:	D	
UNIT:	SMU2	
MODE: STEP	
START:	0.5	
STOP:	5	
PNTS:	2	
STEP:	4.5

ID:	G	
UNIT:	SMU4	
MODE: SWEEP	
START:	-2	
STOP:	4	
PNTS:	61	
STEP:	0.1

ID:	S	
UNIT:	SMU1	
MODE: CONST	
VALUE:	0

DATA:  TRANSFER  04/18/2025  10:22:20

IS	IS2	VD	VD2	ID	ID2	VG	IG	IG2	ACCSTRESS
-1.65100000E-010	6.31190000E-010	5.00000000E-001	5.00000000E+000	-3.38700000E-010	5.79030000E-010	-2.00000000E+000	-6.10950000E-010	2.76050000E-010	0.00000000E+000
4.39550000E-010	-3.84110000E-010	5.00000000E-001	5.00000000E+000	3.79500000E-011	-6.34290000E-010	-1.90000000E+000	-6.70810000E-010	-3.82600000E-010	*
6.23740000E-010	1.62050000E-010	5.00000000E-001	5.00000000E+000	4.05000000E-010	-4.10850000E-010	-1.80000000E+000	-1.69000000E-011	-7.48000000E-010	*
2.53000000E-010	6.39290000E-010	5.00000000E-001	5.00000000E+000	6.06030000E-010	2.20200000E-010	-1.70000000E+000	4.24090000E-010	-4.08700000E-010	*
-3.00250000E-010	5.08440000E-010	5.00000000E-001	5.00000000E+000	1.47450000E-010	6.55460000E-010	-1.60000000E+000	6.90140000E-010	2.98300000E-010	*
-6.42700000E-010	-2.08150000E-010	5.00000000E-001	5.00000000E+000	-3.37950000E-010	3.50200000E-010	-1.50000000E+000	1.10700000E-010	7.37660000E-010	*
-3.07100000E-010	-6.72460000E-010	5.00000000E-001	5.00000000E+000	-6.18340000E-010	-2.53950000E-010	-1.40000000E+000	-3.75750000E-010	2.89450000E-010	*
2.11450000E-010	-4.51050000E-010	5.00000000E-001	5.00000000E+000	-3.48390000E-010	-6.50090000E-010	-1.30000000E+000	-7.20260000E-010	-3.18850000E-010	*
6.34800000E-010	1.73100000E-010	5.00000000E-001	5.00000000E+000	2.37050000E-010	-3.82750000E-010	-1.20000000E+000	-3.57600000E-010	-7.36150000E-010	*
4.27450000E-010	5.65990000E-010	5.00000000E-001	5.00000000E+000	6.36840000E-010	1.34050000E-010	-1.10000000E+000	3.36340000E-010	-5.68600000E-010	*
-2.23800000E-010	5.90410000E-010	5.00000000E-001	5.00000000E+000	2.72350000E-010	6.14110000E-010	-1.00000000E+000	7.14440000E-010	2.19700000E-010	*
-6.65010000E-010	-6.14510000E-011	5.00000000E-001	5.00000000E+000	-2.79850000E-010	5.68660000E-010	-9.00000000E-001	2.31650000E-010	6.85050000E-010	*
-5.47400000E-010	-4.86240000E-010	5.00000000E-001	5.00000000E+000	-6.15590000E-010	-7.64010000E-011	-8.00000000E-001	-2.34950000E-010	6.60240000E-010	*
1.07450000E-010	-6.09900000E-010	5.00000000E-001	5.00000000E+000	-5.21050000E-010	-4.94340000E-010	-7.00000000E-001	-6.90990000E-010	-8.41990000E-011	*
5.86600000E-010	2.10000000E-012	5.00000000E-001	5.00000000E+000	1.64900000E-010	-5.79940000E-010	-6.00000000E-001	-4.97610000E-010	-6.01690000E-010	*
5.28640000E-010	4.40050000E-010	5.00000000E-001	5.00000000E+000	6.27810000E-010	4.07000000E-011	-5.00000000E-001	2.61350000E-010	-6.72690000E-010	*
-2.30100000E-010	5.95460000E-010	5.00000000E-001	5.00000000E+000	4.43390000E-010	4.89960000E-010	-4.00000000E-001	7.41040000E-010	9.42500000E-011	*
-7.63410000E-010	-6.70000000E-012	5.00000000E-001	5.00000000E+000	-8.77980000E-011	5.75710000E-010	-3.00000000E-001	3.57250000E-010	6.33890000E-010	*
-7.70090000E-010	-4.78740000E-010	5.00000000E-001	5.00000000E+000	-3.65500000E-010	-4.60010000E-011	-2.00000000E-001	-2.54600000E-010	6.72800000E-010	*
-3.30500000E-010	-6.91300000E-010	5.00000000E-001	5.00000000E+000	3.91490000E-011	-3.61100000E-010	-1.00000000E-001	-7.19210000E-010	7.54990000E-012	*
-4.30990000E-010	-2.64750000E-010	5.00000000E-001	5.00000000E+000	1.58490000E-010	-4.68390000E-010	0.00000000E+000	6.94400000E-010	-4.71600000E-010	*
-1.92350000E-009	7.21980000E-011	5.00000000E-001	5.00000000E+000	9.78500000E-010	6.99000000E-011	1.00000000E-001	5.18700000E-010	-6.87010000E-010	*
-2.61190000E-009	2.33460000E-010	5.00000000E-001	5.00000000E+000	1.43550000E-009	7.88390000E-010	2.00000000E-001	-1.63300000E-010	-1.12200000E-010	*
-2.99190000E-009	-7.53290000E-010	5.00000000E-001	5.00000000E+000	2.49500000E-009	1.27500000E-009	3.00000000E-001	-6.38440000E-010	5.55990000E-010	*
-3.92450000E-009	-1.23550000E-009	5.00000000E-001	5.00000000E+000	4.48700000E-009	5.37480000E-010	4.00000000E-001	-6.44860000E-010	4.85500000E-010	*
-5.96880000E-009	-2.50390000E-009	5.00000000E-001	5.00000000E+000	7.04330000E-009	1.38900000E-009	5.00000000E-001	8.08490000E-011	-6.75020000E-011	*
-9.75430000E-009	-3.14790000E-009	5.00000000E-001	5.00000000E+000	1.03570000E-008	2.55290000E-009	6.00000000E-001	5.78500000E-010	-5.39500000E-010	*
-1.12700000E-008	-4.52290000E-009	5.00000000E-001	5.00000000E+000	8.57020000E-009	4.98040000E-009	7.00000000E-001	-6.07480000E-010	-6.63590000E-010	*
-1.42550000E-008	-7.25180000E-009	5.00000000E-001	5.00000000E+000	1.34900000E-008	8.32550000E-009	8.00000000E-001	-6.76950000E-010	-4.87500000E-011	*
-1.97350000E-008	-1.05200000E-008	5.00000000E-001	5.00000000E+000	2.05900000E-008	8.04990000E-009	9.00000000E-001	-1.15100000E-010	-1.79300000E-010	*
-3.00440000E-008	-1.43400000E-008	5.00000000E-001	5.00000000E+000	3.20650000E-008	1.30100000E-008	1.00000000E+000	3.81750000E-010	-6.69360000E-010	*
-4.56860000E-008	-2.25350000E-008	5.00000000E-001	5.00000000E+000	4.72850000E-008	2.21050000E-008	1.10000000E+000	7.05660000E-010	-6.62710000E-010	*
-6.64770000E-008	-3.39640000E-008	5.00000000E-001	5.00000000E+000	6.66950000E-008	3.46500000E-008	1.20000000E+000	3.51500000E-010	8.76490000E-011	*
-9.62140000E-008	-5.18700000E-008	5.00000000E-001	5.00000000E+000	9.45800000E-008	5.30800000E-008	1.30000000E+000	-2.70450000E-010	5.94300000E-010	*
-1.08550000E-007	-7.98390000E-008	5.00000000E-001	5.00000000E+000	1.04250000E-007	8.01590000E-008	1.40000000E+000	-6.74190000E-010	6.74900000E-010	*
-1.34600000E-007	-8.97820000E-008	5.00000000E-001	5.00000000E+000	1.33950000E-007	8.79810000E-008	1.50000000E+000	-8.75990000E-011	4.49350000E-010	*
-2.01490000E-007	-1.06400000E-007	5.00000000E-001	5.00000000E+000	2.04050000E-007	1.07200000E-007	1.60000000E+000	4.34200000E-010	6.79050000E-010	*
-2.86250000E-007	-1.56950000E-007	5.00000000E-001	5.00000000E+000	2.90150000E-007	1.57100000E-007	1.70000000E+000	7.15600000E-010	-1.33500000E-011	*
-4.09000000E-007	-2.43000000E-007	5.00000000E-001	5.00000000E+000	4.07850000E-007	2.42100000E-007	1.80000000E+000	3.84840000E-010	-4.86490000E-010	*
-5.86300000E-007	-3.66800000E-007	5.00000000E-001	5.00000000E+000	5.90200000E-007	3.63990000E-007	1.90000000E+000	-1.91350000E-010	-7.06650000E-010	*
-7.96340000E-007	-5.48640000E-007	5.00000000E-001	5.00000000E+000	7.96340000E-007	5.45490000E-007	2.00000000E+000	-6.72200000E-010	-1.52550000E-010	*
-8.37840000E-007	-8.00030000E-007	5.00000000E-001	5.00000000E+000	7.84930000E-007	8.03730000E-007	2.10000000E+000	-7.05990000E-010	4.23400000E-010	*
-9.87140000E-007	-8.78380000E-007	5.00000000E-001	5.00000000E+000	9.86210000E-007	8.55070000E-007	2.20000000E+000	-5.84400000E-010	6.80360000E-010	*
-1.15300000E-006	-9.90060000E-007	5.00000000E-001	5.00000000E+000	1.12400000E-006	9.69040000E-007	2.30000000E+000	-1.81950000E-010	6.74990000E-010	*
-1.40550000E-006	-1.18500000E-006	5.00000000E-001	5.00000000E+000	1.39800000E-006	1.15000000E-006	2.40000000E+000	-6.81610000E-010	6.79850000E-010	*
-1.99800000E-006	-1.68900000E-006	5.00000000E-001	5.00000000E+000	1.97200000E-006	1.67550000E-006	2.50000000E+000	-6.07480000E-010	-4.99500000E-011	*
-2.77800000E-006	-2.47650000E-006	5.00000000E-001	5.00000000E+000	2.79400000E-006	2.45540000E-006	2.60000000E+000	1.29600000E-010	-5.36490000E-010	*
-3.70550000E-006	-3.57300000E-006	5.00000000E-001	5.00000000E+000	3.71950000E-006	3.56800000E-006	2.70000000E+000	6.54010000E-010	-6.81690000E-010	*
-5.03890000E-006	-5.07590000E-006	5.00000000E-001	5.00000000E+000	4.98350000E-006	5.05340000E-006	2.80000000E+000	6.67940000E-010	-3.35000000E-012	*
-6.58100000E-006	-7.12530000E-006	5.00000000E-001	5.00000000E+000	6.58930000E-006	7.13600000E-006	2.90000000E+000	2.19000000E-011	4.73560000E-010	*
-8.44200000E-006	-9.73560000E-006	5.00000000E-001	5.00000000E+000	8.40150000E-006	9.70390000E-006	3.00000000E+000	-4.50500000E-010	7.54400000E-010	*
-9.71000000E-006	-9.85430000E-006	5.00000000E-001	5.00000000E+000	9.55210000E-006	9.53910000E-006	3.10000000E+000	7.43540000E-010	5.73500000E-010	*
-9.46040000E-006	-1.01470000E-005	5.00000000E-001	5.00000000E+000	9.05940000E-006	9.89580000E-006	3.20000000E+000	7.95490000E-011	6.82090000E-010	*
-1.01560000E-005	-1.06750000E-005	5.00000000E-001	5.00000000E+000	1.01400000E-005	1.05950000E-005	3.30000000E+000	6.23490000E-010	-1.09350000E-010	*
-1.09650000E-005	-1.38400000E-005	5.00000000E-001	5.00000000E+000	1.05800000E-005	1.38700000E-005	3.40000000E+000	4.84360000E-010	4.37390000E-010	*
-1.21800000E-005	-1.96250000E-005	5.00000000E-001	5.00000000E+000	1.21800000E-005	1.95850000E-005	3.50000000E+000	-2.05700000E-010	7.42600000E-010	*
-1.58400000E-005	-2.69700000E-005	5.00000000E-001	5.00000000E+000	1.57900000E-005	2.70050000E-005	3.60000000E+000	-6.86040000E-010	2.76340000E-010	*
-2.00500000E-005	-3.66640000E-005	5.00000000E-001	5.00000000E+000	1.99650000E-005	3.65390000E-005	3.70000000E+000	-5.77300000E-010	-3.37590000E-010	*
-2.45200000E-005	-4.84140000E-005	5.00000000E-001	5.00000000E+000	2.44590000E-005	4.82890000E-005	3.80000000E+000	1.47250000E-010	-7.36490000E-010	*
-2.92250000E-005	-6.25480000E-005	5.00000000E-001	5.00000000E+000	2.91450000E-005	6.22530000E-005	3.90000000E+000	5.88900000E-010	-3.43200000E-010	*
-3.39750000E-005	-7.80860000E-005	5.00000000E-001	5.00000000E+000	3.38140000E-005	7.77350000E-005	4.00000000E+000	6.88690000E-010	1.82750000E-010	*

TEST RESULTS:  TRANSFER  04/18/2025  10:22:20


SETUP:OUTPUT  04/18/2025  10:23:01
DATE:04/18/2025
TIME:10:23:01

CONDITIONS:

ID:	D	
UNIT:	SMU2	
MODE: SWEEP	
START:	0	
STOP:	5	
PNTS:	51	
STEP:	0.1

ID:	G	
UNIT:	SMU4	
MODE: STEP	
START:	-2	
STOP:	4	
PNTS:	3	
STEP:	3

ID:	S	
UNIT:	SMU1	
MODE: CONST	
VALUE:	0

DATA:  OUTPUT  04/18/2025  10:23:01

IS	IS2	IS3	VD	ID	ID2	ID3	VG	VG2	VG3	IG	IG2	IG3	ACCSTRESS
-1.55350000E-010	5.61160000E-010	-3.99740000E-008	0.00000000E+000	8.64480000E-011	2.31100000E-010	2.90450000E-008	-2.00000000E+000	1.00000000E+000	4.00000000E+000	2.83550000E-010	-1.36500000E-011	-7.36290000E-010	0.00000000E+000
-1.68850000E-010	-1.56350000E-009	-5.24500000E-006	1.00000000E-001	4.32000000E-010	2.33300000E-009	5.06380000E-006	-2.00000000E+000	1.00000000E+000	4.00000000E+000	7.75600000E-010	-6.28350000E-010	-7.48940000E-010	*
-6.69560000E-010	-3.31740000E-009	-7.75420000E-006	2.00000000E-001	-2.30250000E-010	4.50090000E-009	7.74440000E-006	-2.00000000E+000	1.00000000E+000	4.00000000E+000	3.87740000E-010	1.23600000E-010	-2.04150000E-010	*
-5.56700000E-010	-5.46290000E-009	-1.03500000E-005	3.00000000E-001	-6.54810000E-010	6.13090000E-009	1.03500000E-005	-2.00000000E+000	1.00000000E+000	4.00000000E+000	-2.81010000E-010	6.12200000E-010	-2.80000000E-011	*
6.42010000E-011	-7.14630000E-009	-1.29250000E-005	4.00000000E-001	-5.99390000E-010	6.75850000E-009	1.29100000E-005	-2.00000000E+000	1.00000000E+000	4.00000000E+000	-6.84650000E-010	7.11140000E-010	-4.52200000E-010	*
4.42360000E-010	-8.64060000E-009	-1.52450000E-005	5.00000000E-001	6.40000000E-012	7.61610000E-009	1.52450000E-005	-2.00000000E+000	1.00000000E+000	4.00000000E+000	-7.16340000E-010	3.23000000E-011	-7.73300000E-010	*
6.66060000E-010	-9.06720000E-009	-1.73240000E-005	6.00000000E-001	4.43550000E-010	8.38050000E-009	1.73050000E-005	-2.00000000E+000	1.00000000E+000	4.00000000E+000	-4.99980000E-014	-4.76600000E-010	-4.28540000E-010	*
4.71940000E-010	-9.22000000E-009	-1.91800000E-005	7.00000000E-001	6.82550000E-010	9.65520000E-009	1.91900000E-005	-2.00000000E+000	1.00000000E+000	4.00000000E+000	3.42850000E-010	-2.57200000E-010	2.57300000E-010	*
-2.21850000E-010	-1.10100000E-008	-2.06950000E-005	8.00000000E-001	3.45200000E-010	9.46010000E-009	2.07350000E-005	-2.00000000E+000	1.00000000E+000	4.00000000E+000	7.59340000E-010	-3.12500000E-010	7.86060000E-010	*
-7.00990000E-010	-1.16650000E-008	-2.22450000E-005	9.00000000E-001	-2.73600000E-010	9.85480000E-009	2.22450000E-005	-2.00000000E+000	1.00000000E+000	4.00000000E+000	2.81350000E-010	-7.02810000E-010	5.44990000E-010	*
-4.87290000E-010	-1.17250000E-008	-2.35000000E-005	1.00000000E+000	-6.78060000E-010	1.12400000E-008	2.35050000E-005	-2.00000000E+000	1.00000000E+000	4.00000000E+000	-3.24150000E-010	-7.18160000E-010	-1.79800000E-010	*
1.69550000E-010	-1.11750000E-008	-2.46700000E-005	1.10000000E+000	-4.28760000E-010	1.22600000E-008	2.46150000E-005	-2.00000000E+000	1.00000000E+000	4.00000000E+000	-7.94100000E-010	2.33500000E-011	-6.61350000E-010	*
6.61660000E-010	-1.15000000E-008	-2.55290000E-005	1.20000000E+000	2.09250000E-010	1.32150000E-008	2.54800000E-005	-2.00000000E+000	1.00000000E+000	4.00000000E+000	-4.36540000E-010	4.92010000E-010	-7.13840000E-010	*
5.59590000E-010	-1.22100000E-008	-2.61700000E-005	1.30000000E+000	6.60010000E-010	1.36400000E-008	2.61750000E-005	-2.00000000E+000	1.00000000E+000	4.00000000E+000	2.79700000E-010	7.40610000E-010	-5.56000000E-011	*
-1.67300000E-010	-1.33050000E-008	-2.68440000E-005	1.40000000E+000	4.55150000E-010	1.26100000E-008	2.68400000E-005	-2.00000000E+000	1.00000000E+000	4.00000000E+000	7.80150000E-010	2.75450000E-010	3.02190000E-010	*
-5.80650000E-010	-1.36800000E-008	-2.73700000E-005	1.50000000E+000	-1.35300000E-010	1.18650000E-008	2.74100000E-005	-2.00000000E+000	1.00000000E+000	4.00000000E+000	6.02310000E-010	-3.02390000E-010	7.94100000E-010	*
-6.36650000E-010	-1.26150000E-008	-2.77850000E-005	1.60000000E+000	-5.72900000E-010	1.09150000E-008	2.77600000E-005	-2.00000000E+000	1.00000000E+000	4.00000000E+000	-1.65550000E-010	-7.61250000E-010	4.70750000E-010	*
5.13000000E-011	-1.22750000E-008	-2.80050000E-005	1.70000000E+000	-6.02940000E-010	1.22500000E-008	2.79840000E-005	-2.00000000E+000	1.00000000E+000	4.00000000E+000	-6.77690000E-010	-6.33090000E-010	-2.23400000E-010	*
5.03210000E-010	-1.15500000E-008	-2.81850000E-005	1.80000000E+000	8.81000000E-011	1.19000000E-008	2.81890000E-005	-2.00000000E+000	1.00000000E+000	4.00000000E+000	-7.10660000E-010	7.52000000E-011	-7.29190000E-010	*
6.29800000E-010	-1.13700000E-008	-2.82500000E-005	1.90000000E+000	5.27250000E-010	1.27850000E-008	2.80700000E-005	-2.00000000E+000	1.00000000E+000	4.00000000E+000	1.06000000E-010	5.59800000E-010	-6.71940000E-010	*
-4.24500000E-011	-1.18550000E-008	-2.82290000E-005	2.00000000E+000	6.04160000E-010	1.27400000E-008	2.81740000E-005	-2.00000000E+000	1.00000000E+000	4.00000000E+000	6.93600000E-010	7.09690000E-010	9.35500000E-011	*
-5.16960000E-010	-1.28750000E-008	-2.79150000E-005	2.10000000E+000	-8.99010000E-011	1.21100000E-008	2.79550000E-005	-2.00000000E+000	1.00000000E+000	4.00000000E+000	6.71210000E-010	1.24250000E-010	5.36350000E-010	*
-6.41700000E-010	-1.36950000E-008	-2.77390000E-005	2.20000000E+000	-4.90250000E-010	1.13600000E-008	2.78190000E-005	-2.00000000E+000	1.00000000E+000	4.00000000E+000	-7.61990000E-011	-3.71800000E-010	7.25550000E-010	*
-4.72490000E-011	-1.23550000E-008	-2.76190000E-005	2.30000000E+000	-6.02140000E-010	1.04800000E-008	2.75550000E-005	-2.00000000E+000	1.00000000E+000	4.00000000E+000	-5.72240000E-010	-7.85240000E-010	8.38020000E-011	*
4.32490000E-010	-1.16250000E-008	-2.72390000E-005	2.40000000E+000	2.40000000E-012	1.14450000E-008	2.71800000E-005	-2.00000000E+000	1.00000000E+000	4.00000000E+000	-7.26000000E-010	-5.53850000E-010	-3.85650000E-010	*
6.59440000E-010	-1.11800000E-008	-2.69750000E-005	2.50000000E+000	4.61200000E-010	1.19450000E-008	2.70600000E-005	-2.00000000E+000	1.00000000E+000	4.00000000E+000	2.30500000E-011	6.31990000E-011	-7.84550000E-010	*
5.95010000E-011	-1.12450000E-008	-2.66200000E-005	2.60000000E+000	5.98760000E-010	1.29850000E-008	2.65590000E-005	-2.00000000E+000	1.00000000E+000	4.00000000E+000	5.91740000E-010	5.56410000E-010	-4.61590000E-010	*
-4.43390000E-010	-1.18150000E-008	-2.62000000E-005	2.70000000E+000	-1.78500000E-011	1.28750000E-008	2.63000000E-005	-2.00000000E+000	1.00000000E+000	4.00000000E+000	7.04260000E-010	7.17560000E-010	2.30250000E-010	*
-6.64500000E-010	-1.27700000E-008	-2.55900000E-005	2.80000000E+000	-4.51590000E-010	1.20200000E-008	2.56350000E-005	-2.00000000E+000	1.00000000E+000	4.00000000E+000	-1.70000000E-011	1.18950000E-010	7.04350000E-010	*
-1.97600000E-010	-1.33150000E-008	-2.51600000E-005	2.90000000E+000	-6.33460000E-010	1.07750000E-008	2.51350000E-005	-2.00000000E+000	1.00000000E+000	4.00000000E+000	-4.87010000E-010	-3.53690000E-010	7.08020000E-010	*
2.60300000E-010	-1.21850000E-008	-2.47250000E-005	3.00000000E+000	-2.62250000E-010	1.03900000E-008	2.47150000E-005	-2.00000000E+000	1.00000000E+000	4.00000000E+000	-7.71050000E-010	-7.76200000E-010	-3.77490000E-011	*
6.99740000E-010	-1.14200000E-008	-2.43200000E-005	3.10000000E+000	2.84860000E-010	1.13450000E-008	2.42600000E-005	-2.00000000E+000	1.00000000E+000	4.00000000E+000	-3.01160000E-010	-6.21160000E-010	-5.20910000E-010	*
4.46090000E-010	-1.07600000E-008	-2.39290000E-005	3.20000000E+000	6.92830000E-010	1.17550000E-008	2.38890000E-005	-2.00000000E+000	1.00000000E+000	4.00000000E+000	3.65500000E-010	3.38500000E-011	-7.29640000E-010	*
-2.62200000E-010	-1.07500000E-008	-2.37150000E-005	3.30000000E+000	2.60550000E-010	1.25700000E-008	2.36400000E-005	-2.00000000E+000	1.00000000E+000	4.00000000E+000	7.48000000E-010	5.09090000E-010	-1.04300000E-010	*
-7.10090000E-010	-1.14500000E-008	-2.31200000E-005	3.40000000E+000	-3.10800000E-010	1.26100000E-008	2.31600000E-005	-2.00000000E+000	1.00000000E+000	4.00000000E+000	1.89450000E-010	7.25430000E-010	4.32090000E-010	*
-4.28900000E-010	-1.25300000E-008	-2.27640000E-005	3.50000000E+000	-6.70040000E-010	1.18550000E-008	2.27050000E-005	-2.00000000E+000	1.00000000E+000	4.00000000E+000	-3.63950000E-010	1.96600000E-010	7.96690000E-010	*
2.20250000E-010	-1.30100000E-008	-2.22400000E-005	3.60000000E+000	-3.42890000E-010	1.07050000E-008	2.22550000E-005	-2.00000000E+000	1.00000000E+000	4.00000000E+000	-7.74610000E-010	-3.29290000E-010	6.73790000E-010	*
6.50200000E-010	-1.20200000E-008	-2.19050000E-005	3.70000000E+000	2.10400000E-010	1.02150000E-008	2.19550000E-005	-2.00000000E+000	1.00000000E+000	4.00000000E+000	-4.77940000E-010	-7.53290000E-010	-1.21150000E-010	*
5.64600000E-010	-1.15900000E-008	-2.15750000E-005	3.80000000E+000	6.61800000E-010	1.12600000E-008	2.15250000E-005	-2.00000000E+000	1.00000000E+000	4.00000000E+000	2.74850000E-010	-6.61600000E-010	-6.27010000E-010	*
-1.67200000E-010	-1.06350000E-008	-2.12150000E-005	3.90000000E+000	4.47000000E-010	1.15800000E-008	2.11890000E-005	-2.00000000E+000	1.00000000E+000	4.00000000E+000	7.75910000E-010	1.24000000E-011	-7.25010000E-010	*
-6.42050000E-010	-1.06100000E-008	-2.09190000E-005	4.00000000E+000	-1.96350000E-010	1.24900000E-008	2.09500000E-005	-2.00000000E+000	1.00000000E+000	4.00000000E+000	4.59900000E-010	4.88060000E-010	-1.05000000E-012	*
-6.14450000E-010	-1.12650000E-008	-2.06300000E-005	4.10000000E+000	-6.27210000E-010	1.24350000E-008	2.06300000E-005	-2.00000000E+000	1.00000000E+000	4.00000000E+000	-2.22650000E-010	7.27310000E-010	4.98490000E-010	*
1.15400000E-010	-1.22100000E-008	-2.03950000E-005	4.20000000E+000	-5.32450000E-010	1.15550000E-008	2.03800000E-005	-2.00000000E+000	1.00000000E+000	4.00000000E+000	-7.63890000E-010	1.99000000E-010	7.21340000E-010	*
5.91910000E-010	-1.28050000E-008	-2.00800000E-005	4.30000000E+000	1.50750000E-010	1.04900000E-008	1.99850000E-005	-2.00000000E+000	1.00000000E+000	4.00000000E+000	-5.94300000E-010	-3.15490000E-010	1.81550000E-010	*
6.28690000E-010	-1.16400000E-008	-1.97790000E-005	4.40000000E+000	5.92510000E-010	9.96990000E-009	1.97350000E-005	-2.00000000E+000	1.00000000E+000	4.00000000E+000	1.49100000E-010	-4.85840000E-010	-3.88450000E-010	*
4.29510000E-011	-1.16550000E-008	-1.94800000E-005	4.50000000E+000	5.99950000E-010	1.00100000E-008	1.94390000E-005	-2.00000000E+000	1.00000000E+000	4.00000000E+000	6.04840000E-010	-7.65850000E-010	-7.78160000E-010	*
-4.44700000E-010	-1.13150000E-008	-1.91050000E-005	4.60000000E+000	-1.71500000E-011	1.09200000E-008	1.91400000E-005	-2.00000000E+000	1.00000000E+000	4.00000000E+000	7.06510000E-010	-6.91560000E-010	-3.37650000E-010	*
-6.62110000E-010	-1.03950000E-008	-1.90450000E-005	4.70000000E+000	-4.28900000E-010	1.11250000E-008	1.90700000E-005	-2.00000000E+000	1.00000000E+000	4.00000000E+000	-2.74500000E-011	-1.45500000E-011	3.09040000E-010	*
-1.81800000E-010	-1.01550000E-008	-1.88000000E-005	4.80000000E+000	-6.24200000E-010	1.17000000E-008	1.87800000E-005	-2.00000000E+000	1.00000000E+000	4.00000000E+000	-4.87860000E-010	2.65100000E-010	7.97200000E-010	*
3.48350000E-010	-1.08950000E-008	-1.86450000E-005	4.90000000E+000	-1.13500000E-010	1.25450000E-008	1.86050000E-005	-2.00000000E+000	1.00000000E+000	4.00000000E+000	-7.43060000E-010	7.60450000E-010	4.63200000E-010	*
6.78340000E-010	-1.14650000E-008	-1.83650000E-005	5.00000000E+000	4.12200000E-010	1.16550000E-008	1.83250000E-005	-2.00000000E+000	1.00000000E+000	4.00000000E+000	-7.84010000E-011	5.35240000E-010	-2.74650000E-010	*

TEST RESULTS:  OUTPUT  04/18/2025  10:23:01


