ATTRIBUTES:

Attribute #1:C:\Metrics\ics\projects\6.2600J_S25\transistor_measurement.ics
Attribute #2:Test
Attribute #3:dev1
Attribute #4:PASSED
SETUP:TRANSFER  04/30/2025  15:46:21
DATE:04/30/2025
TIME:15:46:21

CONDITIONS:

ID:	D	
UNIT:	SMU2	
MODE: STEP	
START:	0.5	
STOP:	5	
PNTS:	2	
STEP:	4.5

ID:	G	
UNIT:	SMU4	
MODE: SWEEP	
START:	-2	
STOP:	4	
PNTS:	61	
STEP:	0.1

ID:	S	
UNIT:	SMU1	
MODE: CONST	
VALUE:	0

DATA:  TRANSFER  04/30/2025  15:46:21

IS	IS2	VD	VD2	ID	ID2	VG	IG	IG2	ACCSTRESS
2.98000000E-011	2.05000000E-012	5.00000000E-001	5.00000000E+000	2.42000000E-011	2.25350000E-010	-2.00000000E+000	8.52010000E-011	-2.36450000E-010	0.00000000E+000
-3.41510000E-011	-1.78500000E-011	5.00000000E-001	5.00000000E+000	0.00000000E+000	1.68350000E-010	-1.90000000E+000	1.49050000E-010	-8.78520000E-011	*
-8.49980000E-012	-3.12500000E-011	5.00000000E-001	5.00000000E+000	-5.20000000E-012	1.24400000E-010	-1.80000000E+000	6.40490000E-011	-5.85000000E-012	*
1.12500000E-011	-2.94010000E-011	5.00000000E-001	5.00000000E+000	-1.30000000E-012	8.62990000E-011	-1.70000000E+000	-7.85010000E-012	-2.05000000E-012	*
2.03500000E-011	-1.15000000E-012	5.00000000E-001	5.00000000E+000	1.83500000E-011	7.53000000E-011	-1.60000000E+000	-3.57490000E-011	-6.24500000E-011	*
-4.99980000E-014	1.96500000E-011	5.00000000E-001	5.00000000E+000	2.44000000E-011	7.30010000E-011	-1.50000000E+000	2.02500000E-011	-1.31400000E-010	*
-1.88000000E-011	2.53000000E-011	5.00000000E-001	5.00000000E+000	2.02500000E-011	8.44520000E-011	-1.40000000E+000	8.75000000E-011	-1.10300000E-010	*
-3.94000000E-011	3.69990000E-012	5.00000000E-001	5.00000000E+000	7.45000000E-012	7.28980000E-011	-1.30000000E+000	1.65650000E-010	-4.40000000E-011	*
-3.54510000E-011	-2.58000000E-011	5.00000000E-001	5.00000000E+000	-2.49990000E-013	7.07980000E-011	-1.20000000E+000	1.46600000E-010	4.58000000E-011	*
-8.74990000E-012	-3.38500000E-011	5.00000000E-001	5.00000000E+000	-4.05010000E-012	5.07510000E-011	-1.10000000E+000	5.74000000E-011	8.97990000E-011	*
1.84000000E-011	-2.24500000E-011	5.00000000E-001	5.00000000E+000	7.89990000E-012	3.80000000E-011	-1.00000000E+000	-7.85010000E-012	3.75510000E-011	*
1.55000000E-011	5.34990000E-012	5.00000000E-001	5.00000000E+000	2.47000000E-011	4.91000000E-011	-9.00000000E-001	-1.23500000E-011	-4.63510000E-011	*
-2.60000000E-012	2.40000000E-011	5.00000000E-001	5.00000000E+000	2.34500000E-011	5.46500000E-011	-8.00000000E-001	3.97000000E-011	-1.10650000E-010	*
-3.23000000E-011	1.58000000E-011	5.00000000E-001	5.00000000E+000	2.23000000E-011	7.24010000E-011	-7.00000000E-001	1.28100000E-010	-8.76990000E-011	*
-4.55490000E-011	-1.40000000E-011	5.00000000E-001	5.00000000E+000	8.30000000E-012	7.38500000E-011	-6.00000000E-001	1.54650000E-010	1.89000000E-011	*
-3.71510000E-011	-3.09500000E-011	5.00000000E-001	5.00000000E+000	5.34990000E-012	5.90000000E-011	-5.00000000E-001	1.18100000E-010	8.80010000E-011	*
-1.85490000E-011	-3.79500000E-011	5.00000000E-001	5.00000000E+000	1.64500000E-011	4.93510000E-011	-4.00000000E-001	4.10000000E-011	8.44520000E-011	*
-4.90010000E-012	-1.49500000E-011	5.00000000E-001	5.00000000E+000	2.39000000E-011	4.38500000E-011	-3.00000000E-001	-2.29500000E-011	1.19500000E-011	*
-1.94500000E-011	1.15000000E-011	5.00000000E-001	5.00000000E+000	5.36990000E-011	6.46980000E-011	-2.00000000E-001	-8.95020000E-012	-7.11500000E-011	*
-5.53000000E-011	1.56500000E-011	5.00000000E-001	5.00000000E+000	6.65990000E-011	7.84010000E-011	-1.00000000E-001	5.72500000E-011	-1.01750000E-010	*
-1.14000000E-010	-9.90010000E-012	5.00000000E-001	5.00000000E+000	6.19490000E-011	9.69010000E-011	0.00000000E+000	1.86750000E-010	-4.95500000E-011	*
-1.61450000E-010	-4.97010000E-011	5.00000000E-001	5.00000000E+000	7.51510000E-011	1.02850000E-010	1.00000000E-001	2.34810000E-010	3.78510000E-011	*
-1.63300000E-010	-8.34500000E-011	5.00000000E-001	5.00000000E+000	1.40950000E-010	1.12250000E-010	2.00000000E-001	4.21990000E-011	9.74510000E-011	*
-2.48850000E-010	-1.16800000E-010	5.00000000E-001	5.00000000E+000	1.62450000E-010	1.24000000E-010	3.00000000E-001	2.56150000E-010	9.22000000E-011	*
-2.83700000E-010	-1.25800000E-010	5.00000000E-001	5.00000000E+000	2.80850000E-010	1.70650000E-010	4.00000000E-001	1.07000000E-011	-1.79500000E-011	*
-4.40590000E-010	-1.65450000E-010	5.00000000E-001	5.00000000E+000	3.44950000E-010	2.43250000E-010	5.00000000E-001	2.80850000E-010	-1.05300000E-010	*
-5.20940000E-010	-2.67310000E-010	5.00000000E-001	5.00000000E+000	5.16590000E-010	3.60000000E-010	6.00000000E-001	-5.08500000E-011	-9.94010000E-011	*
-6.89260000E-010	-4.36900000E-010	5.00000000E-001	5.00000000E+000	6.95390000E-010	5.05590000E-010	7.00000000E-001	-7.04010000E-011	-7.99980000E-012	*
-9.37060000E-010	-6.77150000E-010	5.00000000E-001	5.00000000E+000	8.68050000E-010	7.09150000E-010	8.00000000E-001	1.18850000E-010	8.74500000E-011	*
-9.51280000E-010	-1.00270000E-009	5.00000000E-001	5.00000000E+000	7.97260000E-010	1.01580000E-009	9.00000000E-001	-4.99990000E-011	9.37990000E-011	*
-1.05300000E-009	-8.58560000E-010	5.00000000E-001	5.00000000E+000	9.06000000E-010	8.79850000E-010	1.00000000E+000	3.99500000E-011	7.38500000E-011	*
-1.22300000E-009	-1.07000000E-009	5.00000000E-001	5.00000000E+000	1.07850000E-009	1.05200000E-009	1.10000000E+000	-6.53490000E-011	-3.48390000E-010	*
-1.63750000E-009	-1.52040000E-009	5.00000000E-001	5.00000000E+000	1.53900000E-009	1.57850000E-009	1.20000000E+000	1.27950000E-010	-2.72500000E-011	*
-2.48440000E-009	-2.44950000E-009	5.00000000E-001	5.00000000E+000	2.32440000E-009	2.45850000E-009	1.30000000E+000	2.00850000E-010	1.17200000E-010	*
-3.39590000E-009	-3.89580000E-009	5.00000000E-001	5.00000000E+000	3.18640000E-009	3.89400000E-009	1.40000000E+000	6.78000000E-011	1.54150000E-010	*
-4.86580000E-009	-5.94290000E-009	5.00000000E-001	5.00000000E+000	4.62090000E-009	5.98450000E-009	1.50000000E+000	2.07100000E-010	8.82000000E-011	*
-6.72930000E-009	-9.31230000E-009	5.00000000E-001	5.00000000E+000	6.35240000E-009	9.31770000E-009	1.60000000E+000	4.07990000E-010	-9.20020000E-012	*
-9.51510000E-009	-1.06800000E-008	5.00000000E-001	5.00000000E+000	9.12990000E-009	1.00600000E-008	1.70000000E+000	2.52500000E-010	-3.50000000E-011	*
-1.11300000E-008	-1.39900000E-008	5.00000000E-001	5.00000000E+000	1.05800000E-008	1.39000000E-008	1.80000000E+000	2.43000000E-011	-6.02500000E-011	*
-1.45150000E-008	-2.17650000E-008	5.00000000E-001	5.00000000E+000	1.43050000E-008	2.18500000E-008	1.90000000E+000	1.71450000E-010	-6.80980000E-011	*
-1.87850000E-008	-3.31660000E-008	5.00000000E-001	5.00000000E+000	1.89350000E-008	3.36860000E-008	2.00000000E+000	-7.54990000E-012	-1.63500000E-011	*
-2.67650000E-008	-5.13590000E-008	5.00000000E-001	5.00000000E+000	2.67200000E-008	5.14500000E-008	2.10000000E+000	7.60000000E-011	8.23480000E-011	*
-3.59500000E-008	-7.72710000E-008	5.00000000E-001	5.00000000E+000	3.54760000E-008	7.52150000E-008	2.20000000E+000	8.32510000E-011	1.47500000E-010	*
-4.93890000E-008	-8.02060000E-008	5.00000000E-001	5.00000000E+000	4.75300000E-008	7.28390000E-008	2.30000000E+000	-9.36990000E-011	5.75510000E-011	*
-6.77240000E-008	-9.73340000E-008	5.00000000E-001	5.00000000E+000	6.70190000E-008	9.76900000E-008	2.40000000E+000	1.04550000E-010	1.21600000E-010	*
-8.98290000E-008	-1.18000000E-007	5.00000000E-001	5.00000000E+000	9.01090000E-008	1.11000000E-007	2.50000000E+000	-1.88500000E-011	2.79000000E-011	*
-9.46600000E-008	-1.57750000E-007	5.00000000E-001	5.00000000E+000	8.75950000E-008	1.56950000E-007	2.60000000E+000	2.91500000E-011	-2.21500000E-011	*
-9.71160000E-008	-2.35350000E-007	5.00000000E-001	5.00000000E+000	8.91480000E-008	2.36000000E-007	2.70000000E+000	-9.85980000E-011	-1.14150000E-010	*
-1.15550000E-007	-3.49990000E-007	5.00000000E-001	5.00000000E+000	1.16650000E-007	3.52800000E-007	2.80000000E+000	1.03050000E-010	-1.29850000E-010	*
-1.59500000E-007	-5.09990000E-007	5.00000000E-001	5.00000000E+000	1.58550000E-007	5.06990000E-007	2.90000000E+000	-9.49500000E-011	-7.70510000E-011	*
-2.06240000E-007	-7.40980000E-007	5.00000000E-001	5.00000000E+000	2.06940000E-007	7.41390000E-007	3.00000000E+000	4.69490000E-011	3.68510000E-011	*
-2.73140000E-007	-9.50880000E-007	5.00000000E-001	5.00000000E+000	2.70040000E-007	9.51690000E-007	3.10000000E+000	4.82000000E-011	-5.85000000E-012	*
-3.67190000E-007	-1.09700000E-006	5.00000000E-001	5.00000000E+000	3.69300000E-007	1.04500000E-006	3.20000000E+000	-7.73000000E-011	-1.69050000E-010	*
-4.68750000E-007	-1.18350000E-006	5.00000000E-001	5.00000000E+000	4.67950000E-007	1.17550000E-006	3.30000000E+000	1.04000000E-010	-2.40550000E-010	*
-6.12900000E-007	-1.76450000E-006	5.00000000E-001	5.00000000E+000	6.14240000E-007	1.76700000E-006	3.40000000E+000	-4.39510000E-011	-2.48150000E-010	*
-7.70520000E-007	-2.43140000E-006	5.00000000E-001	5.00000000E+000	7.61790000E-007	2.42200000E-006	3.50000000E+000	-1.38500000E-011	-1.78250000E-010	*
-9.97390000E-007	-3.34540000E-006	5.00000000E-001	5.00000000E+000	9.92380000E-007	3.33300000E-006	3.60000000E+000	7.47000000E-011	-7.78510000E-011	*
-1.07150000E-006	-4.56740000E-006	5.00000000E-001	5.00000000E+000	1.02450000E-006	4.59050000E-006	3.70000000E+000	6.56010000E-011	7.45000000E-012	*
-1.22800000E-006	-6.10690000E-006	5.00000000E-001	5.00000000E+000	1.22550000E-006	6.10440000E-006	3.80000000E+000	-8.24020000E-011	-1.12000000E-011	*
-1.50950000E-006	-7.97400000E-006	5.00000000E-001	5.00000000E+000	1.51100000E-006	7.90000000E-006	3.90000000E+000	1.09950000E-010	-1.28800000E-010	*
-1.93300000E-006	-1.02930000E-005	5.00000000E-001	5.00000000E+000	1.94600000E-006	1.02100000E-005	4.00000000E+000	-1.53500000E-011	-2.29300000E-010	*

TEST RESULTS:  TRANSFER  04/30/2025  15:46:21


SETUP:OUTPUT  04/30/2025  15:47:09
DATE:04/30/2025
TIME:15:47:09

CONDITIONS:

ID:	D	
UNIT:	SMU2	
MODE: SWEEP	
START:	0	
STOP:	5	
PNTS:	51	
STEP:	0.1

ID:	G	
UNIT:	SMU4	
MODE: STEP	
START:	-2	
STOP:	4	
PNTS:	3	
STEP:	3

ID:	S	
UNIT:	SMU1	
MODE: CONST	
VALUE:	0

DATA:  OUTPUT  04/30/2025  15:47:09

IS	IS2	IS3	VD	ID	ID2	ID3	VG	VG2	VG3	IG	IG2	IG3	ACCSTRESS
2.85490000E-011	7.89990000E-012	3.16650000E-008	0.00000000E+000	2.21500000E-011	-1.13600000E-010	-2.14450000E-008	-2.00000000E+000	1.00000000E+000	4.00000000E+000	8.55500000E-011	3.23490000E-011	1.16150000E-010	0.00000000E+000
-1.40000000E-012	-1.83150000E-010	-8.14640000E-007	1.00000000E-001	7.60010000E-012	1.92200000E-010	7.41970000E-007	-2.00000000E+000	1.00000000E+000	4.00000000E+000	1.00000000E-013	6.75020000E-011	-1.78500000E-011	*
2.11500000E-011	-3.21950000E-010	-8.95670000E-007	2.00000000E-001	8.70010000E-012	3.98800000E-010	8.37170000E-007	-2.00000000E+000	1.00000000E+000	4.00000000E+000	-8.36490000E-011	4.99500000E-011	9.08000000E-011	*
3.26500000E-011	-4.04400000E-010	-9.01780000E-007	3.00000000E-001	1.57500000E-011	4.41940000E-010	9.06090000E-007	-2.00000000E+000	1.00000000E+000	4.00000000E+000	-1.29600000E-010	-4.31990000E-011	-9.27010000E-011	*
2.16000000E-011	-4.35950000E-010	-9.81090000E-007	4.00000000E-001	2.96490000E-011	4.90790000E-010	9.34730000E-007	-2.00000000E+000	1.00000000E+000	4.00000000E+000	-7.82490000E-011	-1.42100000E-010	-1.17500000E-011	*
-7.74980000E-012	-5.12160000E-010	-9.13480000E-007	5.00000000E-001	2.36490000E-011	5.14940000E-010	9.22880000E-007	-2.00000000E+000	1.00000000E+000	4.00000000E+000	2.96000000E-011	3.83000000E-011	-6.16000000E-011	*
-2.85490000E-011	-5.67550000E-010	-9.70440000E-007	6.00000000E-001	1.52000000E-011	5.89610000E-010	9.71020000E-007	-2.00000000E+000	1.00000000E+000	4.00000000E+000	1.02800000E-010	3.14500000E-011	1.08350000E-010	*
-2.71990000E-011	-5.60390000E-010	-9.68170000E-007	7.00000000E-001	1.70000000E-012	6.38440000E-010	9.49390000E-007	-2.00000000E+000	1.00000000E+000	4.00000000E+000	8.58510000E-011	-1.32150000E-010	9.69980000E-012	*
6.90000000E-012	-6.22950000E-010	-9.33970000E-007	8.00000000E-001	5.64990000E-012	6.48700000E-010	9.19180000E-007	-2.00000000E+000	1.00000000E+000	4.00000000E+000	-2.20500000E-011	-2.50000000E-011	-9.38830000E-010	*
2.96000000E-011	-6.73790000E-010	-1.01400000E-006	9.00000000E-001	2.75000000E-012	6.83740000E-010	1.00610000E-006	-2.00000000E+000	1.00000000E+000	4.00000000E+000	-1.12700000E-010	4.89000000E-011	-1.05250000E-009	*
3.05500000E-011	-6.15840000E-010	-1.04690000E-006	1.00000000E+000	2.31500000E-011	7.03150000E-010	1.04100000E-006	-2.00000000E+000	1.00000000E+000	4.00000000E+000	-1.13000000E-010	-1.34800000E-010	-7.40610000E-010	*
7.04990000E-012	-7.07390000E-010	-1.08150000E-006	1.10000000E+000	3.20510000E-011	7.04690000E-010	1.05900000E-006	-2.00000000E+000	1.00000000E+000	4.00000000E+000	-3.14010000E-011	7.59000000E-011	-2.02700000E-010	*
-1.86500000E-011	-6.91450000E-010	-1.09650000E-006	1.20000000E+000	1.97000000E-011	7.37860000E-010	1.10100000E-006	-2.00000000E+000	1.00000000E+000	4.00000000E+000	6.41520000E-011	-4.60010000E-011	-4.82090000E-010	*
-3.69500000E-011	-6.96190000E-010	-1.13600000E-006	1.30000000E+000	1.24500000E-011	7.43940000E-010	1.13000000E-006	-2.00000000E+000	1.00000000E+000	4.00000000E+000	9.10990000E-011	-8.82490000E-011	-4.53950000E-010	*
-2.12500000E-011	-7.48540000E-010	-1.16600000E-006	1.40000000E+000	8.49980000E-013	7.62100000E-010	1.16500000E-006	-2.00000000E+000	1.00000000E+000	4.00000000E+000	6.49510000E-011	8.28490000E-011	-4.03200000E-010	*
9.69980000E-012	-6.97240000E-010	-1.19150000E-006	1.50000000E+000	1.05000000E-012	7.49590000E-010	1.17750000E-006	-2.00000000E+000	1.00000000E+000	4.00000000E+000	-3.53000000E-011	-1.31300000E-010	-4.12700000E-010	*
3.29000000E-011	-7.14300000E-010	-1.20700000E-006	1.60000000E+000	2.36490000E-011	7.33390000E-010	1.20350000E-006	-2.00000000E+000	1.00000000E+000	4.00000000E+000	-1.31950000E-010	2.45000000E-011	-5.06100000E-010	*
2.61000000E-011	-7.35750000E-010	-1.22500000E-006	1.70000000E+000	3.04500000E-011	7.53800000E-010	1.23500000E-006	-2.00000000E+000	1.00000000E+000	4.00000000E+000	-1.21900000E-010	4.54990000E-012	-5.70540000E-010	*
-3.50000000E-012	-6.82490000E-010	-1.22250000E-006	1.80000000E+000	2.68490000E-011	7.56300000E-010	1.23750000E-006	-2.00000000E+000	1.00000000E+000	4.00000000E+000	-5.89990000E-012	-1.36000000E-010	-5.78300000E-010	*
-2.74500000E-011	-7.44990000E-010	-1.23100000E-006	1.90000000E+000	1.73000000E-011	7.38250000E-010	1.22900000E-006	-2.00000000E+000	1.00000000E+000	4.00000000E+000	8.09490000E-011	8.22490000E-011	-4.92550000E-010	*
-3.11000000E-011	-7.19210000E-010	-1.23950000E-006	2.00000000E+000	5.09990000E-012	7.72560000E-010	1.23450000E-006	-2.00000000E+000	1.00000000E+000	4.00000000E+000	8.99010000E-011	-9.45490000E-011	-3.59750000E-010	*
-7.54990000E-012	-7.18190000E-010	-1.24000000E-006	2.10000000E+000	1.65000000E-012	7.36860000E-010	1.24050000E-006	-2.00000000E+000	1.00000000E+000	4.00000000E+000	1.13500000E-011	-2.94500000E-011	-2.86150000E-010	*
2.01500000E-011	-7.62300000E-010	-1.22000000E-006	2.20000000E+000	1.01000000E-011	7.67560000E-010	1.21500000E-006	-2.00000000E+000	1.00000000E+000	4.00000000E+000	-8.92510000E-011	5.68010000E-011	-2.86090000E-010	*
2.95000000E-011	-7.14550000E-010	-1.23000000E-006	2.30000000E+000	2.10000000E-011	7.76940000E-010	1.24300000E-006	-2.00000000E+000	1.00000000E+000	4.00000000E+000	-1.23100000E-010	-1.52500000E-010	-3.77000000E-010	*
2.40000000E-011	-7.62300000E-010	-1.21500000E-006	2.40000000E+000	3.16990000E-011	7.64660000E-010	1.21200000E-006	-2.00000000E+000	1.00000000E+000	4.00000000E+000	-8.99010000E-011	7.45500000E-011	-4.42600000E-010	*
-9.24990000E-012	-7.52610000E-010	-1.19600000E-006	2.50000000E+000	3.39500000E-011	8.04960000E-010	1.19750000E-006	-2.00000000E+000	1.00000000E+000	4.00000000E+000	9.09980000E-012	-6.41520000E-011	-4.27250000E-010	*
-2.81500000E-011	-7.33540000E-010	-1.18400000E-006	2.60000000E+000	1.52500000E-011	7.76140000E-010	1.18400000E-006	-2.00000000E+000	1.00000000E+000	4.00000000E+000	9.87020000E-011	-3.49000000E-011	-3.75290000E-010	*
-3.09500000E-011	-7.83960000E-010	-1.20650000E-006	2.70000000E+000	7.35010000E-012	7.82140000E-010	1.21450000E-006	-2.00000000E+000	1.00000000E+000	4.00000000E+000	8.45510000E-011	7.09020000E-011	-2.44650000E-010	*
-6.79990000E-012	-7.30100000E-010	-1.19000000E-006	2.80000000E+000	-2.95000000E-012	8.07150000E-010	1.21050000E-006	-2.00000000E+000	1.00000000E+000	4.00000000E+000	1.39500000E-011	-1.32500000E-010	-1.62350000E-010	*
2.29500000E-011	-7.93650000E-010	-1.16300000E-006	2.90000000E+000	7.70000000E-012	7.91800000E-010	1.16200000E-006	-2.00000000E+000	1.00000000E+000	4.00000000E+000	-7.68990000E-011	9.30490000E-011	-1.93350000E-010	*
3.28500000E-011	-7.76910000E-010	-1.17450000E-006	3.00000000E+000	2.69000000E-011	8.16840000E-010	1.17050000E-006	-2.00000000E+000	1.00000000E+000	4.00000000E+000	-1.21350000E-010	-3.36990000E-011	-2.89150000E-010	*
1.90000000E-011	-7.41350000E-010	-1.15200000E-006	3.10000000E+000	2.99990000E-011	7.73550000E-010	1.15200000E-006	-2.00000000E+000	1.00000000E+000	4.00000000E+000	-8.42490000E-011	-7.57020000E-011	-3.73650000E-010	*
-9.20020000E-012	-8.00360000E-010	-1.13600000E-006	3.20000000E+000	2.87000000E-011	7.87710000E-010	1.14900000E-006	-2.00000000E+000	1.00000000E+000	4.00000000E+000	2.58490000E-011	9.97000000E-011	-3.60150000E-010	*
-2.85000000E-011	-7.35440000E-010	-1.12500000E-006	3.30000000E+000	2.09500000E-011	7.98400000E-010	1.13400000E-006	-2.00000000E+000	1.00000000E+000	4.00000000E+000	1.02450000E-010	-1.24250000E-010	-2.55990000E-010	*
-2.21000000E-011	-7.80940000E-010	-1.09900000E-006	3.40000000E+000	3.20000000E-012	7.71850000E-010	1.10050000E-006	-2.00000000E+000	1.00000000E+000	4.00000000E+000	8.16980000E-011	1.56000000E-011	-1.50400000E-010	*
3.85000000E-012	-7.82850000E-010	-1.07200000E-006	3.50000000E+000	6.65000000E-012	7.98960000E-010	1.08750000E-006	-2.00000000E+000	1.00000000E+000	4.00000000E+000	-2.38500000E-011	3.69000000E-011	-1.14000000E-010	*
2.97010000E-011	-7.36040000E-010	-1.07850000E-006	3.60000000E+000	2.00000000E-011	7.84440000E-010	1.08950000E-006	-2.00000000E+000	1.00000000E+000	4.00000000E+000	-1.16250000E-010	-1.20600000E-010	-1.33100000E-010	*
2.80490000E-011	-7.99110000E-010	-1.09400000E-006	3.70000000E+000	3.26000000E-011	7.73550000E-010	1.08200000E-006	-2.00000000E+000	1.00000000E+000	4.00000000E+000	-1.25800000E-010	9.16990000E-011	-2.48310000E-010	*
4.40000000E-012	-7.60790000E-010	-1.07750000E-006	3.80000000E+000	2.92000000E-011	7.96400000E-010	1.08450000E-006	-2.00000000E+000	1.00000000E+000	4.00000000E+000	-2.54000000E-011	-5.43000000E-011	-3.29350000E-010	*
-2.35500000E-011	-7.45590000E-010	-1.06250000E-006	3.90000000E+000	3.14500000E-011	7.68350000E-010	1.06150000E-006	-2.00000000E+000	1.00000000E+000	4.00000000E+000	6.71500000E-011	-4.04490000E-011	-3.07550000E-010	*
-3.19990000E-011	-8.01410000E-010	-1.03700000E-006	4.00000000E+000	1.75000000E-011	7.91060000E-010	1.03850000E-006	-2.00000000E+000	1.00000000E+000	4.00000000E+000	8.62000000E-011	9.28000000E-011	-2.07750000E-010	*
-2.48000000E-011	-7.36810000E-010	-1.02450000E-006	4.10000000E+000	9.09980000E-012	7.91690000E-010	1.03070000E-006	-2.00000000E+000	1.00000000E+000	4.00000000E+000	6.65500000E-011	-1.04850000E-010	-2.61000000E-010	*
9.20020000E-012	-7.69660000E-010	-1.02900000E-006	4.20000000E+000	2.45000000E-011	7.73640000E-010	1.02980000E-006	-2.00000000E+000	1.00000000E+000	4.00000000E+000	-6.13480000E-011	4.21490000E-011	-2.86090000E-010	*
2.92990000E-011	-7.90210000E-010	-1.04100000E-006	4.30000000E+000	3.12990000E-011	8.16390000E-010	1.02570000E-006	-2.00000000E+000	1.00000000E+000	4.00000000E+000	-1.45650000E-010	7.10010000E-012	-2.21500000E-010	*
3.04500000E-011	-7.40810000E-010	-1.00540000E-006	4.40000000E+000	5.62500000E-011	7.69460000E-010	9.99660000E-007	-2.00000000E+000	1.00000000E+000	4.00000000E+000	-1.41950000E-010	-1.09000000E-010	-2.39500000E-010	*
3.00010000E-012	-8.09790000E-010	-9.83880000E-007	4.50000000E+000	7.03510000E-011	7.93560000E-010	9.86560000E-007	-2.00000000E+000	1.00000000E+000	4.00000000E+000	-4.95000000E-011	9.71490000E-011	-2.74550000E-010	*
-2.28500000E-011	-7.57840000E-010	-9.77130000E-007	4.60000000E+000	7.06000000E-011	8.00500000E-010	9.73700000E-007	-2.00000000E+000	1.00000000E+000	4.00000000E+000	2.33000000E-011	-1.01400000E-010	-2.01050000E-010	*
-2.70000000E-011	-7.66990000E-010	-9.75740000E-007	4.70000000E+000	8.17520000E-011	7.73100000E-010	9.79340000E-007	-2.00000000E+000	1.00000000E+000	4.00000000E+000	1.07500000E-011	-4.15000000E-012	-8.45010000E-011	*
-2.03500000E-011	-7.97850000E-010	-9.59730000E-007	4.80000000E+000	9.91490000E-011	8.03140000E-010	9.61880000E-007	-2.00000000E+000	1.00000000E+000	4.00000000E+000	-4.77010000E-011	5.43990000E-011	-1.60500000E-011	*
1.07000000E-011	-7.41690000E-010	-9.68580000E-007	4.90000000E+000	1.32800000E-010	7.97600000E-010	9.68110000E-007	-2.00000000E+000	1.00000000E+000	4.00000000E+000	-1.67000000E-010	-1.23900000E-010	-2.04000000E-011	*
3.01500000E-011	-8.14340000E-010	-9.56000000E-007	5.00000000E+000	1.91150000E-010	8.10840000E-010	9.46480000E-007	-2.00000000E+000	1.00000000E+000	4.00000000E+000	-3.04790000E-010	8.75490000E-011	-1.56900000E-010	*

TEST RESULTS:  OUTPUT  04/30/2025  15:47:09


