ATTRIBUTES:

Attribute #1:C:\Metrics\ics\projects\6.2600J_S25\transistor_measurement.ics
Attribute #2:Test
Attribute #3:dev1
Attribute #4:PASSED
SETUP:TRANSFER  04/30/2025  16:32:22
DATE:04/30/2025
TIME:16:32:22

CONDITIONS:

ID:	D	
UNIT:	SMU2	
MODE: STEP	
START:	0.5	
STOP:	5	
PNTS:	2	
STEP:	4.5

ID:	G	
UNIT:	SMU4	
MODE: SWEEP	
START:	-2	
STOP:	4	
PNTS:	61	
STEP:	0.1

ID:	S	
UNIT:	SMU1	
MODE: CONST	
VALUE:	0

DATA:  TRANSFER  04/30/2025  16:32:22

IS	IS2	VD	VD2	ID	ID2	VG	IG	IG2	ACCSTRESS
3.16000000E-011	4.43500000E-011	5.00000000E-001	5.00000000E+000	1.74500000E-011	1.40500000E-010	-2.00000000E+000	1.34050000E-010	6.24990000E-011	0.00000000E+000
-3.07010000E-011	-1.38000000E-011	5.00000000E-001	5.00000000E+000	-1.98000000E-011	6.24000000E-011	-1.90000000E+000	1.31400000E-010	9.50000000E-011	*
2.65000000E-012	3.15000000E-012	5.00000000E-001	5.00000000E+000	-1.60500000E-011	4.14990000E-011	-1.80000000E+000	-5.34990000E-012	-2.11500000E-011	*
2.42000000E-011	3.52500000E-011	5.00000000E-001	5.00000000E+000	-1.18500000E-011	2.96000000E-011	-1.70000000E+000	-1.04750000E-010	-1.47450000E-010	*
2.35000000E-011	4.78000000E-011	5.00000000E-001	5.00000000E+000	1.02000000E-011	3.19500000E-011	-1.60000000E+000	-8.33000000E-011	-2.20800000E-010	*
2.95000000E-012	4.22510000E-011	5.00000000E-001	5.00000000E+000	1.41000000E-011	3.79500000E-011	-1.50000000E+000	3.36990000E-011	-1.51000000E-010	*
-1.95500000E-011	2.70500000E-011	5.00000000E-001	5.00000000E+000	9.44970000E-012	3.48010000E-011	-1.40000000E+000	1.59850000E-010	1.63500000E-011	*
-4.61000000E-011	-9.34980000E-012	5.00000000E-001	5.00000000E+000	-5.75010000E-012	2.32500000E-011	-1.30000000E+000	2.41100000E-010	1.93900000E-010	*
-3.58500000E-011	-1.44500000E-011	5.00000000E-001	5.00000000E+000	-2.24500000E-011	9.99980000E-013	-1.20000000E+000	1.79100000E-010	2.06450000E-010	*
-1.75000000E-012	7.60010000E-012	5.00000000E-001	5.00000000E+000	-1.74000000E-011	-5.85000000E-012	-1.10000000E+000	3.47490000E-011	5.33000000E-011	*
1.40500000E-011	3.79500000E-011	5.00000000E-001	5.00000000E+000	-3.15000000E-012	-1.25000000E-012	-1.00000000E+000	-7.26990000E-011	-8.83990000E-011	*
1.66500000E-011	5.55510000E-011	5.00000000E-001	5.00000000E+000	5.50000000E-012	9.65010000E-012	-9.00000000E-001	-7.15520000E-011	-1.54100000E-010	*
-4.35010000E-012	4.36010000E-011	5.00000000E-001	5.00000000E+000	1.88500000E-011	2.59000000E-011	-8.00000000E-001	8.86510000E-011	-5.73500000E-011	*
-3.29990000E-011	1.70000000E-011	5.00000000E-001	5.00000000E+000	1.35000000E-012	2.45000000E-011	-7.00000000E-001	2.33950000E-010	9.57490000E-011	*
-4.46010000E-011	-3.95000000E-012	5.00000000E-001	5.00000000E+000	-1.15000000E-011	6.15000000E-012	-6.00000000E-001	2.35350000E-010	2.02500000E-010	*
-1.90000000E-011	-7.25000000E-012	5.00000000E-001	5.00000000E+000	-2.27500000E-011	-8.55000000E-012	-5.00000000E-001	1.09450000E-010	2.03800000E-010	*
8.90000000E-012	2.36490000E-011	5.00000000E-001	5.00000000E+000	-1.55000000E-011	-1.54000000E-011	-4.00000000E-001	-2.30000000E-011	3.68010000E-011	*
2.49000000E-011	4.54500000E-011	5.00000000E-001	5.00000000E+000	7.50010000E-013	-4.40000000E-012	-3.00000000E-001	-5.36000000E-011	-1.02650000E-010	*
1.06000000E-011	5.93520000E-011	5.00000000E-001	5.00000000E+000	1.64000000E-011	7.20000000E-012	-2.00000000E-001	1.76000000E-011	-1.45000000E-010	*
-1.31000000E-011	4.46010000E-011	5.00000000E-001	5.00000000E+000	1.10000000E-011	1.76000000E-011	-1.00000000E-001	1.66650000E-010	-5.76500000E-011	*
-3.52500000E-011	1.93990000E-011	5.00000000E-001	5.00000000E+000	-3.35000000E-012	2.01000000E-011	0.00000000E+000	2.48310000E-010	8.49990000E-011	*
-8.21500000E-011	2.40000000E-012	5.00000000E-001	5.00000000E+000	3.26500000E-011	2.40000000E-012	1.00000000E-001	2.38540000E-010	1.98100000E-010	*
-1.89000000E-010	-2.35000000E-012	5.00000000E-001	5.00000000E+000	1.45000000E-010	-8.70010000E-012	2.00000000E-001	8.01490000E-011	2.07100000E-010	*
-2.50850000E-010	2.37000000E-011	5.00000000E-001	5.00000000E+000	2.49700000E-010	-1.98500000E-011	3.00000000E-001	-3.75510000E-011	2.56500000E-011	*
-3.49440000E-010	2.40500000E-011	5.00000000E-001	5.00000000E+000	3.58000000E-010	2.67500000E-011	4.00000000E-001	-6.70000000E-012	-1.30900000E-010	*
-5.39640000E-010	-4.54350000E-010	5.00000000E-001	5.00000000E+000	5.29160000E-010	5.32730000E-010	5.00000000E-001	-3.06490000E-011	-1.36450000E-010	*
-7.64200000E-010	-3.74100000E-009	5.00000000E-001	5.00000000E+000	7.47490000E-010	3.84100000E-009	6.00000000E-001	1.95000000E-011	-3.45500000E-011	*
-9.68500000E-010	-1.63550000E-008	5.00000000E-001	5.00000000E+000	9.86460000E-010	1.64450000E-008	7.00000000E-001	-2.48000000E-011	5.43000000E-011	*
-1.53150000E-009	-4.79760000E-008	5.00000000E-001	5.00000000E+000	1.54650000E-009	4.79650000E-008	8.00000000E-001	-4.67010000E-011	2.19700000E-010	*
-2.57940000E-009	-1.04100000E-007	5.00000000E-001	5.00000000E+000	2.57690000E-009	1.04000000E-007	9.00000000E-001	3.26500000E-011	-2.45000000E-011	*
-3.64590000E-009	-1.99190000E-007	5.00000000E-001	5.00000000E+000	3.64790000E-009	1.99100000E-007	1.00000000E+000	4.23010000E-011	2.13950000E-010	*
-5.52750000E-009	-3.39500000E-007	5.00000000E-001	5.00000000E+000	5.43630000E-009	3.39390000E-007	1.10000000E+000	1.63800000E-010	2.30100000E-010	*
-8.15270000E-009	-5.33330000E-007	5.00000000E-001	5.00000000E+000	8.26410000E-009	5.32690000E-007	1.20000000E+000	1.63300000E-010	1.14950000E-010	*
-1.07850000E-008	-7.87780000E-007	5.00000000E-001	5.00000000E+000	1.03650000E-008	7.86180000E-007	1.30000000E+000	9.56990000E-011	-1.11500000E-011	*
-1.51700000E-008	-1.07400000E-006	5.00000000E-001	5.00000000E+000	1.47150000E-008	1.07100000E-006	1.40000000E+000	1.40100000E-010	-2.07800000E-010	*
-2.10500000E-008	-1.45100000E-006	5.00000000E-001	5.00000000E+000	2.20000000E-008	1.45100000E-006	1.50000000E+000	-1.39900000E-010	-6.29510000E-011	*
-3.09390000E-008	-1.91100000E-006	5.00000000E-001	5.00000000E+000	3.02840000E-008	1.90850000E-006	1.60000000E+000	-8.72510000E-011	-1.42800000E-010	*
-4.29440000E-008	-2.43300000E-006	5.00000000E-001	5.00000000E+000	4.33500000E-008	2.43550000E-006	1.70000000E+000	2.06350000E-010	1.51900000E-010	*
-6.04230000E-008	-3.04750000E-006	5.00000000E-001	5.00000000E+000	6.27590000E-008	3.04950000E-006	1.80000000E+000	1.00450000E-010	1.70550000E-010	*
-8.19310000E-008	-3.77050000E-006	5.00000000E-001	5.00000000E+000	8.16430000E-008	3.76940000E-006	1.90000000E+000	-9.91990000E-011	3.63600000E-010	*
-9.92980000E-008	-4.56790000E-006	5.00000000E-001	5.00000000E+000	9.88980000E-008	4.56700000E-006	2.00000000E+000	-1.34750000E-010	8.11510000E-011	*
-1.34500000E-007	-5.44450000E-006	5.00000000E-001	5.00000000E+000	1.36650000E-007	5.44060000E-006	2.10000000E+000	1.46300000E-010	-1.63900000E-010	*
-1.70850000E-007	-6.42050000E-006	5.00000000E-001	5.00000000E+000	1.70690000E-007	6.41850000E-006	2.20000000E+000	2.70900000E-010	-6.20480000E-011	*
-2.27050000E-007	-7.48640000E-006	5.00000000E-001	5.00000000E+000	2.23840000E-007	7.49090000E-006	2.30000000E+000	2.12500000E-011	2.06500000E-010	*
-2.87440000E-007	-8.66130000E-006	5.00000000E-001	5.00000000E+000	2.84340000E-007	8.66080000E-006	2.40000000E+000	2.16700000E-010	6.76510000E-011	*
-3.54300000E-007	-9.95820000E-006	5.00000000E-001	5.00000000E+000	3.60290000E-007	9.95310000E-006	2.50000000E+000	5.11590000E-010	-9.03490000E-011	*
-4.46690000E-007	-1.11150000E-005	5.00000000E-001	5.00000000E+000	4.54190000E-007	1.11000000E-005	2.60000000E+000	1.40350000E-010	1.39700000E-010	*
-5.50850000E-007	-1.25550000E-005	5.00000000E-001	5.00000000E+000	5.50350000E-007	1.25550000E-005	2.70000000E+000	2.37510000E-010	-5.11500000E-011	*
-6.80650000E-007	-1.41700000E-005	5.00000000E-001	5.00000000E+000	6.65570000E-007	1.41750000E-005	2.80000000E+000	2.31350000E-010	2.67850000E-010	*
-8.13130000E-007	-1.59000000E-005	5.00000000E-001	5.00000000E+000	8.16830000E-007	1.59050000E-005	2.90000000E+000	-1.25550000E-010	2.70940000E-010	*
-1.02200000E-006	-1.77440000E-005	5.00000000E-001	5.00000000E+000	1.01100000E-006	1.77400000E-005	3.00000000E+000	1.59450000E-010	-1.00850000E-010	*
-1.15200000E-006	-1.96750000E-005	5.00000000E-001	5.00000000E+000	1.13000000E-006	1.96750000E-005	3.10000000E+000	-1.55150000E-010	2.02750000E-010	*
-1.30600000E-006	-2.17350000E-005	5.00000000E-001	5.00000000E+000	1.30350000E-006	2.17300000E-005	3.20000000E+000	1.13450000E-010	3.15500000E-011	*
-1.56400000E-006	-2.38740000E-005	5.00000000E-001	5.00000000E+000	1.55150000E-006	2.38700000E-005	3.30000000E+000	3.15000000E-012	-1.79700000E-010	*
-1.87900000E-006	-2.61350000E-005	5.00000000E-001	5.00000000E+000	1.87300000E-006	2.61350000E-005	3.40000000E+000	-1.18950000E-010	1.62250000E-010	*
-2.20940000E-006	-2.85250000E-005	5.00000000E-001	5.00000000E+000	2.19400000E-006	2.85200000E-005	3.50000000E+000	1.82550000E-010	-1.03300000E-010	*
-2.58390000E-006	-3.09740000E-005	5.00000000E-001	5.00000000E+000	2.55950000E-006	3.09700000E-005	3.60000000E+000	-1.15800000E-010	-7.47990000E-011	*
-2.98000000E-006	-3.35440000E-005	5.00000000E-001	5.00000000E+000	2.99250000E-006	3.35440000E-005	3.70000000E+000	2.59500000E-011	2.12000000E-010	*
-3.45000000E-006	-3.62190000E-005	5.00000000E-001	5.00000000E+000	3.45700000E-006	3.62190000E-005	3.80000000E+000	1.04750000E-010	-1.73550000E-010	*
-3.97400000E-006	-3.89890000E-005	5.00000000E-001	5.00000000E+000	3.95910000E-006	3.89940000E-005	3.90000000E+000	-1.57050000E-010	5.63000000E-011	*
-4.51950000E-006	-4.18650000E-005	5.00000000E-001	5.00000000E+000	4.49810000E-006	4.18650000E-005	4.00000000E+000	1.65400000E-010	5.89000000E-011	*

TEST RESULTS:  TRANSFER  04/30/2025  16:32:22


SETUP:OUTPUT  04/30/2025  16:33:10
DATE:04/30/2025
TIME:16:33:10

CONDITIONS:

ID:	D	
UNIT:	SMU2	
MODE: SWEEP	
START:	0	
STOP:	5	
PNTS:	51	
STEP:	0.1

ID:	G	
UNIT:	SMU4	
MODE: STEP	
START:	-2	
STOP:	4	
PNTS:	3	
STEP:	3

ID:	S	
UNIT:	SMU1	
MODE: CONST	
VALUE:	0

DATA:  OUTPUT  04/30/2025  16:33:10

IS	IS2	IS3	VD	ID	ID2	ID3	VG	VG2	VG3	IG	IG2	IG3	ACCSTRESS
-2.88000000E-011	-1.30700000E-010	-3.79010000E-009	0.00000000E+000	-1.85000000E-011	9.63000000E-011	4.95380000E-009	-2.00000000E+000	1.00000000E+000	4.00000000E+000	-2.10500000E-010	-1.64250000E-010	1.50850000E-010	0.00000000E+000
2.04500000E-011	-3.27890000E-008	-2.35540000E-006	1.00000000E-001	2.21000000E-011	3.29750000E-008	2.31550000E-006	-2.00000000E+000	1.00000000E+000	4.00000000E+000	-4.53010000E-011	-2.60500000E-010	4.70010000E-011	*
-1.67000000E-011	-5.55960000E-008	-3.99400000E-006	2.00000000E-001	9.30010000E-012	5.57790000E-008	3.99490000E-006	-2.00000000E+000	1.00000000E+000	4.00000000E+000	1.45100000E-010	-2.10200000E-010	-1.03050000E-010	*
-2.73000000E-011	-7.57100000E-008	-5.56790000E-006	3.00000000E-001	-8.70010000E-012	7.62410000E-008	5.57050000E-006	-2.00000000E+000	1.00000000E+000	4.00000000E+000	2.03000000E-010	2.00000000E-012	-1.83000000E-010	*
-2.44500000E-011	-9.46740000E-008	-6.96230000E-006	4.00000000E-001	-3.05000000E-012	9.51040000E-008	6.95300000E-006	-2.00000000E+000	1.00000000E+000	4.00000000E+000	1.71550000E-010	1.95600000E-010	-1.05850000E-010	*
5.00000000E-014	-1.11800000E-007	-8.18730000E-006	5.00000000E-001	-2.58000000E-011	1.08600000E-007	8.16770000E-006	-2.00000000E+000	1.00000000E+000	4.00000000E+000	-2.55990000E-011	-2.31100000E-010	7.60490000E-011	*
2.65500000E-011	-1.23490000E-007	-9.26810000E-006	6.00000000E-001	-5.25000000E-012	1.24750000E-007	9.26340000E-006	-2.00000000E+000	1.00000000E+000	4.00000000E+000	-1.71300000E-010	-2.23650000E-010	1.98200000E-010	*
4.04490000E-011	-1.36340000E-007	-1.03090000E-005	7.00000000E-001	1.06500000E-011	1.37350000E-007	1.03240000E-005	-2.00000000E+000	1.00000000E+000	4.00000000E+000	-2.24400000E-010	-2.88000000E-011	1.52550000E-010	*
3.32000000E-011	-1.48400000E-007	-1.10600000E-005	8.00000000E-001	1.88000000E-011	1.48200000E-007	1.10300000E-005	-2.00000000E+000	1.00000000E+000	4.00000000E+000	-1.59900000E-010	1.53250000E-010	-3.08000000E-011	*
2.84990000E-012	-1.59250000E-007	-1.15550000E-005	9.00000000E-001	2.16500000E-011	1.58990000E-007	1.15800000E-005	-2.00000000E+000	1.00000000E+000	4.00000000E+000	6.11000000E-011	1.98350000E-010	1.16150000E-010	*
-2.59000000E-011	-1.66600000E-007	-1.22850000E-005	1.00000000E+000	9.74990000E-012	1.66790000E-007	1.22850000E-005	-2.00000000E+000	1.00000000E+000	4.00000000E+000	2.27300000E-010	1.16550000E-010	1.38700000E-010	*
-2.64500000E-011	-1.73200000E-007	-1.29250000E-005	1.10000000E+000	-1.17000000E-011	1.72800000E-007	1.29400000E-005	-2.00000000E+000	1.00000000E+000	4.00000000E+000	1.93500000E-010	-9.45980000E-011	4.23010000E-011	*
3.99990000E-012	-1.78490000E-007	-1.36150000E-005	1.20000000E+000	-1.90000000E-011	1.78490000E-007	1.36250000E-005	-2.00000000E+000	1.00000000E+000	4.00000000E+000	-2.41490000E-011	-2.40950000E-010	-1.00750000E-010	*
3.14500000E-011	-1.83540000E-007	-1.41300000E-005	1.30000000E+000	-9.24990000E-012	1.83650000E-007	1.41300000E-005	-2.00000000E+000	1.00000000E+000	4.00000000E+000	-2.02950000E-010	-2.20650000E-010	-2.57760000E-010	*
3.72010000E-011	-1.89200000E-007	-1.47400000E-005	1.40000000E+000	1.79000000E-011	1.89440000E-007	1.47450000E-005	-2.00000000E+000	1.00000000E+000	4.00000000E+000	-2.00400000E-010	-9.20020000E-012	-2.61590000E-010	*
2.07490000E-011	-1.92940000E-007	-1.53150000E-005	1.50000000E+000	2.03000000E-011	1.92800000E-007	1.52900000E-005	-2.00000000E+000	1.00000000E+000	4.00000000E+000	-5.84990000E-011	1.64200000E-010	-6.48510000E-011	*
-3.50000000E-012	-1.96350000E-007	-1.58300000E-005	1.60000000E+000	2.10500000E-011	1.96040000E-007	1.58190000E-005	-2.00000000E+000	1.00000000E+000	4.00000000E+000	9.10990000E-011	1.85850000E-010	1.20900000E-010	*
-2.31000000E-011	-1.99750000E-007	-1.63450000E-005	1.70000000E+000	5.94990000E-012	1.99140000E-007	1.63450000E-005	-2.00000000E+000	1.00000000E+000	4.00000000E+000	2.23300000E-010	2.06500000E-011	1.38850000E-010	*
-2.66500000E-011	-2.01490000E-007	-1.67690000E-005	1.80000000E+000	-9.65010000E-012	2.01190000E-007	1.67950000E-005	-2.00000000E+000	1.00000000E+000	4.00000000E+000	1.91350000E-010	-1.49950000E-010	1.67000000E-011	*
-5.50000000E-013	-2.04240000E-007	-1.72800000E-005	1.90000000E+000	-1.69000000E-011	2.03890000E-007	1.72800000E-005	-2.00000000E+000	1.00000000E+000	4.00000000E+000	-1.33000000E-011	-2.42910000E-010	-1.61250000E-010	*
3.04500000E-011	-2.06050000E-007	-1.77550000E-005	2.00000000E+000	-9.15000000E-012	2.05840000E-007	1.77590000E-005	-2.00000000E+000	1.00000000E+000	4.00000000E+000	-1.77700000E-010	-2.07800000E-010	-2.59750000E-010	*
3.94990000E-011	-2.07250000E-007	-1.82250000E-005	2.10000000E+000	1.39000000E-011	2.07390000E-007	1.81850000E-005	-2.00000000E+000	1.00000000E+000	4.00000000E+000	-1.95300000E-010	3.65000000E-012	-1.79750000E-010	*
2.27000000E-011	-2.08650000E-007	-1.86450000E-005	2.20000000E+000	2.24500000E-011	2.08700000E-007	1.86600000E-005	-2.00000000E+000	1.00000000E+000	4.00000000E+000	-7.23010000E-011	1.93050000E-010	1.69000000E-011	*
-6.99990000E-012	-2.09400000E-007	-1.90850000E-005	2.30000000E+000	1.81500000E-011	2.09340000E-007	1.90740000E-005	-2.00000000E+000	1.00000000E+000	4.00000000E+000	1.20550000E-010	1.98050000E-010	1.86800000E-010	*
-2.71500000E-011	-2.10250000E-007	-1.94450000E-005	2.40000000E+000	7.10010000E-012	2.10090000E-007	1.94700000E-005	-2.00000000E+000	1.00000000E+000	4.00000000E+000	2.12650000E-010	1.47000000E-011	1.68000000E-010	*
-2.64000000E-011	-2.11150000E-007	-1.98700000E-005	2.50000000E+000	-1.31500000E-011	2.10840000E-007	1.98400000E-005	-2.00000000E+000	1.00000000E+000	4.00000000E+000	1.36150000E-010	-1.72500000E-010	-4.18000000E-011	*
9.20020000E-012	-2.11600000E-007	-2.02650000E-005	2.60000000E+000	-1.33500000E-011	2.11400000E-007	2.02900000E-005	-2.00000000E+000	1.00000000E+000	4.00000000E+000	-6.44500000E-011	-2.19850000E-010	-2.32840000E-010	*
3.51010000E-011	-2.12000000E-007	-2.07400000E-005	2.70000000E+000	-3.55010000E-012	2.12200000E-007	2.07350000E-005	-2.00000000E+000	1.00000000E+000	4.00000000E+000	-2.35000000E-010	-1.54950000E-010	-2.35100000E-010	*
3.70000000E-011	-2.12490000E-007	-2.11400000E-005	2.80000000E+000	2.51000000E-011	2.12440000E-007	2.11490000E-005	-2.00000000E+000	1.00000000E+000	4.00000000E+000	-2.21050000E-010	6.18490000E-011	-5.41510000E-011	*
1.05000000E-011	-2.12790000E-007	-2.15650000E-005	2.90000000E+000	2.19000000E-011	2.12790000E-007	2.15350000E-005	-2.00000000E+000	1.00000000E+000	4.00000000E+000	-2.00000000E-011	2.32150000E-010	1.24700000E-010	*
-1.58490000E-011	-2.13190000E-007	-2.19090000E-005	3.00000000E+000	1.13500000E-011	2.13100000E-007	2.19050000E-005	-2.00000000E+000	1.00000000E+000	4.00000000E+000	1.55550000E-010	1.88050000E-010	1.67450000E-010	*
-3.23490000E-011	-2.13550000E-007	-2.23500000E-005	3.10000000E+000	2.00000000E-013	2.13450000E-007	2.23650000E-005	-2.00000000E+000	1.00000000E+000	4.00000000E+000	1.80200000E-010	-3.02500000E-011	3.67000000E-011	*
-1.15000000E-011	-2.13800000E-007	-2.27550000E-005	3.20000000E+000	-1.73000000E-011	2.13640000E-007	2.27850000E-005	-2.00000000E+000	1.00000000E+000	4.00000000E+000	7.17510000E-011	-2.12250000E-010	-1.43300000E-010	*
1.94500000E-011	-2.14200000E-007	-2.30700000E-005	3.30000000E+000	-4.70000000E-012	2.14040000E-007	2.30890000E-005	-2.00000000E+000	1.00000000E+000	4.00000000E+000	-1.30400000E-010	-2.13550000E-010	-2.19500000E-010	*
3.80500000E-011	-2.14350000E-007	-2.35340000E-005	3.40000000E+000	6.30010000E-012	2.14300000E-007	2.35400000E-005	-2.00000000E+000	1.00000000E+000	4.00000000E+000	-2.38340000E-010	-5.77490000E-011	-1.94600000E-010	*
3.43490000E-011	-2.14440000E-007	-2.38950000E-005	3.50000000E+000	2.11500000E-011	2.14550000E-007	2.39250000E-005	-2.00000000E+000	1.00000000E+000	4.00000000E+000	-1.71950000E-010	1.26150000E-010	1.74000000E-011	*
6.74990000E-012	-2.14700000E-007	-2.43490000E-005	3.60000000E+000	2.75500000E-011	2.14650000E-007	2.43850000E-005	-2.00000000E+000	1.00000000E+000	4.00000000E+000	5.08000000E-011	2.09200000E-010	2.00750000E-010	*
-2.23500000E-011	-2.15140000E-007	-2.47750000E-005	3.70000000E+000	1.87000000E-011	2.14840000E-007	2.47650000E-005	-2.00000000E+000	1.00000000E+000	4.00000000E+000	1.98850000E-010	1.03250000E-010	1.88650000E-010	*
-2.61500000E-011	-2.15450000E-007	-2.51850000E-005	3.80000000E+000	-4.15000000E-012	2.15190000E-007	2.51890000E-005	-2.00000000E+000	1.00000000E+000	4.00000000E+000	1.88900000E-010	-1.09150000E-010	-7.74980000E-012	*
-9.24990000E-012	-2.15500000E-007	-2.55400000E-005	3.90000000E+000	-4.45000000E-012	2.15400000E-007	2.55350000E-005	-2.00000000E+000	1.00000000E+000	4.00000000E+000	3.02990000E-011	-2.48190000E-010	-1.98350000E-010	*
2.27000000E-011	-2.15750000E-007	-2.59700000E-005	4.00000000E+000	-3.69990000E-012	2.15640000E-007	2.59640000E-005	-2.00000000E+000	1.00000000E+000	4.00000000E+000	-1.46800000E-010	-2.05200000E-010	-2.10600000E-010	*
3.63500000E-011	-2.15850000E-007	-2.63250000E-005	4.10000000E+000	1.58000000E-011	2.15850000E-007	2.63440000E-005	-2.00000000E+000	1.00000000E+000	4.00000000E+000	-2.38150000E-010	8.55000000E-012	-5.55010000E-011	*
3.26000000E-011	-2.15990000E-007	-2.67240000E-005	4.20000000E+000	2.84500000E-011	2.16050000E-007	2.67450000E-005	-2.00000000E+000	1.00000000E+000	4.00000000E+000	-1.61000000E-010	2.04400000E-010	1.09700000E-010	*
2.00000000E-013	-2.15990000E-007	-2.71150000E-005	4.30000000E+000	4.17000000E-011	2.15990000E-007	2.71400000E-005	-2.00000000E+000	1.00000000E+000	4.00000000E+000	4.82990000E-011	2.01950000E-010	1.99750000E-010	*
-2.22000000E-011	-2.16250000E-007	-2.74140000E-005	4.40000000E+000	2.36490000E-011	2.16150000E-007	2.74250000E-005	-2.00000000E+000	1.00000000E+000	4.00000000E+000	1.98350000E-010	-2.05000000E-012	1.16550000E-010	*
-2.92990000E-011	-2.16650000E-007	-2.77650000E-005	4.50000000E+000	1.88500000E-011	2.16450000E-007	2.78000000E-005	-2.00000000E+000	1.00000000E+000	4.00000000E+000	1.66700000E-010	-1.62550000E-010	-8.61500000E-011	*
-6.74990000E-012	-2.16950000E-007	-2.80240000E-005	4.60000000E+000	2.58490000E-011	2.16740000E-007	2.80240000E-005	-2.00000000E+000	1.00000000E+000	4.00000000E+000	-1.22500000E-011	-2.21750000E-010	-2.27650000E-010	*
2.25500000E-011	-2.16850000E-007	-2.83090000E-005	4.70000000E+000	3.26990000E-011	2.16950000E-007	2.83200000E-005	-2.00000000E+000	1.00000000E+000	4.00000000E+000	-1.91600000E-010	-1.23950000E-010	-2.04700000E-010	*
3.95510000E-011	-2.17090000E-007	-2.85600000E-005	4.80000000E+000	7.43510000E-011	2.17050000E-007	2.85650000E-005	-2.00000000E+000	1.00000000E+000	4.00000000E+000	-2.82350000E-010	2.44500000E-011	-4.70000000E-012	*
2.77000000E-011	-2.17190000E-007	-2.88600000E-005	4.90000000E+000	1.07850000E-010	2.17190000E-007	2.88700000E-005	-2.00000000E+000	1.00000000E+000	4.00000000E+000	-1.88750000E-010	2.11550000E-010	1.63900000E-010	*
-2.25000000E-012	-2.17140000E-007	-2.90840000E-005	5.00000000E+000	1.28450000E-010	2.17190000E-007	2.90950000E-005	-2.00000000E+000	1.00000000E+000	4.00000000E+000	5.69990000E-012	1.97650000E-010	1.96300000E-010	*

TEST RESULTS:  OUTPUT  04/30/2025  16:33:10


