ATTRIBUTES:

Attribute #1:C:\Metrics\ics\projects\6.2600J_S25\transistor_measurement.ics
Attribute #2:Test
Attribute #3:dev1
Attribute #4:PASSED
SETUP:TRANSFER  04/30/2025  15:52:31
DATE:04/30/2025
TIME:15:52:31

CONDITIONS:

ID:	D	
UNIT:	SMU2	
MODE: STEP	
START:	0.5	
STOP:	5	
PNTS:	2	
STEP:	4.5

ID:	G	
UNIT:	SMU4	
MODE: SWEEP	
START:	-2	
STOP:	4	
PNTS:	61	
STEP:	0.1

ID:	S	
UNIT:	SMU1	
MODE: CONST	
VALUE:	0

DATA:  TRANSFER  04/30/2025  15:52:31

IS	IS2	VD	VD2	ID	ID2	VG	IG	IG2	ACCSTRESS
-2.80490000E-011	-1.74000000E-011	5.00000000E-001	5.00000000E+000	-6.30010000E-012	1.70300000E-010	-2.00000000E+000	-9.30000000E-011	-2.40700000E-010	0.00000000E+000
2.48500000E-011	9.49990000E-012	5.00000000E-001	5.00000000E+000	1.47500000E-011	1.38050000E-010	-1.90000000E+000	-3.26000000E-011	-1.23000000E-010	*
4.84990000E-012	-1.97000000E-011	5.00000000E-001	5.00000000E+000	7.95010000E-012	9.87510000E-011	-1.80000000E+000	3.46000000E-011	-1.43000000E-011	*
-2.65500000E-011	-2.69000000E-011	5.00000000E-001	5.00000000E+000	2.65000000E-012	7.77010000E-011	-1.70000000E+000	1.04100000E-010	3.65500000E-011	*
-3.49000000E-011	-1.25500000E-011	5.00000000E-001	5.00000000E+000	-6.95000000E-012	5.16000000E-011	-1.60000000E+000	1.21600000E-010	-4.05010000E-012	*
-2.07490000E-011	1.52500000E-011	5.00000000E-001	5.00000000E+000	-8.90000000E-012	4.61500000E-011	-1.50000000E+000	1.02450000E-010	-5.78510000E-011	*
8.20010000E-012	3.17510000E-011	5.00000000E-001	5.00000000E+000	-1.51000000E-011	5.87510000E-011	-1.40000000E+000	2.52500000E-011	-9.33510000E-011	*
2.51000000E-011	2.51500000E-011	5.00000000E-001	5.00000000E+000	3.35000000E-012	5.45010000E-011	-1.30000000E+000	-4.23010000E-011	-7.14980000E-011	*
2.64500000E-011	-8.14990000E-012	5.00000000E-001	5.00000000E+000	1.51000000E-011	6.04500000E-011	-1.20000000E+000	-2.99000000E-011	1.87500000E-011	*
2.25000000E-012	-2.73000000E-011	5.00000000E-001	5.00000000E+000	1.69000000E-011	4.14990000E-011	-1.10000000E+000	4.14990000E-011	9.69010000E-011	*
-2.66500000E-011	-2.52000000E-011	5.00000000E-001	5.00000000E+000	1.16500000E-011	3.15000000E-011	-1.00000000E+000	9.22000000E-011	8.80010000E-011	*
-3.48010000E-011	-3.55010000E-012	5.00000000E-001	5.00000000E+000	2.60000000E-012	2.54000000E-011	-9.00000000E-001	1.30750000E-010	2.29500000E-011	*
-2.57000000E-011	2.99490000E-011	5.00000000E-001	5.00000000E+000	-6.24990000E-012	3.91490000E-011	-8.00000000E-001	1.00950000E-010	-4.40000000E-011	*
3.80010000E-012	3.28500000E-011	5.00000000E-001	5.00000000E+000	-1.20000000E-012	5.22500000E-011	-7.00000000E-001	3.01000000E-011	-5.82010000E-011	*
2.53500000E-011	1.10500000E-011	5.00000000E-001	5.00000000E+000	4.35010000E-012	5.58010000E-011	-6.00000000E-001	-4.00500000E-011	-8.45010000E-012	*
2.70500000E-011	-9.65010000E-012	5.00000000E-001	5.00000000E+000	2.48000000E-011	5.61510000E-011	-5.00000000E-001	-3.01000000E-011	5.78510000E-011	*
-3.55010000E-012	-3.09500000E-011	5.00000000E-001	5.00000000E+000	2.34500000E-011	3.79000000E-011	-4.00000000E-001	4.26010000E-011	1.02500000E-010	*
-2.87500000E-011	-2.91000000E-011	5.00000000E-001	5.00000000E+000	2.00500000E-011	2.44000000E-011	-3.00000000E-001	8.55990000E-011	4.97010000E-011	*
-6.21020000E-011	-3.80010000E-012	5.00000000E-001	5.00000000E+000	2.53500000E-011	4.19010000E-011	-2.00000000E-001	1.37000000E-010	-2.25000000E-012	*
-9.45490000E-011	1.11500000E-011	5.00000000E-001	5.00000000E+000	3.66000000E-011	5.97990000E-011	-1.00000000E-001	1.25950000E-010	-7.05000000E-011	*
-1.35100000E-010	-1.23000000E-011	5.00000000E-001	5.00000000E+000	9.79480000E-011	9.51490000E-011	0.00000000E+000	1.09350000E-010	-6.55510000E-011	*
-1.94900000E-010	-7.59500000E-011	5.00000000E-001	5.00000000E+000	1.63450000E-010	1.35100000E-010	1.00000000E-001	7.38010000E-011	6.70000000E-012	*
-3.39200000E-010	-1.66650000E-010	5.00000000E-001	5.00000000E+000	2.75350000E-010	1.76300000E-010	2.00000000E-001	1.48250000E-010	8.93510000E-011	*
-4.95050000E-010	-2.90140000E-010	5.00000000E-001	5.00000000E+000	4.51190000E-010	2.73840000E-010	3.00000000E-001	8.00000000E-011	1.17600000E-010	*
-6.39860000E-010	-4.32000000E-010	5.00000000E-001	5.00000000E+000	6.49100000E-010	4.21490000E-010	4.00000000E-001	3.35000000E-012	8.22980000E-011	*
-8.66810000E-010	-6.83000000E-010	5.00000000E-001	5.00000000E+000	8.86160000E-010	6.85450000E-010	5.00000000E-001	-6.78500000E-011	4.67500000E-011	*
-8.89260000E-010	-1.05180000E-009	5.00000000E-001	5.00000000E+000	8.37500000E-010	8.60010000E-010	6.00000000E-001	8.88500000E-011	-9.16490000E-011	*
-1.00350000E-009	-9.19640000E-010	5.00000000E-001	5.00000000E+000	9.55760000E-010	8.98550000E-010	7.00000000E-001	-3.46500000E-011	-1.33500000E-011	*
-1.20750000E-009	-1.24750000E-009	5.00000000E-001	5.00000000E+000	1.23050000E-009	1.19000000E-009	8.00000000E-001	3.28500000E-011	-3.94490000E-011	*
-1.73340000E-009	-1.95950000E-009	5.00000000E-001	5.00000000E+000	1.76090000E-009	1.96750000E-009	9.00000000E-001	-5.91490000E-011	7.00990000E-011	*
-2.64800000E-009	-3.13940000E-009	5.00000000E-001	5.00000000E+000	2.60190000E-009	3.16290000E-009	1.00000000E+000	5.46000000E-011	-4.20000000E-012	*
-3.78030000E-009	-4.88150000E-009	5.00000000E-001	5.00000000E+000	3.68840000E-009	4.84330000E-009	1.10000000E+000	1.43600000E-010	7.50020000E-011	*
-5.61840000E-009	-7.59930000E-009	5.00000000E-001	5.00000000E+000	5.56630000E-009	7.55880000E-009	1.20000000E+000	-1.46000000E-011	2.65740000E-010	*
-8.12540000E-009	-9.53330000E-009	5.00000000E-001	5.00000000E+000	8.10180000E-009	9.19680000E-009	1.30000000E+000	7.32500000E-011	-1.08550000E-010	*
-8.95850000E-009	-1.22800000E-008	5.00000000E-001	5.00000000E+000	8.68930000E-009	1.17400000E-008	1.40000000E+000	4.04490000E-011	-9.11480000E-011	*
-1.03150000E-008	-1.80100000E-008	5.00000000E-001	5.00000000E+000	9.50920000E-009	1.78900000E-008	1.50000000E+000	-4.92990000E-011	4.70010000E-011	*
-1.25500000E-008	-2.63000000E-008	5.00000000E-001	5.00000000E+000	1.19350000E-008	2.61250000E-008	1.60000000E+000	1.06000000E-011	5.85980000E-011	*
-1.68150000E-008	-3.80100000E-008	5.00000000E-001	5.00000000E+000	1.68700000E-008	3.78290000E-008	1.70000000E+000	1.41000000E-010	-8.18510000E-011	*
-2.41950000E-008	-5.64450000E-008	5.00000000E-001	5.00000000E+000	2.36100000E-008	5.51300000E-008	1.80000000E+000	2.56000000E-011	-6.48010000E-011	*
-3.51250000E-008	-8.24400000E-008	5.00000000E-001	5.00000000E+000	3.51360000E-008	8.30590000E-008	1.90000000E+000	1.22800000E-010	6.30000000E-011	*
-4.72250000E-008	-9.49910000E-008	5.00000000E-001	5.00000000E+000	4.69350000E-008	9.06290000E-008	2.00000000E+000	1.84800000E-010	3.55500000E-011	*
-6.59230000E-008	-1.17700000E-007	5.00000000E-001	5.00000000E+000	6.39270000E-008	1.13500000E-007	2.10000000E+000	-6.35000000E-012	-1.19950000E-010	*
-8.94900000E-008	-1.58000000E-007	5.00000000E-001	5.00000000E+000	8.98220000E-008	1.57650000E-007	2.20000000E+000	8.70490000E-011	-9.82500000E-011	*
-1.17450000E-007	-2.27150000E-007	5.00000000E-001	5.00000000E+000	1.17950000E-007	2.25650000E-007	2.30000000E+000	-1.01350000E-010	4.94500000E-011	*
-1.61300000E-007	-3.17700000E-007	5.00000000E-001	5.00000000E+000	1.60050000E-007	3.14190000E-007	2.40000000E+000	1.73000000E-011	-5.60000000E-012	*
-2.18150000E-007	-4.26340000E-007	5.00000000E-001	5.00000000E+000	2.12000000E-007	4.31350000E-007	2.50000000E+000	3.77490000E-011	-9.87020000E-011	*
-2.68700000E-007	-5.60830000E-007	5.00000000E-001	5.00000000E+000	2.68890000E-007	5.66940000E-007	2.60000000E+000	-8.82000000E-011	-2.31500000E-011	*
-3.59650000E-007	-7.52940000E-007	5.00000000E-001	5.00000000E+000	3.61050000E-007	7.53990000E-007	2.70000000E+000	7.61990000E-011	6.46490000E-011	*
-4.83700000E-007	-9.95760000E-007	5.00000000E-001	5.00000000E+000	4.98690000E-007	9.85400000E-007	2.80000000E+000	-2.88990000E-011	-3.15000000E-011	*
-6.18540000E-007	-1.29350000E-006	5.00000000E-001	5.00000000E+000	6.11500000E-007	1.22250000E-006	2.90000000E+000	-3.09990000E-011	-5.36500000E-011	*
-8.17290000E-007	-1.45200000E-006	5.00000000E-001	5.00000000E+000	8.26550000E-007	1.46700000E-006	3.00000000E+000	6.71990000E-011	-1.08200000E-010	*
-8.76580000E-007	-1.91100000E-006	5.00000000E-001	5.00000000E+000	8.29630000E-007	1.89150000E-006	3.10000000E+000	-4.15510000E-011	-1.39300000E-010	*
-1.01920000E-006	-2.52840000E-006	5.00000000E-001	5.00000000E+000	1.00920000E-006	2.48900000E-006	3.20000000E+000	7.82980000E-011	-2.39000000E-011	*
-1.12850000E-006	-3.09150000E-006	5.00000000E-001	5.00000000E+000	1.11150000E-006	3.08590000E-006	3.30000000E+000	9.06510000E-011	2.05500000E-011	*
-1.38300000E-006	-3.81940000E-006	5.00000000E-001	5.00000000E+000	1.40150000E-006	3.84990000E-006	3.40000000E+000	9.69980000E-012	-1.13850000E-010	*
-1.82850000E-006	-4.82980000E-006	5.00000000E-001	5.00000000E+000	1.82150000E-006	4.80660000E-006	3.50000000E+000	9.94980000E-012	-4.78000000E-011	*
-2.29650000E-006	-5.97930000E-006	5.00000000E-001	5.00000000E+000	2.30850000E-006	5.99190000E-006	3.60000000E+000	1.68250000E-010	5.02000000E-011	*
-2.84690000E-006	-7.45340000E-006	5.00000000E-001	5.00000000E+000	2.84100000E-006	7.45900000E-006	3.70000000E+000	-6.02010000E-011	-5.67490000E-011	*
-3.44340000E-006	-9.05340000E-006	5.00000000E-001	5.00000000E+000	3.45700000E-006	8.99010000E-006	3.80000000E+000	7.26990000E-011	-1.01800000E-010	*
-4.15250000E-006	-1.13150000E-005	5.00000000E-001	5.00000000E+000	4.18100000E-006	1.08050000E-005	3.90000000E+000	1.42000000E-011	-2.17750000E-010	*
-4.86500000E-006	-1.13050000E-005	5.00000000E-001	5.00000000E+000	4.83640000E-006	1.13250000E-005	4.00000000E+000	-2.11500000E-011	-3.61510000E-011	*

TEST RESULTS:  TRANSFER  04/30/2025  15:52:31


SETUP:OUTPUT  04/30/2025  15:53:29
DATE:04/30/2025
TIME:15:53:29

CONDITIONS:

ID:	D	
UNIT:	SMU2	
MODE: SWEEP	
START:	0	
STOP:	5	
PNTS:	51	
STEP:	0.1

ID:	G	
UNIT:	SMU4	
MODE: STEP	
START:	-2	
STOP:	4	
PNTS:	3	
STEP:	3

ID:	S	
UNIT:	SMU1	
MODE: CONST	
VALUE:	0

DATA:  OUTPUT  04/30/2025  15:53:29

IS	IS2	IS3	VD	ID	ID2	ID3	VG	VG2	VG3	IG	IG2	IG3	ACCSTRESS
-2.80490000E-011	-2.50000000E-012	-7.97990000E-009	0.00000000E+000	-1.03000000E-011	-8.05010000E-011	5.76440000E-009	-2.00000000E+000	1.00000000E+000	4.00000000E+000	-1.00250000E-010	1.27050000E-010	8.75000000E-011	0.00000000E+000
2.86500000E-011	-5.78610000E-010	-1.83000000E-006	1.00000000E-001	1.54000000E-011	6.09110000E-010	1.76850000E-006	-2.00000000E+000	1.00000000E+000	4.00000000E+000	-8.50480000E-011	-8.55000000E-011	-1.79500000E-011	*
5.05000000E-012	-1.06000000E-009	-2.76600000E-006	2.00000000E-001	1.39500000E-011	1.11840000E-009	2.74150000E-006	-2.00000000E+000	1.00000000E+000	4.00000000E+000	-1.85000000E-011	-1.03600000E-010	-2.38800000E-010	*
-1.63500000E-011	-1.51250000E-009	-3.89250000E-006	3.00000000E-001	1.31000000E-011	1.58550000E-009	3.85150000E-006	-2.00000000E+000	1.00000000E+000	4.00000000E+000	3.93500000E-011	-1.31100000E-010	-2.67350000E-010	*
-2.70500000E-011	-1.77700000E-009	-4.96440000E-006	4.00000000E-001	-2.05000000E-012	1.86990000E-009	4.97700000E-006	-2.00000000E+000	1.00000000E+000	4.00000000E+000	6.16000000E-011	-9.47510000E-011	-2.52400000E-010	*
-1.93000000E-011	-2.05790000E-009	-5.90390000E-006	5.00000000E-001	-9.84990000E-012	2.15300000E-009	5.89250000E-006	-2.00000000E+000	1.00000000E+000	4.00000000E+000	6.28510000E-011	-2.91000000E-011	-2.62700000E-010	*
1.09500000E-011	-2.34740000E-009	-6.71740000E-006	6.00000000E-001	-3.69990000E-012	2.41890000E-009	6.70130000E-006	-2.00000000E+000	1.00000000E+000	4.00000000E+000	-2.03000000E-011	3.74990000E-012	-2.84600000E-010	*
3.05500000E-011	-2.61640000E-009	-7.49250000E-006	7.00000000E-001	4.00000000E-013	2.69100000E-009	7.52740000E-006	-2.00000000E+000	1.00000000E+000	4.00000000E+000	-9.01500000E-011	-1.86000000E-011	-2.99550000E-010	*
2.80000000E-011	-2.82290000E-009	-8.24920000E-006	8.00000000E-001	1.87500000E-011	2.92990000E-009	8.24870000E-006	-2.00000000E+000	1.00000000E+000	4.00000000E+000	-8.60010000E-011	-1.01250000E-010	-3.56690000E-010	*
3.40000000E-012	-3.11050000E-009	-8.81540000E-006	9.00000000E-001	1.86000000E-011	3.23600000E-009	8.77910000E-006	-2.00000000E+000	1.00000000E+000	4.00000000E+000	-1.57500000E-011	-1.73450000E-010	-3.93750000E-010	*
-1.93500000E-011	-3.23250000E-009	-9.37190000E-006	1.00000000E+000	8.35020000E-012	3.39190000E-009	9.41290000E-006	-2.00000000E+000	1.00000000E+000	4.00000000E+000	4.80010000E-011	-1.80700000E-010	-3.66550000E-010	*
-2.65000000E-011	-3.34840000E-009	-9.84600000E-006	1.10000000E+000	1.00000000E-011	3.51940000E-009	9.79710000E-006	-2.00000000E+000	1.00000000E+000	4.00000000E+000	8.25010000E-011	-1.20000000E-010	-2.93650000E-010	*
-2.13000000E-011	-3.60690000E-009	-1.02320000E-005	1.20000000E+000	-8.14990000E-012	3.70740000E-009	1.02400000E-005	-2.00000000E+000	1.00000000E+000	4.00000000E+000	8.76490000E-011	-4.11490000E-011	-2.73800000E-010	*
6.99990000E-012	-3.72890000E-009	-9.95350000E-006	1.30000000E+000	-9.84990000E-012	3.79280000E-009	9.64520000E-006	-2.00000000E+000	1.00000000E+000	4.00000000E+000	7.79990000E-012	1.17500000E-011	7.84510000E-011	*
2.93510000E-011	-3.63140000E-009	-9.07200000E-006	1.40000000E+000	3.74990000E-012	3.70540000E-009	9.13260000E-006	-2.00000000E+000	1.00000000E+000	4.00000000E+000	-6.70010000E-011	2.60000000E-012	-2.73300000E-010	*
3.17510000E-011	-3.67290000E-009	-9.30250000E-006	1.50000000E+000	1.90500000E-011	3.69690000E-009	9.21730000E-006	-2.00000000E+000	1.00000000E+000	4.00000000E+000	-5.50490000E-011	-6.21510000E-011	-4.36050000E-010	*
1.22000000E-011	-3.53640000E-009	-9.57400000E-006	1.60000000E+000	1.85000000E-011	3.63780000E-009	9.54650000E-006	-2.00000000E+000	1.00000000E+000	4.00000000E+000	-5.09990000E-012	-1.21350000E-010	-4.76010000E-010	*
-1.80000000E-011	-3.58150000E-009	-9.57400000E-006	1.70000000E+000	1.29500000E-011	3.69290000E-009	9.53680000E-006	-2.00000000E+000	1.00000000E+000	4.00000000E+000	6.97510000E-011	-1.47200000E-010	-4.15100000E-010	*
-2.76000000E-011	-3.63590000E-009	-9.77800000E-006	1.80000000E+000	-3.85000000E-012	3.76480000E-009	9.75380000E-006	-2.00000000E+000	1.00000000E+000	4.00000000E+000	8.38020000E-011	-1.26400000E-010	-3.43550000E-010	*
-2.99000000E-011	-3.58590000E-009	-9.84360000E-006	1.90000000E+000	-4.60010000E-012	3.70740000E-009	9.81990000E-006	-2.00000000E+000	1.00000000E+000	4.00000000E+000	6.18000000E-011	-4.41000000E-011	-3.28600000E-010	*
6.99990000E-013	-3.68090000E-009	-9.78310000E-006	2.00000000E+000	-1.07500000E-011	3.72980000E-009	9.75140000E-006	-2.00000000E+000	1.00000000E+000	4.00000000E+000	-1.70000000E-011	2.63000000E-011	-3.61690000E-010	*
3.15000000E-011	-3.64340000E-009	-9.91210000E-006	2.10000000E+000	3.80010000E-012	3.66200000E-009	9.87390000E-006	-2.00000000E+000	1.00000000E+000	4.00000000E+000	-9.44990000E-011	5.51010000E-011	-4.29750000E-010	*
2.74500000E-011	-3.57340000E-009	-9.77940000E-006	2.20000000E+000	2.48000000E-011	3.62050000E-009	9.77050000E-006	-2.00000000E+000	1.00000000E+000	4.00000000E+000	-8.80010000E-011	-2.03500000E-011	-4.36950000E-010	*
6.85010000E-012	-3.61940000E-009	-9.77330000E-006	2.30000000E+000	2.38500000E-011	3.69090000E-009	9.71790000E-006	-2.00000000E+000	1.00000000E+000	4.00000000E+000	-2.50500000E-011	-8.75000000E-011	-3.70510000E-010	*
-1.97000000E-011	-3.64340000E-009	-9.61450000E-006	2.40000000E+000	8.59980000E-012	3.79280000E-009	9.53020000E-006	-2.00000000E+000	1.00000000E+000	4.00000000E+000	3.59000000E-011	-1.43500000E-010	-2.71300000E-010	*
-2.81990000E-011	-3.57290000E-009	-9.52560000E-006	2.50000000E+000	5.20000000E-012	3.69690000E-009	9.50970000E-006	-2.00000000E+000	1.00000000E+000	4.00000000E+000	8.13000000E-011	-1.20300000E-010	-2.18150000E-010	*
-2.36000000E-011	-3.51440000E-009	-9.41290000E-006	2.60000000E+000	-2.05000000E-012	3.58340000E-009	9.37190000E-006	-2.00000000E+000	1.00000000E+000	4.00000000E+000	6.25490000E-011	-4.04990000E-011	-2.56350000E-010	*
9.50020000E-013	-3.60690000E-009	-9.25270000E-006	2.70000000E+000	-8.80000000E-012	3.68390000E-009	9.27090000E-006	-2.00000000E+000	1.00000000E+000	4.00000000E+000	-2.28500000E-011	3.38010000E-011	-3.07150000E-010	*
2.83000000E-011	-3.54590000E-009	-9.09390000E-006	2.80000000E+000	1.00500000E-011	3.56340000E-009	9.04080000E-006	-2.00000000E+000	1.00000000E+000	4.00000000E+000	-7.15520000E-011	6.57000000E-011	-3.66600000E-010	*
3.18500000E-011	-3.50340000E-009	-8.89600000E-006	2.90000000E+000	2.24500000E-011	3.53840000E-009	8.90490000E-006	-2.00000000E+000	1.00000000E+000	4.00000000E+000	-8.01990000E-011	3.26990000E-011	-3.36800000E-010	*
7.10010000E-012	-3.52290000E-009	-8.78470000E-006	3.00000000E+000	2.24000000E-011	3.57940000E-009	8.84110000E-006	-2.00000000E+000	1.00000000E+000	4.00000000E+000	-2.14500000E-011	-5.00510000E-011	-2.15750000E-010	*
-1.36000000E-011	-3.44940000E-009	-8.58770000E-006	3.10000000E+000	1.44500000E-011	3.52340000E-009	8.63660000E-006	-2.00000000E+000	1.00000000E+000	4.00000000E+000	4.43010000E-011	-1.07400000E-010	-1.86350000E-010	*
-2.75500000E-011	-3.46240000E-009	-8.37730000E-006	3.20000000E+000	1.03500000E-011	3.54990000E-009	8.36890000E-006	-2.00000000E+000	1.00000000E+000	4.00000000E+000	7.98010000E-011	-1.22000000E-010	-1.49950000E-010	*
-2.19000000E-011	-3.49040000E-009	-8.12440000E-006	3.30000000E+000	-3.40000000E-012	3.56090000E-009	8.10530000E-006	-2.00000000E+000	1.00000000E+000	4.00000000E+000	8.95990000E-011	-2.99990000E-011	-2.37950000E-010	*
1.02000000E-011	-3.48390000E-009	-7.93160000E-006	3.40000000E+000	2.84990000E-012	3.50840000E-009	7.92980000E-006	-2.00000000E+000	1.00000000E+000	4.00000000E+000	-1.49000000E-011	2.50500000E-011	-2.92440000E-010	*
3.07510000E-011	-3.43040000E-009	-7.84180000E-006	3.50000000E+000	1.08500000E-011	3.45190000E-009	7.79840000E-006	-2.00000000E+000	1.00000000E+000	4.00000000E+000	-8.59510000E-011	4.59000000E-011	-2.79340000E-010	*
3.13490000E-011	-3.34740000E-009	-7.71230000E-006	3.60000000E+000	2.72500000E-011	3.37550000E-009	7.71090000E-006	-2.00000000E+000	1.00000000E+000	4.00000000E+000	-9.57990000E-011	1.23500000E-011	-2.13350000E-010	*
7.04990000E-012	-3.39540000E-009	-7.50690000E-006	3.70000000E+000	2.46000000E-011	3.44790000E-009	7.49040000E-006	-2.00000000E+000	1.00000000E+000	4.00000000E+000	-2.47000000E-011	-5.30000000E-011	-1.29950000E-010	*
-2.09500000E-011	-3.40390000E-009	-7.44040000E-006	3.80000000E+000	2.13500000E-011	3.49840000E-009	7.38700000E-006	-2.00000000E+000	1.00000000E+000	4.00000000E+000	4.46510000E-011	-1.24150000E-010	-1.43050000E-010	*
-2.68000000E-011	-3.44640000E-009	-7.24640000E-006	3.90000000E+000	5.85000000E-012	3.54740000E-009	7.29790000E-006	-2.00000000E+000	1.00000000E+000	4.00000000E+000	6.36510000E-011	-1.15150000E-010	-1.60250000E-010	*
-1.46000000E-011	-3.41840000E-009	-7.02680000E-006	4.00000000E+000	-4.35010000E-012	3.52140000E-009	7.08090000E-006	-2.00000000E+000	1.00000000E+000	4.00000000E+000	4.10500000E-011	-3.58500000E-011	-2.22900000E-010	*
1.13500000E-011	-3.45390000E-009	-6.96890000E-006	4.10000000E+000	8.55000000E-012	3.48990000E-009	6.97840000E-006	-2.00000000E+000	1.00000000E+000	4.00000000E+000	-3.80000000E-011	1.71500000E-011	-2.37750000E-010	*
3.07010000E-011	-3.39290000E-009	-6.87850000E-006	4.20000000E+000	2.53500000E-011	3.41740000E-009	6.85640000E-006	-2.00000000E+000	1.00000000E+000	4.00000000E+000	-1.00850000E-010	5.60000000E-011	-2.19200000E-010	*
2.81000000E-011	-3.34340000E-009	-6.75790000E-006	4.30000000E+000	2.79000000E-011	3.36340000E-009	6.72180000E-006	-2.00000000E+000	1.00000000E+000	4.00000000E+000	-1.05000000E-010	4.29510000E-011	-1.21400000E-010	*
4.95000000E-012	-3.31900000E-009	-6.65110000E-006	4.40000000E+000	4.95500000E-011	3.34190000E-009	6.64990000E-006	-2.00000000E+000	1.00000000E+000	4.00000000E+000	-4.19510000E-011	-3.88510000E-011	-5.39000000E-011	*
-2.50000000E-011	-3.29590000E-009	-6.51210000E-006	4.50000000E+000	3.87990000E-011	3.36890000E-009	6.54390000E-006	-2.00000000E+000	1.00000000E+000	4.00000000E+000	3.79500000E-011	-1.08800000E-010	-4.68000000E-011	*
-3.24500000E-011	-3.26390000E-009	-6.48090000E-006	4.60000000E+000	3.93000000E-011	3.35840000E-009	6.50090000E-006	-2.00000000E+000	1.00000000E+000	4.00000000E+000	-6.99990000E-012	-9.70000000E-011	-1.20550000E-010	*
-9.94980000E-012	-3.26690000E-009	-6.39050000E-006	4.70000000E+000	6.37000000E-011	3.34550000E-009	6.39350000E-006	-2.00000000E+000	1.00000000E+000	4.00000000E+000	-1.90500000E-011	-4.24500000E-011	-1.94550000E-010	*
2.23000000E-011	-3.33790000E-009	-6.23890000E-006	4.80000000E+000	8.15990000E-011	3.38090000E-009	6.21840000E-006	-2.00000000E+000	1.00000000E+000	4.00000000E+000	-1.34950000E-010	2.30500000E-011	-1.82650000E-010	*
3.75510000E-011	-3.35740000E-009	-6.07250000E-006	4.90000000E+000	1.25900000E-010	3.37240000E-009	6.19140000E-006	-2.00000000E+000	1.00000000E+000	4.00000000E+000	-2.00500000E-010	5.63000000E-011	-1.58600000E-010	*
2.43500000E-011	-3.31400000E-009	-5.99490000E-006	5.00000000E+000	1.66150000E-010	3.33240000E-009	5.93350000E-006	-2.00000000E+000	1.00000000E+000	4.00000000E+000	-2.02450000E-010	4.87500000E-011	-6.58990000E-011	*

TEST RESULTS:  OUTPUT  04/30/2025  15:53:29


