ATTRIBUTES:

Attribute #1:C:\Metrics\ics\projects\6.2600J_S25\transistor_measurement.ics
Attribute #2:Test
Attribute #3:dev1
Attribute #4:PASSED
SETUP:TRANSFER  04/30/2025  16:12:10
DATE:04/30/2025
TIME:16:12:10

CONDITIONS:

ID:	D	
UNIT:	SMU2	
MODE: STEP	
START:	0.5	
STOP:	5	
PNTS:	2	
STEP:	4.5

ID:	G	
UNIT:	SMU4	
MODE: SWEEP	
START:	-2	
STOP:	4	
PNTS:	61	
STEP:	0.1

ID:	S	
UNIT:	SMU1	
MODE: CONST	
VALUE:	0

DATA:  TRANSFER  04/30/2025  16:12:10

IS	IS2	VD	VD2	ID	ID2	VG	IG	IG2	ACCSTRESS
-2.40000000E-012	-1.77800000E-010	5.00000000E-001	5.00000000E+000	-5.92980000E-011	-1.67500000E-011	-2.00000000E+000	-5.41210000E-010	-4.81490000E-010	0.00000000E+000
-1.40450000E-010	1.81400000E-010	5.00000000E-001	5.00000000E+000	-1.00300000E-010	2.59550000E-010	-1.90000000E+000	1.07000000E-010	9.89960000E-011	*
1.64500000E-010	1.81450000E-010	5.00000000E-001	5.00000000E+000	9.70000000E-011	2.41500000E-010	-1.80000000E+000	-7.13160000E-010	1.19500000E-010	*
1.41100000E-010	1.99550000E-010	5.00000000E-001	5.00000000E+000	1.49050000E-010	1.54450000E-010	-1.70000000E+000	1.89450000E-010	-3.34000000E-010	*
-1.09000000E-011	2.14450000E-010	5.00000000E-001	5.00000000E+000	1.36950000E-010	1.36950000E-010	-1.60000000E+000	7.66050000E-010	-4.01480000E-010	*
-1.25000000E-010	1.97700000E-010	5.00000000E-001	5.00000000E+000	-9.09980000E-012	1.44750000E-010	-1.50000000E+000	8.04050000E-010	-2.61000000E-010	*
-1.51600000E-010	2.05400000E-010	5.00000000E-001	5.00000000E+000	-9.69010000E-011	1.29700000E-010	-1.40000000E+000	2.02750000E-010	-3.23500000E-010	*
-1.01700000E-010	-1.66900000E-010	5.00000000E-001	5.00000000E+000	-1.62950000E-010	-6.50500000E-011	-1.30000000E+000	-2.93060000E-010	4.29490000E-010	*
-1.51000000E-010	-1.46500000E-010	5.00000000E-001	5.00000000E+000	-8.49990000E-011	-8.54000000E-011	-1.20000000E+000	2.42990000E-010	2.12500000E-010	*
1.64450000E-010	-1.63500000E-010	5.00000000E-001	5.00000000E+000	1.02850000E-010	-7.45000000E-011	-1.10000000E+000	-2.21500000E-010	3.52480000E-010	*
-1.61750000E-010	2.11150000E-010	5.00000000E-001	5.00000000E+000	-7.11500000E-011	1.15450000E-010	-1.00000000E+000	7.48090000E-010	-3.50990000E-010	*
-1.39000000E-010	2.32450000E-010	5.00000000E-001	5.00000000E+000	-1.36800000E-010	8.81500000E-011	-9.00000000E-001	5.46000000E-011	-5.06990000E-010	*
-1.54400000E-010	2.07850000E-010	5.00000000E-001	5.00000000E+000	-2.35500000E-011	1.25300000E-010	-8.00000000E-001	6.91470000E-010	-2.77990000E-010	*
-1.45400000E-010	2.07700000E-010	5.00000000E-001	5.00000000E+000	-8.42490000E-011	1.10750000E-010	-7.00000000E-001	6.83400000E-010	-3.34000000E-010	*
-1.43000000E-010	-1.66800000E-010	5.00000000E-001	5.00000000E+000	-1.51500000E-010	-6.86990000E-011	-6.00000000E-001	-9.09980000E-012	4.63490000E-010	*
-1.56150000E-010	-1.46600000E-010	5.00000000E-001	5.00000000E+000	-3.52000000E-011	-9.80520000E-011	-5.00000000E-001	7.14550000E-010	2.40990000E-010	*
-1.40300000E-010	2.22100000E-010	5.00000000E-001	5.00000000E+000	-1.16450000E-010	1.01350000E-010	-4.00000000E-001	1.32900000E-010	-3.70990000E-010	*
-9.32520000E-011	2.06700000E-010	5.00000000E-001	5.00000000E+000	5.53990000E-011	1.26600000E-010	-3.00000000E-001	7.26490000E-010	-2.45490000E-010	*
1.43300000E-010	2.06900000E-010	5.00000000E-001	5.00000000E+000	9.40010000E-011	1.16250000E-010	-2.00000000E-001	-7.00340000E-010	-3.16990000E-010	*
7.97020000E-011	2.14100000E-010	5.00000000E-001	5.00000000E+000	1.44150000E-010	1.01200000E-010	-1.00000000E-001	2.77100000E-010	-3.84980000E-010	*
-1.75550000E-010	1.89800000E-010	5.00000000E-001	5.00000000E+000	1.27100000E-010	1.07600000E-010	0.00000000E+000	1.04150000E-009	-3.03490000E-010	*
7.10010000E-012	-1.95700000E-010	5.00000000E-001	5.00000000E+000	1.87250000E-010	-8.53500000E-011	1.00000000E-001	-6.45800000E-010	3.59990000E-010	*
-8.07000000E-011	-2.37150000E-010	5.00000000E-001	5.00000000E+000	1.43700000E-010	-5.20510000E-011	2.00000000E-001	-7.92800000E-010	5.05480000E-010	*
-3.49350000E-010	-2.74650000E-010	5.00000000E-001	5.00000000E+000	1.21350000E-010	-3.26000000E-011	3.00000000E-001	-4.93000000E-010	3.64990000E-010	*
-7.30810000E-010	-3.79250000E-010	5.00000000E-001	5.00000000E+000	3.38100000E-010	7.75980000E-011	4.00000000E-001	3.23990000E-010	4.92490000E-010	*
-1.04190000E-009	-4.97750000E-010	5.00000000E-001	5.00000000E+000	5.99560000E-010	1.71450000E-010	5.00000000E-001	4.22980000E-010	2.61490000E-010	*
-1.10600000E-009	-7.37660000E-010	5.00000000E-001	5.00000000E+000	1.03700000E-009	3.62700000E-010	6.00000000E-001	8.02260000E-010	2.82500000E-010	*
-1.21000000E-009	-1.03590000E-009	5.00000000E-001	5.00000000E+000	1.29550000E-009	6.55890000E-010	7.00000000E-001	-6.02480000E-010	3.30490000E-010	*
-2.29690000E-009	-7.51980000E-010	5.00000000E-001	5.00000000E+000	1.84390000E-009	6.81500000E-010	8.00000000E-001	5.86480000E-010	5.27000000E-010	*
-3.35090000E-009	-1.47050000E-009	5.00000000E-001	5.00000000E+000	2.79190000E-009	1.13500000E-009	9.00000000E-001	5.39990000E-010	4.63490000E-010	*
-4.78230000E-009	-2.30400000E-009	5.00000000E-001	5.00000000E+000	4.09550000E-009	1.91240000E-009	1.00000000E+000	1.58000000E-010	5.88980000E-010	*
-6.96690000E-009	-3.42790000E-009	5.00000000E-001	5.00000000E+000	6.23270000E-009	2.99500000E-009	1.10000000E+000	1.44990000E-010	4.50480000E-010	*
-9.66970000E-009	-5.16730000E-009	5.00000000E-001	5.00000000E+000	8.76570000E-009	4.64890000E-009	1.20000000E+000	4.86980000E-010	-1.59990000E-011	*
-1.08950000E-008	-7.93260000E-009	5.00000000E-001	5.00000000E+000	1.04550000E-008	7.40330000E-009	1.30000000E+000	2.71500000E-010	-5.04980000E-011	*
-1.65300000E-008	-1.05500000E-008	5.00000000E-001	5.00000000E+000	1.58550000E-008	1.02850000E-008	1.40000000E+000	3.01500000E-010	4.25490000E-010	*
-2.25600000E-008	-1.56900000E-008	5.00000000E-001	5.00000000E+000	2.12100000E-008	1.53150000E-008	1.50000000E+000	1.84000000E-010	8.99990000E-012	*
-3.04150000E-008	-2.37650000E-008	5.00000000E-001	5.00000000E+000	2.94050000E-008	2.26200000E-008	1.60000000E+000	3.61990000E-010	-2.03000000E-010	*
-4.09950000E-008	-3.51900000E-008	5.00000000E-001	5.00000000E+000	4.06850000E-008	3.45010000E-008	1.70000000E+000	6.65000000E-011	4.55000000E-011	*
-5.63390000E-008	-4.98750000E-008	5.00000000E-001	5.00000000E+000	5.59050000E-008	4.92200000E-008	1.80000000E+000	6.64900000E-010	2.69490000E-010	*
-6.24930000E-008	-7.21740000E-008	5.00000000E-001	5.00000000E+000	6.23840000E-008	7.18640000E-008	1.90000000E+000	-2.78600000E-010	-9.14970000E-011	*
-7.31160000E-008	-1.02220000E-007	5.00000000E-001	5.00000000E+000	7.37200000E-008	9.89200000E-008	2.00000000E+000	-4.47700000E-010	3.84990000E-011	*
-8.70860000E-008	-1.17700000E-007	5.00000000E-001	5.00000000E+000	8.80790000E-008	1.17150000E-007	2.10000000E+000	7.99300000E-010	8.36990000E-010	*
-1.02020000E-007	-1.68250000E-007	5.00000000E-001	5.00000000E+000	1.00200000E-007	1.67190000E-007	2.20000000E+000	-6.99990000E-011	9.99990000E-010	*
-1.03550000E-007	-2.24190000E-007	5.00000000E-001	5.00000000E+000	1.01600000E-007	2.25100000E-007	2.30000000E+000	-7.16310000E-010	-4.08490000E-010	*
-1.20100000E-007	-2.99740000E-007	5.00000000E-001	5.00000000E+000	1.17500000E-007	3.00250000E-007	2.40000000E+000	5.41260000E-010	1.02000000E-010	*
-1.44200000E-007	-3.94790000E-007	5.00000000E-001	5.00000000E+000	1.45450000E-007	3.93340000E-007	2.50000000E+000	-2.23000000E-010	2.22300000E-010	*
-1.81850000E-007	-4.35190000E-007	5.00000000E-001	5.00000000E+000	1.79950000E-007	4.38080000E-007	2.60000000E+000	-5.17760000E-010	6.93490000E-010	*
-2.22240000E-007	-5.76400000E-007	5.00000000E-001	5.00000000E+000	2.22900000E-007	5.72790000E-007	2.70000000E+000	7.01850000E-010	-2.06500000E-010	*
-2.57150000E-007	-7.17990000E-007	5.00000000E-001	5.00000000E+000	2.55790000E-007	7.28180000E-007	2.80000000E+000	-6.26160000E-010	-7.14490000E-010	*
-3.07250000E-007	-9.04200000E-007	5.00000000E-001	5.00000000E+000	3.05490000E-007	9.01920000E-007	2.90000000E+000	1.88150000E-010	-2.58000000E-010	*
-3.52900000E-007	-9.33130000E-007	5.00000000E-001	5.00000000E+000	3.55140000E-007	9.09580000E-007	3.00000000E+000	6.34510000E-011	-8.12980000E-010	*
-4.06890000E-007	-1.02170000E-006	5.00000000E-001	5.00000000E+000	4.06840000E-007	1.02100000E-006	3.10000000E+000	-6.16610000E-010	3.39990000E-010	*
-4.60040000E-007	-1.21850000E-006	5.00000000E-001	5.00000000E+000	4.60700000E-007	1.22050000E-006	3.20000000E+000	5.90060000E-010	3.84250000E-010	*
-5.16740000E-007	-1.40850000E-006	5.00000000E-001	5.00000000E+000	5.18190000E-007	1.40800000E-006	3.30000000E+000	-5.11050000E-010	-5.87990000E-010	*
-5.78180000E-007	-1.68000000E-006	5.00000000E-001	5.00000000E+000	5.72730000E-007	1.67900000E-006	3.40000000E+000	1.25000000E-011	-7.20350000E-010	*
-6.31990000E-007	-1.86900000E-006	5.00000000E-001	5.00000000E+000	6.30820000E-007	1.86250000E-006	3.50000000E+000	4.05150000E-010	3.61000000E-010	*
-6.95780000E-007	-2.06800000E-006	5.00000000E-001	5.00000000E+000	6.96250000E-007	2.06390000E-006	3.60000000E+000	-6.23860000E-010	-1.92000000E-011	*
-7.50590000E-007	-2.28650000E-006	5.00000000E-001	5.00000000E+000	7.47940000E-007	2.29000000E-006	3.70000000E+000	4.12950000E-010	-5.59050000E-010	*
-8.00320000E-007	-2.51000000E-006	5.00000000E-001	5.00000000E+000	8.01230000E-007	2.51450000E-006	3.80000000E+000	-3.25000000E-012	6.63190000E-010	*
-8.54570000E-007	-2.76700000E-006	5.00000000E-001	5.00000000E+000	8.52830000E-007	2.76240000E-006	3.90000000E+000	-4.34350000E-010	-5.86260000E-010	*
-8.99540000E-007	-3.01200000E-006	5.00000000E-001	5.00000000E+000	8.99920000E-007	3.00250000E-006	4.00000000E+000	6.20190000E-010	0.00000000E+000	*

TEST RESULTS:  TRANSFER  04/30/2025  16:12:10


SETUP:OUTPUT  04/30/2025  16:12:50
DATE:04/30/2025
TIME:16:12:50

CONDITIONS:

ID:	D	
UNIT:	SMU2	
MODE: SWEEP	
START:	0	
STOP:	5	
PNTS:	51	
STEP:	0.1

ID:	G	
UNIT:	SMU4	
MODE: STEP	
START:	-2	
STOP:	4	
PNTS:	3	
STEP:	3

ID:	S	
UNIT:	SMU1	
MODE: CONST	
VALUE:	0

DATA:  OUTPUT  04/30/2025  16:12:50

IS	IS2	IS3	VD	ID	ID2	ID3	VG	VG2	VG3	IG	IG2	IG3	ACCSTRESS
3.35500000E-011	-3.60490000E-011	-8.67970000E-010	0.00000000E+000	-2.92500000E-011	4.92500000E-011	3.03800000E-010	-2.00000000E+000	1.00000000E+000	4.00000000E+000	-7.73500000E-010	8.90480000E-010	-3.25340000E-010	0.00000000E+000
2.05850000E-010	-6.04590000E-010	-1.98700000E-007	1.00000000E-001	1.11500000E-010	3.03900000E-010	1.96150000E-007	-2.00000000E+000	1.00000000E+000	4.00000000E+000	-3.48990000E-010	2.86490000E-010	3.47360000E-010	*
2.08600000E-010	-5.09540000E-010	-3.65090000E-007	2.00000000E-001	1.01850000E-010	7.19300000E-010	3.64390000E-007	-2.00000000E+000	1.00000000E+000	4.00000000E+000	-3.73490000E-010	-7.90490000E-010	-1.01100000E-010	*
1.96050000E-010	-9.11480000E-010	-5.30100000E-007	3.00000000E-001	1.20500000E-010	8.22500000E-010	5.30390000E-007	-2.00000000E+000	1.00000000E+000	4.00000000E+000	-2.95500000E-010	8.63480000E-010	-6.71750000E-010	*
2.12000000E-010	-9.57980000E-010	-6.81490000E-007	4.00000000E-001	1.02700000E-010	1.19100000E-009	6.81490000E-007	-2.00000000E+000	1.00000000E+000	4.00000000E+000	-4.16490000E-010	-8.51480000E-010	-6.55010000E-010	*
2.14400000E-010	-1.17950000E-009	-8.24070000E-007	5.00000000E-001	1.04600000E-010	1.43800000E-009	8.24600000E-007	-2.00000000E+000	1.00000000E+000	4.00000000E+000	-4.15500000E-010	-6.41990000E-010	3.65500000E-011	*
2.10800000E-010	-1.79400000E-009	-9.56880000E-007	6.00000000E-001	1.11600000E-010	1.52150000E-009	9.56290000E-007	-2.00000000E+000	1.00000000E+000	4.00000000E+000	-3.68980000E-010	4.69500000E-010	6.29140000E-010	*
2.08800000E-010	-1.89350000E-009	-1.04500000E-006	7.00000000E-001	1.06350000E-010	1.62500000E-009	1.04200000E-006	-2.00000000E+000	1.00000000E+000	4.00000000E+000	-3.72490000E-010	3.21990000E-010	-6.89800000E-010	*
-1.94050000E-010	-2.05340000E-009	-1.12050000E-006	8.00000000E-001	-8.86510000E-011	1.82640000E-009	1.12100000E-006	-2.00000000E+000	1.00000000E+000	4.00000000E+000	4.11490000E-010	7.72980000E-010	-7.53460000E-010	*
2.09950000E-010	-1.65240000E-009	-1.21950000E-006	9.00000000E-001	9.69500000E-011	1.94790000E-009	1.22300000E-006	-2.00000000E+000	1.00000000E+000	4.00000000E+000	-4.66000000E-010	-6.32980000E-010	-1.86500000E-011	*
1.94350000E-010	-2.09650000E-009	-1.30700000E-006	1.00000000E+000	1.27100000E-010	1.82690000E-009	1.30550000E-006	-2.00000000E+000	1.00000000E+000	4.00000000E+000	-2.24500000E-010	4.67990000E-010	5.31480000E-010	*
1.97900000E-010	-2.10150000E-009	-1.39750000E-006	1.10000000E+000	1.22600000E-010	1.82300000E-009	1.39850000E-006	-2.00000000E+000	1.00000000E+000	4.00000000E+000	-3.01990000E-010	3.38990000E-010	5.04060000E-010	*
2.10150000E-010	-2.12340000E-009	-1.47750000E-006	1.20000000E+000	9.58980000E-011	1.87840000E-009	1.47400000E-006	-2.00000000E+000	1.00000000E+000	4.00000000E+000	-4.49490000E-010	7.22480000E-010	2.30500000E-010	*
1.93150000E-010	-1.70800000E-009	-1.55400000E-006	1.30000000E+000	1.28150000E-010	2.00540000E-009	1.55000000E-006	-2.00000000E+000	1.00000000E+000	4.00000000E+000	-2.65490000E-010	-4.78990000E-010	-3.61100000E-010	*
2.29150000E-010	-1.70350000E-009	-1.61600000E-006	1.40000000E+000	8.01490000E-011	2.00540000E-009	1.61700000E-006	-2.00000000E+000	1.00000000E+000	4.00000000E+000	-5.64480000E-010	-3.67990000E-010	-8.30390000E-010	*
2.12150000E-010	-1.70050000E-009	-1.68350000E-006	1.50000000E+000	1.10450000E-010	1.99690000E-009	1.67950000E-006	-2.00000000E+000	1.00000000E+000	4.00000000E+000	-4.21490000E-010	-4.66490000E-010	-5.58460000E-010	*
1.78450000E-010	-1.73250000E-009	-1.73300000E-006	1.60000000E+000	1.85400000E-010	2.05000000E-009	1.73350000E-006	-2.00000000E+000	1.00000000E+000	4.00000000E+000	9.64990000E-011	-3.47500000E-010	9.92490000E-011	*
2.11100000E-010	-2.05090000E-009	-1.78250000E-006	1.70000000E+000	1.04300000E-010	1.78290000E-009	1.78400000E-006	-2.00000000E+000	1.00000000E+000	4.00000000E+000	-4.27990000E-010	4.61480000E-010	6.34000000E-010	*
1.88100000E-010	-2.05400000E-009	-1.82400000E-006	1.80000000E+000	1.32250000E-010	1.76040000E-009	1.82200000E-006	-2.00000000E+000	1.00000000E+000	4.00000000E+000	-1.88000000E-010	3.32990000E-010	6.81950000E-010	*
1.99800000E-010	-2.06840000E-009	-1.86450000E-006	1.90000000E+000	1.16200000E-010	1.79940000E-009	1.86350000E-006	-2.00000000E+000	1.00000000E+000	4.00000000E+000	-3.13990000E-010	5.09490000E-010	-4.06500000E-011	*
1.75500000E-010	-2.06300000E-009	-1.88450000E-006	2.00000000E+000	2.03650000E-010	1.80100000E-009	1.89150000E-006	-2.00000000E+000	1.00000000E+000	4.00000000E+000	2.76500000E-010	5.75990000E-010	-3.28950000E-010	*
1.95200000E-010	-2.07590000E-009	-1.92100000E-006	2.10000000E+000	1.24050000E-010	1.79800000E-009	1.91640000E-006	-2.00000000E+000	1.00000000E+000	4.00000000E+000	-2.57500000E-010	4.14490000E-010	-5.50440000E-010	*
2.20300000E-010	-1.70300000E-009	-1.95450000E-006	2.20000000E+000	9.23490000E-011	2.05940000E-009	1.95650000E-006	-2.00000000E+000	1.00000000E+000	4.00000000E+000	-5.00480000E-010	2.07490000E-010	-2.69550000E-010	*
1.93150000E-010	-1.68850000E-009	-1.97040000E-006	2.30000000E+000	1.24900000E-010	1.98250000E-009	1.97200000E-006	-2.00000000E+000	1.00000000E+000	4.00000000E+000	-2.78490000E-010	-3.77990000E-010	4.20440000E-010	*
1.75300000E-010	-2.05250000E-009	-1.98590000E-006	2.40000000E+000	2.06450000E-010	1.78350000E-009	1.99240000E-006	-2.00000000E+000	1.00000000E+000	4.00000000E+000	2.94490000E-010	5.01500000E-010	6.28740000E-010	*
1.70000000E-010	-2.06550000E-009	-1.99900000E-006	2.50000000E+000	2.03900000E-010	1.77700000E-009	2.00350000E-006	-2.00000000E+000	1.00000000E+000	4.00000000E+000	2.78990000E-010	3.22490000E-010	5.71190000E-010	*
1.70800000E-010	-1.63750000E-009	-2.01990000E-006	2.60000000E+000	2.11000000E-010	1.90590000E-009	2.01600000E-006	-2.00000000E+000	1.00000000E+000	4.00000000E+000	3.34000000E-010	-8.13970000E-010	-1.14600000E-010	*
-1.82300000E-010	-1.61840000E-009	-2.02990000E-006	2.70000000E+000	-9.43500000E-011	1.92890000E-009	2.03200000E-006	-2.00000000E+000	1.00000000E+000	4.00000000E+000	2.99990000E-010	-3.44480000E-010	-6.34090000E-010	*
2.02800000E-010	-1.97540000E-009	-2.03300000E-006	2.80000000E+000	1.16100000E-010	1.70450000E-009	2.02490000E-006	-2.00000000E+000	1.00000000E+000	4.00000000E+000	-3.43990000E-010	4.17490000E-010	-7.46810000E-010	*
2.07700000E-010	-1.94140000E-009	-2.03340000E-006	2.90000000E+000	1.09200000E-010	1.67690000E-009	2.03450000E-006	-2.00000000E+000	1.00000000E+000	4.00000000E+000	-3.77500000E-010	5.53000000E-010	-1.31000000E-011	*
2.22700000E-010	-1.97350000E-009	-2.03200000E-006	3.00000000E+000	8.34500000E-011	1.68650000E-009	2.03600000E-006	-2.00000000E+000	1.00000000E+000	4.00000000E+000	-5.29500000E-010	4.23990000E-010	5.77250000E-010	*
1.94400000E-010	-1.97640000E-009	-2.03600000E-006	3.10000000E+000	1.32150000E-010	1.69100000E-009	2.03750000E-006	-2.00000000E+000	1.00000000E+000	4.00000000E+000	-2.89490000E-010	4.32000000E-010	6.08850000E-010	*
1.75350000E-010	-1.60300000E-009	-2.02950000E-006	3.20000000E+000	2.13700000E-010	1.94290000E-009	2.03100000E-006	-2.00000000E+000	1.00000000E+000	4.00000000E+000	3.04500000E-010	3.74990000E-011	2.45090000E-010	*
1.76050000E-010	-1.55050000E-009	-2.04450000E-006	3.30000000E+000	2.12000000E-010	1.91800000E-009	2.03300000E-006	-2.00000000E+000	1.00000000E+000	4.00000000E+000	2.64990000E-010	2.58500000E-010	-4.30200000E-010	*
1.68500000E-010	-1.58350000E-009	-2.02600000E-006	3.40000000E+000	2.16350000E-010	1.85840000E-009	2.01700000E-006	-2.00000000E+000	1.00000000E+000	4.00000000E+000	3.35490000E-010	-4.37990000E-010	-6.82610000E-010	*
1.70250000E-010	-1.52950000E-009	-2.01050000E-006	3.50000000E+000	2.11350000E-010	1.83890000E-009	2.01440000E-006	-2.00000000E+000	1.00000000E+000	4.00000000E+000	3.14490000E-010	-4.24990000E-010	-5.17500000E-010	*
-1.83550000E-010	-1.48000000E-009	-2.02100000E-006	3.60000000E+000	-8.93010000E-011	1.76200000E-009	2.01790000E-006	-2.00000000E+000	1.00000000E+000	4.00000000E+000	3.10490000E-010	-5.17500000E-010	2.36300000E-010	*
2.21150000E-010	-1.49090000E-009	-1.99300000E-006	3.70000000E+000	9.41500000E-011	1.80690000E-009	1.99750000E-006	-2.00000000E+000	1.00000000E+000	4.00000000E+000	-4.90500000E-010	-4.60990000E-010	8.25310000E-010	*
1.97450000E-010	-1.49300000E-009	-2.00500000E-006	3.80000000E+000	1.32900000E-010	1.80190000E-009	1.98500000E-006	-2.00000000E+000	1.00000000E+000	4.00000000E+000	-2.58500000E-010	-4.52990000E-010	7.04260000E-010	*
2.15400000E-010	-1.51850000E-009	-2.00550000E-006	3.90000000E+000	6.09500000E-011	1.81500000E-009	2.00650000E-006	-2.00000000E+000	1.00000000E+000	4.00000000E+000	-6.85990000E-010	-3.22490000E-010	-1.90650000E-010	*
-1.87850000E-010	-1.89550000E-009	-1.96750000E-006	4.00000000E+000	-7.32000000E-011	1.63290000E-009	1.97150000E-006	-2.00000000E+000	1.00000000E+000	4.00000000E+000	3.49490000E-010	5.11990000E-010	-6.19400000E-010	*
2.15450000E-010	-1.86900000E-009	-1.96000000E-006	4.10000000E+000	1.07650000E-010	1.60950000E-009	1.97040000E-006	-2.00000000E+000	1.00000000E+000	4.00000000E+000	-4.94990000E-010	6.80470000E-010	-7.60900000E-010	*
1.95100000E-010	-1.41300000E-009	-1.94190000E-006	4.20000000E+000	1.28850000E-010	1.71500000E-009	1.95000000E-006	-2.00000000E+000	1.00000000E+000	4.00000000E+000	-2.55980000E-010	-4.07500000E-010	-7.95010000E-012	*
2.07050000E-010	-1.41150000E-009	-1.93650000E-006	4.30000000E+000	1.32650000E-010	1.71640000E-009	1.93550000E-006	-2.00000000E+000	1.00000000E+000	4.00000000E+000	-3.58990000E-010	-4.64990000E-010	2.44260000E-010	*
1.72900000E-010	-1.44000000E-009	-1.93050000E-006	4.40000000E+000	2.21300000E-010	1.73050000E-009	1.93800000E-006	-2.00000000E+000	1.00000000E+000	4.00000000E+000	2.58000000E-010	-4.05990000E-010	5.10650000E-010	*
1.71800000E-010	-1.44940000E-009	-1.94190000E-006	4.50000000E+000	2.33240000E-010	1.82440000E-009	1.94650000E-006	-2.00000000E+000	1.00000000E+000	4.00000000E+000	2.39500000E-010	1.82990000E-010	2.52240000E-010	*
1.81950000E-010	-1.43440000E-009	-1.94250000E-006	4.60000000E+000	2.29800000E-010	1.74900000E-009	1.93800000E-006	-2.00000000E+000	1.00000000E+000	4.00000000E+000	1.56000000E-010	-4.06490000E-010	-3.61850000E-010	*
1.92350000E-010	-1.45690000E-009	-1.92290000E-006	4.70000000E+000	1.74750000E-010	1.81500000E-009	1.92250000E-006	-2.00000000E+000	1.00000000E+000	4.00000000E+000	-2.83490000E-010	1.66000000E-010	-7.68240000E-010	*
1.68100000E-010	-1.39040000E-009	-1.91290000E-006	4.80000000E+000	2.79240000E-010	1.68750000E-009	1.90650000E-006	-2.00000000E+000	1.00000000E+000	4.00000000E+000	2.59490000E-010	-3.94990000E-010	-6.86500000E-010	*
1.77750000E-010	-1.40700000E-009	-1.90650000E-006	4.90000000E+000	2.90360000E-010	1.70450000E-009	1.89800000E-006	-2.00000000E+000	1.00000000E+000	4.00000000E+000	1.59000000E-010	-4.93000000E-010	1.01900000E-010	*
1.74050000E-010	-1.39000000E-009	-1.88100000E-006	5.00000000E+000	3.30540000E-010	1.69690000E-009	1.88000000E-006	-2.00000000E+000	1.00000000E+000	4.00000000E+000	1.98990000E-010	-3.37990000E-010	7.50390000E-010	*

TEST RESULTS:  OUTPUT  04/30/2025  16:12:50


