ATTRIBUTES:

Attribute #1:C:\Metrics\ics\projects\6.2600J_S25\transistor_measurement.ics
Attribute #2:Test
Attribute #3:dev1
Attribute #4:PASSED
SETUP:TRANSFER  04/30/2025  16:43:56
DATE:04/30/2025
TIME:16:43:56

CONDITIONS:

ID:	D	
UNIT:	SMU2	
MODE: STEP	
START:	0.5	
STOP:	5	
PNTS:	2	
STEP:	4.5

ID:	G	
UNIT:	SMU4	
MODE: SWEEP	
START:	-2	
STOP:	4	
PNTS:	61	
STEP:	0.1

ID:	S	
UNIT:	SMU1	
MODE: CONST	
VALUE:	0

DATA:  TRANSFER  04/30/2025  16:43:56

IS	IS2	VD	VD2	ID	ID2	VG	IG	IG2	ACCSTRESS
2.11500000E-011	-1.75500000E-011	5.00000000E-001	5.00000000E+000	1.70500000E-011	9.61010000E-011	-2.00000000E+000	-9.34980000E-012	-1.03950000E-010	0.00000000E+000
-3.19000000E-011	5.99990000E-013	5.00000000E-001	5.00000000E+000	-5.09990000E-012	8.33500000E-011	-1.90000000E+000	4.07000000E-011	-5.35500000E-011	*
-3.40490000E-011	-2.01000000E-011	5.00000000E-001	5.00000000E+000	-9.49990000E-012	6.52990000E-011	-1.80000000E+000	4.58000000E-011	-3.80000000E-011	*
-1.04500000E-011	-3.55500000E-011	5.00000000E-001	5.00000000E+000	-1.07000000E-011	4.75500000E-011	-1.70000000E+000	4.61000000E-011	-2.01500000E-011	*
2.34000000E-011	-1.87000000E-011	5.00000000E-001	5.00000000E+000	-1.25000000E-012	3.07010000E-011	-1.60000000E+000	3.19500000E-011	-1.69000000E-011	*
2.25500000E-011	3.45000000E-012	5.00000000E-001	5.00000000E+000	1.12500000E-011	3.84490000E-011	-1.50000000E+000	3.68510000E-011	-8.55000000E-012	*
7.60010000E-012	2.54990000E-011	5.00000000E-001	5.00000000E+000	1.44500000E-011	3.21500000E-011	-1.40000000E+000	3.43490000E-011	-1.39000000E-011	*
-2.55990000E-011	2.84500000E-011	5.00000000E-001	5.00000000E+000	6.00010000E-012	4.53010000E-011	-1.30000000E+000	5.45500000E-011	-1.17000000E-011	*
-3.40490000E-011	1.50000000E-013	5.00000000E-001	5.00000000E+000	-1.20000000E-012	4.37000000E-011	-1.20000000E+000	4.63010000E-011	1.07500000E-011	*
-2.52000000E-011	-2.50500000E-011	5.00000000E-001	5.00000000E+000	-6.60010000E-012	3.58500000E-011	-1.10000000E+000	4.29010000E-011	1.48500000E-011	*
6.99990000E-013	-3.53000000E-011	5.00000000E-001	5.00000000E+000	-1.95000000E-012	1.78500000E-011	-1.00000000E+000	4.38000000E-011	1.70000000E-011	*
2.43500000E-011	-1.75000000E-011	5.00000000E-001	5.00000000E+000	9.69980000E-012	2.11500000E-011	-9.00000000E-001	1.78000000E-011	1.61500000E-011	*
2.73500000E-011	1.51000000E-011	5.00000000E-001	5.00000000E+000	2.26500000E-011	1.44500000E-011	-8.00000000E-001	2.83500000E-011	3.45000000E-012	*
-3.30000000E-012	2.73500000E-011	5.00000000E-001	5.00000000E+000	2.05500000E-011	3.96000000E-011	-7.00000000E-001	2.91500000E-011	3.65000000E-012	*
-2.91500000E-011	2.03500000E-011	5.00000000E-001	5.00000000E+000	1.35000000E-011	4.02010000E-011	-6.00000000E-001	4.42510000E-011	1.16000000E-011	*
-3.18500000E-011	-1.17000000E-011	5.00000000E-001	5.00000000E+000	-2.30000000E-012	4.29010000E-011	-5.00000000E-001	4.87500000E-011	1.69000000E-011	*
-1.82500000E-011	-3.18000000E-011	5.00000000E-001	5.00000000E+000	2.40000000E-012	2.48000000E-011	-4.00000000E-001	2.90000000E-011	1.65000000E-011	*
1.00000000E-011	-2.71990000E-011	5.00000000E-001	5.00000000E+000	8.70010000E-012	1.67000000E-011	-3.00000000E-001	2.67500000E-011	1.84500000E-011	*
2.59500000E-011	-3.15000000E-012	5.00000000E-001	5.00000000E+000	2.03000000E-011	2.42500000E-011	-2.00000000E-001	1.90000000E-011	1.08000000E-011	*
1.98500000E-011	2.32000000E-011	5.00000000E-001	5.00000000E+000	2.66000000E-011	2.86500000E-011	-1.00000000E-001	2.44000000E-011	2.45000000E-012	*
-1.57500000E-011	2.37500000E-011	5.00000000E-001	5.00000000E+000	3.21500000E-011	4.13010000E-011	0.00000000E+000	3.73000000E-011	1.11000000E-011	*
-3.25000000E-011	3.95000000E-012	5.00000000E-001	5.00000000E+000	9.94980000E-012	5.22000000E-011	1.00000000E-001	4.28000000E-011	1.06000000E-011	*
-3.29500000E-011	-2.21000000E-011	5.00000000E-001	5.00000000E+000	2.25000000E-012	3.16490000E-011	2.00000000E-001	4.24000000E-011	1.38000000E-011	*
-9.94980000E-012	-3.66500000E-011	5.00000000E-001	5.00000000E+000	1.08500000E-011	2.74000000E-011	3.00000000E-001	4.14000000E-011	1.25500000E-011	*
1.44000000E-011	-2.61000000E-011	5.00000000E-001	5.00000000E+000	1.50000000E-011	1.88000000E-011	4.00000000E-001	2.61000000E-011	2.12500000E-011	*
1.51000000E-011	4.70000000E-012	5.00000000E-001	5.00000000E+000	3.20510000E-011	2.68000000E-011	5.00000000E-001	3.79500000E-011	1.69000000E-011	*
-1.03000000E-011	1.53000000E-011	5.00000000E-001	5.00000000E+000	1.93500000E-011	3.82500000E-011	6.00000000E-001	4.99500000E-011	9.24990000E-012	*
-4.43010000E-011	4.84990000E-012	5.00000000E-001	5.00000000E+000	1.52500000E-011	4.48000000E-011	7.00000000E-001	6.84500000E-011	2.59500000E-011	*
-6.24000000E-011	-2.98500000E-011	5.00000000E-001	5.00000000E+000	8.45010000E-012	4.35490000E-011	8.00000000E-001	8.05010000E-011	4.24000000E-011	*
-5.36500000E-011	-5.80990000E-011	5.00000000E-001	5.00000000E+000	5.00000000E-012	3.02000000E-011	9.00000000E-001	9.77990000E-011	4.76510000E-011	*
-2.81500000E-011	-7.06000000E-011	5.00000000E-001	5.00000000E+000	6.65000000E-012	2.53000000E-011	1.00000000E+000	8.85020000E-011	8.19010000E-011	*
-2.33000000E-011	-5.76500000E-011	5.00000000E-001	5.00000000E+000	1.66000000E-011	2.14500000E-011	1.10000000E+000	1.05400000E-010	7.97510000E-011	*
-4.22510000E-011	-3.50490000E-011	5.00000000E-001	5.00000000E+000	2.52000000E-011	2.95000000E-011	1.20000000E+000	1.29000000E-010	7.80000000E-011	*
-8.26500000E-011	-3.45000000E-011	5.00000000E-001	5.00000000E+000	1.46500000E-011	4.62490000E-011	1.30000000E+000	1.58350000E-010	9.53520000E-011	*
2.57500000E-011	-6.46490000E-011	5.00000000E-001	5.00000000E+000	2.39000000E-011	4.25490000E-011	1.40000000E+000	-1.21500000E-011	1.06700000E-010	*
2.21000000E-011	-1.04200000E-010	5.00000000E-001	5.00000000E+000	7.64990000E-012	3.63990000E-011	1.50000000E+000	-2.35000000E-012	1.30400000E-010	*
-2.77000000E-011	-1.18750000E-010	5.00000000E-001	5.00000000E+000	-2.05000000E-012	2.18500000E-011	1.60000000E+000	-2.35000000E-012	1.26600000E-010	*
-9.94980000E-012	-2.29500000E-011	5.00000000E-001	5.00000000E+000	2.07490000E-011	3.46000000E-011	1.70000000E+000	-1.52500000E-011	-2.01000000E-011	*
-8.68990000E-011	4.54990000E-012	5.00000000E-001	5.00000000E+000	1.26750000E-010	5.44510000E-011	1.80000000E+000	-8.84980000E-012	-2.59990000E-011	*
-1.11150000E-009	-3.07790000E-010	5.00000000E-001	5.00000000E+000	1.11050000E-009	3.46450000E-010	1.90000000E+000	-5.00000000E-012	-1.03000000E-011	*
-5.18340000E-009	-2.58740000E-009	5.00000000E-001	5.00000000E+000	5.17300000E-009	2.57990000E-009	2.00000000E+000	6.95000000E-012	-1.94500000E-011	*
-1.12900000E-008	-9.68610000E-009	5.00000000E-001	5.00000000E+000	1.11850000E-008	9.71160000E-009	2.10000000E+000	-7.04990000E-012	-2.90000000E-012	*
-1.84900000E-008	-2.09050000E-008	5.00000000E-001	5.00000000E+000	1.85350000E-008	2.08800000E-008	2.20000000E+000	5.96500000E-011	-1.50000000E-013	*
-2.71050000E-008	-3.59110000E-008	5.00000000E-001	5.00000000E+000	2.71200000E-008	3.59250000E-008	2.30000000E+000	4.07990000E-011	-1.76000000E-011	*
-3.64600000E-008	-5.44350000E-008	5.00000000E-001	5.00000000E+000	3.65110000E-008	5.43890000E-008	2.40000000E+000	2.29500000E-011	-1.43000000E-011	*
-4.73390000E-008	-7.66190000E-008	5.00000000E-001	5.00000000E+000	4.70900000E-008	7.65610000E-008	2.50000000E+000	1.50000000E-013	-9.50020000E-013	*
-5.91610000E-008	-1.02730000E-007	5.00000000E-001	5.00000000E+000	5.90300000E-008	1.02690000E-007	2.60000000E+000	1.95500000E-011	-1.22000000E-011	*
-7.26760000E-008	-1.31250000E-007	5.00000000E-001	5.00000000E+000	7.27630000E-008	1.30890000E-007	2.70000000E+000	6.29010000E-011	-1.80000000E-011	*
-8.78240000E-008	-1.65300000E-007	5.00000000E-001	5.00000000E+000	8.72890000E-008	1.65150000E-007	2.80000000E+000	3.92010000E-011	-7.89990000E-012	*
-1.03400000E-007	-2.05200000E-007	5.00000000E-001	5.00000000E+000	1.03570000E-007	2.05090000E-007	2.90000000E+000	1.07850000E-010	-2.22000000E-011	*
-1.18350000E-007	-2.50000000E-007	5.00000000E-001	5.00000000E+000	1.17350000E-007	2.49900000E-007	3.00000000E+000	6.12990000E-011	-1.46500000E-011	*
-1.35900000E-007	-3.00150000E-007	5.00000000E-001	5.00000000E+000	1.35700000E-007	2.99990000E-007	3.10000000E+000	7.58510000E-011	-4.05010000E-012	*
-1.56350000E-007	-3.55550000E-007	5.00000000E-001	5.00000000E+000	1.56200000E-007	3.55390000E-007	3.20000000E+000	6.01010000E-011	-1.63000000E-011	*
-1.77550000E-007	-4.16390000E-007	5.00000000E-001	5.00000000E+000	1.76990000E-007	4.16100000E-007	3.30000000E+000	7.36510000E-011	-2.07490000E-011	*
-2.02050000E-007	-4.82980000E-007	5.00000000E-001	5.00000000E+000	2.01800000E-007	4.82740000E-007	3.40000000E+000	1.10600000E-010	3.90000000E-012	*
-2.27640000E-007	-5.55390000E-007	5.00000000E-001	5.00000000E+000	2.27690000E-007	5.55180000E-007	3.50000000E+000	8.26500000E-011	-9.30010000E-012	*
-2.52390000E-007	-6.33680000E-007	5.00000000E-001	5.00000000E+000	2.52000000E-007	6.33240000E-007	3.60000000E+000	7.37510000E-011	-2.04500000E-011	*
-2.78490000E-007	-7.18050000E-007	5.00000000E-001	5.00000000E+000	2.78190000E-007	7.17490000E-007	3.70000000E+000	7.97510000E-011	-3.50000000E-012	*
-3.06840000E-007	-8.08330000E-007	5.00000000E-001	5.00000000E+000	3.06490000E-007	8.07980000E-007	3.80000000E+000	3.40000000E-011	-6.49990000E-012	*
-3.34490000E-007	-9.04720000E-007	5.00000000E-001	5.00000000E+000	3.34300000E-007	9.04220000E-007	3.90000000E+000	5.85980000E-011	-1.02500000E-011	*
-3.63840000E-007	-1.00710000E-006	5.00000000E-001	5.00000000E+000	3.63290000E-007	1.00660000E-006	4.00000000E+000	3.70000000E-011	-1.25000000E-011	*

TEST RESULTS:  TRANSFER  04/30/2025  16:43:56


SETUP:OUTPUT  04/30/2025  16:44:40
DATE:04/30/2025
TIME:16:44:40

CONDITIONS:

ID:	D	
UNIT:	SMU2	
MODE: SWEEP	
START:	0	
STOP:	5	
PNTS:	51	
STEP:	0.1

ID:	G	
UNIT:	SMU4	
MODE: STEP	
START:	-2	
STOP:	4	
PNTS:	3	
STEP:	3

ID:	S	
UNIT:	SMU1	
MODE: CONST	
VALUE:	0

DATA:  OUTPUT  04/30/2025  16:44:40

IS	IS2	IS3	VD	ID	ID2	ID3	VG	VG2	VG3	IG	IG2	IG3	ACCSTRESS
-2.18000000E-011	-3.42500000E-011	9.77990000E-010	0.00000000E+000	-2.40000000E-012	-1.00000000E-013	-1.03740000E-009	-2.00000000E+000	1.00000000E+000	4.00000000E+000	-2.19500000E-011	-2.44500000E-011	6.55010000E-012	0.00000000E+000
1.54500000E-011	2.74000000E-011	-1.15750000E-007	1.00000000E-001	2.03000000E-011	3.49000000E-011	1.14950000E-007	-2.00000000E+000	1.00000000E+000	4.00000000E+000	-7.60010000E-012	-1.73500000E-011	7.79990000E-012	*
-1.18500000E-011	6.49990000E-012	-2.15900000E-007	2.00000000E-001	1.22000000E-011	3.51510000E-011	2.15900000E-007	-2.00000000E+000	1.00000000E+000	4.00000000E+000	-3.35000000E-012	-1.74500000E-011	-9.30000000E-011	*
-3.17510000E-011	-1.73000000E-011	-3.09550000E-007	3.00000000E-001	-1.35000000E-012	2.77500000E-011	3.09300000E-007	-2.00000000E+000	1.00000000E+000	4.00000000E+000	-1.41500000E-011	-2.70000000E-012	-1.19550000E-010	*
-2.32500000E-011	-3.42000000E-011	-3.92640000E-007	4.00000000E-001	-9.74990000E-012	1.77500000E-011	3.92350000E-007	-2.00000000E+000	1.00000000E+000	4.00000000E+000	4.79990000E-012	-1.27500000E-011	-1.37900000E-010	*
7.79990000E-012	-2.50500000E-011	-4.67950000E-007	5.00000000E-001	2.80000000E-012	1.91500000E-011	4.67890000E-007	-2.00000000E+000	1.00000000E+000	4.00000000E+000	-8.59980000E-012	-5.50000000E-012	-1.75850000E-010	*
3.19990000E-011	6.65000000E-012	-5.32830000E-007	6.00000000E-001	6.10000000E-012	2.61000000E-011	5.33090000E-007	-2.00000000E+000	1.00000000E+000	4.00000000E+000	-1.56500000E-011	-2.74000000E-011	-2.16750000E-010	*
2.99000000E-011	2.59000000E-011	-5.92490000E-007	7.00000000E-001	1.95000000E-011	3.16000000E-011	5.91940000E-007	-2.00000000E+000	1.00000000E+000	4.00000000E+000	-1.64500000E-011	-3.29000000E-011	-2.25550000E-010	*
9.15000000E-012	2.87000000E-011	-6.44240000E-007	8.00000000E-001	2.02000000E-011	3.34510000E-011	6.45000000E-007	-2.00000000E+000	1.00000000E+000	4.00000000E+000	-1.93500000E-011	-2.59000000E-011	-2.14250000E-010	*
-1.39000000E-011	1.61000000E-011	-6.86090000E-007	9.00000000E-001	9.69980000E-012	3.73000000E-011	6.86320000E-007	-2.00000000E+000	1.00000000E+000	4.00000000E+000	1.95000000E-012	-1.82000000E-011	-2.34900000E-010	*
-2.20500000E-011	-2.03500000E-011	-7.27250000E-007	1.00000000E+000	-2.14990000E-012	1.41000000E-011	7.27190000E-007	-2.00000000E+000	1.00000000E+000	4.00000000E+000	-8.30000000E-012	-1.90000000E-012	-2.10150000E-010	*
-2.09000000E-011	-3.15000000E-011	-7.63190000E-007	1.10000000E+000	-8.80000000E-012	1.47000000E-011	7.62430000E-007	-2.00000000E+000	1.00000000E+000	4.00000000E+000	2.30000000E-012	-9.24990000E-012	-1.97750000E-010	*
8.20010000E-012	-2.32500000E-011	-7.94240000E-007	1.20000000E+000	-3.45000000E-012	4.35010000E-012	7.94120000E-007	-2.00000000E+000	1.00000000E+000	4.00000000E+000	-1.11500000E-011	-7.99980000E-012	-2.42350000E-010	*
2.69000000E-011	3.55010000E-012	-8.22120000E-007	1.30000000E+000	7.25000000E-012	7.04990000E-012	8.21570000E-007	-2.00000000E+000	1.00000000E+000	4.00000000E+000	-1.69500000E-011	-1.00000000E-011	-2.32250000E-010	*
3.05990000E-011	2.74500000E-011	-8.45700000E-007	1.40000000E+000	2.05500000E-011	1.39000000E-011	8.44390000E-007	-2.00000000E+000	1.00000000E+000	4.00000000E+000	-1.69000000E-011	-1.81500000E-011	-2.50000000E-010	*
1.23500000E-011	2.88500000E-011	-8.68980000E-007	1.50000000E+000	1.83500000E-011	2.51000000E-011	8.69740000E-007	-2.00000000E+000	1.00000000E+000	4.00000000E+000	-1.44000000E-011	-1.71500000E-011	-2.01150000E-010	*
-1.63500000E-011	6.70000000E-012	-8.89120000E-007	1.60000000E+000	1.52000000E-011	2.45500000E-011	8.89180000E-007	-2.00000000E+000	1.00000000E+000	4.00000000E+000	-1.15000000E-012	-1.44000000E-011	-2.47990000E-010	*
-2.62000000E-011	-2.25000000E-011	-9.11730000E-007	1.70000000E+000	4.60010000E-012	1.71500000E-011	9.11030000E-007	-2.00000000E+000	1.00000000E+000	4.00000000E+000	-6.65000000E-012	-2.10000000E-012	-2.08250000E-010	*
-2.06500000E-011	-3.23490000E-011	-9.29840000E-007	1.80000000E+000	-5.39990000E-012	8.74990000E-012	9.28930000E-007	-2.00000000E+000	1.00000000E+000	4.00000000E+000	-4.99990000E-013	-1.36000000E-011	-1.64900000E-010	*
5.20000000E-012	-2.40500000E-011	-9.45140000E-007	1.90000000E+000	-4.29990000E-012	3.05000000E-012	9.44420000E-007	-2.00000000E+000	1.00000000E+000	4.00000000E+000	-1.05500000E-011	-9.50020000E-013	-2.71400000E-010	*
2.57500000E-011	6.95000000E-012	-9.64210000E-007	2.00000000E+000	8.10020000E-012	8.14990000E-012	9.63860000E-007	-2.00000000E+000	1.00000000E+000	4.00000000E+000	-1.58000000E-011	-1.02000000E-011	-1.61400000E-010	*
3.35000000E-011	2.86000000E-011	-9.78470000E-007	2.10000000E+000	2.29500000E-011	1.49500000E-011	9.77720000E-007	-2.00000000E+000	1.00000000E+000	4.00000000E+000	-1.31000000E-011	-2.44000000E-011	-1.09600000E-010	*
1.53500000E-011	2.87000000E-011	-9.89240000E-007	2.20000000E+000	2.05500000E-011	2.41490000E-011	9.89820000E-007	-2.00000000E+000	1.00000000E+000	4.00000000E+000	-1.58000000E-011	-8.30000000E-012	-1.55350000E-010	*
-1.57500000E-011	2.95000000E-012	-1.00430000E-006	2.30000000E+000	1.11000000E-011	2.65000000E-011	1.00290000E-006	-2.00000000E+000	1.00000000E+000	4.00000000E+000	-4.10010000E-012	-1.48500000E-011	-1.24400000E-010	*
-2.89500000E-011	-2.39500000E-011	-1.01670000E-006	2.40000000E+000	6.50000000E-013	1.01000000E-011	1.01680000E-006	-2.00000000E+000	1.00000000E+000	4.00000000E+000	-5.34990000E-012	-7.99970000E-013	-1.27500000E-011	*
-2.13500000E-011	-2.69000000E-011	-1.02660000E-006	2.50000000E+000	2.14990000E-012	5.25000000E-012	1.02850000E-006	-2.00000000E+000	1.00000000E+000	4.00000000E+000	-4.40000000E-012	5.00000000E-014	-1.34450000E-010	*
3.65000000E-012	-2.37500000E-011	-1.03700000E-006	2.60000000E+000	-4.50000000E-012	2.95000000E-012	1.03650000E-006	-2.00000000E+000	1.00000000E+000	4.00000000E+000	-1.33000000E-011	-3.69990000E-012	-1.24200000E-010	*
2.56500000E-011	6.99990000E-013	-1.04830000E-006	2.70000000E+000	1.25500000E-011	6.15000000E-012	1.04770000E-006	-2.00000000E+000	1.00000000E+000	4.00000000E+000	-2.35500000E-011	-1.33000000E-011	-1.38000000E-010	*
3.25500000E-011	2.53000000E-011	-1.06150000E-006	2.80000000E+000	2.20000000E-011	1.44500000E-011	1.06150000E-006	-2.00000000E+000	1.00000000E+000	4.00000000E+000	-1.68000000E-011	-2.00500000E-011	-1.58400000E-010	*
1.35000000E-011	3.04500000E-011	-1.06950000E-006	2.90000000E+000	1.64000000E-011	2.84000000E-011	1.06950000E-006	-2.00000000E+000	1.00000000E+000	4.00000000E+000	-1.21500000E-011	-1.30500000E-011	-1.36350000E-010	*
-1.58490000E-011	8.30000000E-012	-1.07750000E-006	3.00000000E+000	1.52000000E-011	2.52000000E-011	1.07950000E-006	-2.00000000E+000	1.00000000E+000	4.00000000E+000	-4.24990000E-012	-1.08000000E-011	-7.11500000E-011	*
-2.76500000E-011	-2.25000000E-011	-1.08050000E-006	3.10000000E+000	8.80000000E-012	2.10500000E-011	1.08350000E-006	-2.00000000E+000	1.00000000E+000	4.00000000E+000	-8.24980000E-012	1.55000000E-012	-1.05000000E-010	*
-1.74000000E-011	-3.07010000E-011	-1.08750000E-006	3.20000000E+000	-6.85010000E-012	7.45000000E-012	1.08900000E-006	-2.00000000E+000	1.00000000E+000	4.00000000E+000	-7.35010000E-012	-1.85000000E-012	-4.21490000E-011	*
6.00010000E-012	-2.13000000E-011	-1.09550000E-006	3.30000000E+000	3.95000000E-012	-6.99990000E-013	1.09700000E-006	-2.00000000E+000	1.00000000E+000	4.00000000E+000	-1.64000000E-011	-4.50000000E-012	-1.50200000E-010	*
2.70000000E-011	5.05000000E-012	-1.10200000E-006	3.40000000E+000	1.43500000E-011	1.13500000E-011	1.10250000E-006	-2.00000000E+000	1.00000000E+000	4.00000000E+000	-2.07000000E-011	-9.24990000E-012	-1.77950000E-010	*
3.61510000E-011	3.05000000E-011	-1.10800000E-006	3.50000000E+000	2.40000000E-011	1.44000000E-011	1.10650000E-006	-2.00000000E+000	1.00000000E+000	4.00000000E+000	-1.96000000E-011	-2.00500000E-011	4.10000000E-011	*
1.19500000E-011	2.39500000E-011	-1.11200000E-006	3.60000000E+000	2.37500000E-011	2.65500000E-011	1.11500000E-006	-2.00000000E+000	1.00000000E+000	4.00000000E+000	-1.81500000E-011	-1.48500000E-011	-1.05050000E-010	*
-1.76990000E-011	8.00000000E-013	-1.12000000E-006	3.70000000E+000	1.63000000E-011	2.53000000E-011	1.11900000E-006	-2.00000000E+000	1.00000000E+000	4.00000000E+000	-5.80000000E-012	-9.40000000E-012	-5.39000000E-011	*
-2.72500000E-011	-2.46000000E-011	-1.12100000E-006	3.80000000E+000	1.39000000E-011	1.70000000E-011	1.12600000E-006	-2.00000000E+000	1.00000000E+000	4.00000000E+000	-3.65000000E-012	-4.20000000E-012	-7.66000000E-011	*
-1.85490000E-011	-2.55990000E-011	-1.12550000E-006	3.90000000E+000	-3.80010000E-012	4.95000000E-012	1.12750000E-006	-2.00000000E+000	1.00000000E+000	4.00000000E+000	-1.01000000E-011	-1.05000000E-012	-8.28990000E-011	*
6.15000000E-012	-1.91500000E-011	-1.13100000E-006	4.00000000E+000	5.05000000E-012	5.39990000E-012	1.13000000E-006	-2.00000000E+000	1.00000000E+000	4.00000000E+000	-1.79500000E-011	-4.75000000E-012	-6.21510000E-011	*
2.96490000E-011	4.75000000E-012	-1.13350000E-006	4.10000000E+000	2.03000000E-011	5.50000000E-012	1.13800000E-006	-2.00000000E+000	1.00000000E+000	4.00000000E+000	-3.53990000E-011	-6.00010000E-012	-5.53990000E-011	*
3.42000000E-011	3.11500000E-011	-1.14000000E-006	4.20000000E+000	2.86000000E-011	1.93000000E-011	1.13750000E-006	-2.00000000E+000	1.00000000E+000	4.00000000E+000	-2.16500000E-011	-2.06500000E-011	-5.38010000E-011	*
8.59980000E-012	2.53000000E-011	-1.13700000E-006	4.30000000E+000	2.66990000E-011	2.55500000E-011	1.14250000E-006	-2.00000000E+000	1.00000000E+000	4.00000000E+000	-2.31000000E-011	-1.63500000E-011	-1.49400000E-010	*
-1.93000000E-011	1.90000000E-012	-1.14950000E-006	4.40000000E+000	3.13490000E-011	2.56000000E-011	1.14650000E-006	-2.00000000E+000	1.00000000E+000	4.00000000E+000	-1.48000000E-011	-1.12500000E-011	-6.91500000E-011	*
-2.84500000E-011	-2.44500000E-011	-1.14950000E-006	4.50000000E+000	2.17500000E-011	1.70500000E-011	1.15000000E-006	-2.00000000E+000	1.00000000E+000	4.00000000E+000	-2.33500000E-011	1.45000000E-012	3.10000000E-012	*
-1.57500000E-011	-3.32500000E-011	-1.15200000E-006	4.60000000E+000	2.49000000E-011	2.49990000E-013	1.15450000E-006	-2.00000000E+000	1.00000000E+000	4.00000000E+000	-3.51510000E-011	3.65000000E-012	-2.90500000E-011	*
6.95000000E-012	-1.90500000E-011	-1.15400000E-006	4.70000000E+000	3.87000000E-011	9.65010000E-012	1.15650000E-006	-2.00000000E+000	1.00000000E+000	4.00000000E+000	-4.24500000E-011	-6.30010000E-012	1.63500000E-011	*
3.25500000E-011	1.22000000E-011	-1.15800000E-006	4.80000000E+000	7.02020000E-011	5.34990000E-012	1.16150000E-006	-2.00000000E+000	1.00000000E+000	4.00000000E+000	-7.33990000E-011	-1.53000000E-011	-1.18250000E-010	*
2.97010000E-011	3.13490000E-011	-1.15950000E-006	4.90000000E+000	8.78520000E-011	2.22500000E-011	1.15900000E-006	-2.00000000E+000	1.00000000E+000	4.00000000E+000	-7.58510000E-011	-1.97490000E-011	-1.23750000E-010	*
-5.75010000E-012	2.15500000E-011	-1.16050000E-006	5.00000000E+000	1.13700000E-010	3.04010000E-011	1.16350000E-006	-2.00000000E+000	1.00000000E+000	4.00000000E+000	-9.29000000E-011	-1.63000000E-011	-2.98000000E-011	*

TEST RESULTS:  OUTPUT  04/30/2025  16:44:40


