ATTRIBUTES:

Attribute #1:C:\Metrics\ics\projects\6.2600J_S25\transistor_measurement.ics
Attribute #2:Test
Attribute #3:dev1
Attribute #4:PASSED
SETUP:TRANSFER  04/30/2025  16:29:57
DATE:04/30/2025
TIME:16:29:57

CONDITIONS:

ID:	D	
UNIT:	SMU2	
MODE: STEP	
START:	0.5	
STOP:	5	
PNTS:	2	
STEP:	4.5

ID:	G	
UNIT:	SMU4	
MODE: SWEEP	
START:	-2	
STOP:	4	
PNTS:	61	
STEP:	0.1

ID:	S	
UNIT:	SMU1	
MODE: CONST	
VALUE:	0

DATA:  TRANSFER  04/30/2025  16:29:57

IS	IS2	VD	VD2	ID	ID2	VG	IG	IG2	ACCSTRESS
5.33000000E-011	2.09700000E-010	5.00000000E-001	5.00000000E+000	1.01850000E-010	3.00740000E-010	-2.00000000E+000	-1.81500000E-009	-5.59990000E-010	0.00000000E+000
7.47990000E-011	-3.27510000E-011	5.00000000E-001	5.00000000E+000	1.78600000E-010	-1.00750000E-010	-1.90000000E+000	-4.50010000E-011	1.85000000E-010	*
2.09750000E-010	9.16490000E-011	5.00000000E-001	5.00000000E+000	1.10200000E-010	2.51500000E-010	-1.80000000E+000	-6.50990000E-009	-2.60000000E-010	*
1.86900000E-010	1.38950000E-010	5.00000000E-001	5.00000000E+000	1.28500000E-010	2.44990000E-010	-1.70000000E+000	-3.09000000E-009	-1.23000000E-009	*
1.49600000E-010	5.85490000E-011	5.00000000E-001	5.00000000E+000	2.00100000E-010	2.05300000E-010	-1.60000000E+000	-2.29000000E-009	-6.50010000E-011	*
-4.84010000E-011	-3.63000000E-011	5.00000000E-001	5.00000000E+000	-1.79400000E-010	-1.56600000E-010	-1.50000000E+000	3.20000000E-010	1.60000000E-010	*
-2.06600000E-010	8.58010000E-011	5.00000000E-001	5.00000000E+000	-7.53500000E-011	2.00150000E-010	-1.40000000E+000	8.65020000E-009	-2.05000000E-010	*
-2.01500000E-010	2.29550000E-010	5.00000000E-001	5.00000000E+000	-9.77490000E-011	1.05950000E-010	-1.30000000E+000	6.24500000E-009	-6.80000000E-009	*
2.13750000E-010	2.08300000E-010	5.00000000E-001	5.00000000E+000	1.05750000E-010	1.36800000E-010	-1.20000000E+000	-6.61000000E-009	-5.80510000E-009	*
1.92250000E-010	-2.62000000E-011	5.00000000E-001	5.00000000E+000	1.42050000E-010	-1.69900000E-010	-1.10000000E+000	-3.18000000E-009	6.89990000E-010	*
1.90450000E-010	-1.28950000E-010	5.00000000E-001	5.00000000E+000	1.35550000E-010	-1.87650000E-010	-1.00000000E+000	-2.96990000E-009	1.87500000E-009	*
1.17800000E-010	-3.29990000E-011	5.00000000E-001	5.00000000E+000	1.91100000E-010	-1.77650000E-010	-9.00000000E-001	-1.16000000E-009	3.65010000E-010	*
5.85490000E-011	-1.78200000E-010	5.00000000E-001	5.00000000E+000	1.74350000E-010	-1.00550000E-010	-8.00000000E-001	-1.25000000E-010	6.37510000E-009	*
7.93000000E-011	-1.89450000E-010	5.00000000E-001	5.00000000E+000	1.82250000E-010	-9.02000000E-011	-7.00000000E-001	-6.99990000E-011	6.73500000E-009	*
2.14700000E-010	-1.91300000E-010	5.00000000E-001	5.00000000E+000	1.15850000E-010	-9.11980000E-011	-6.00000000E-001	-6.37010000E-009	6.79510000E-009	*
-1.93650000E-010	-1.77650000E-010	5.00000000E-001	5.00000000E+000	-1.08050000E-010	-1.09050000E-010	-5.00000000E-001	6.29510000E-009	6.10000000E-009	*
-2.01650000E-010	-1.85200000E-010	5.00000000E-001	5.00000000E+000	-9.96500000E-011	-9.92980000E-011	-4.00000000E-001	6.64500000E-009	6.86010000E-009	*
-1.83200000E-010	-1.72000000E-010	5.00000000E-001	5.00000000E+000	-1.23650000E-010	-1.13250000E-010	-3.00000000E-001	5.53000000E-009	6.05000000E-009	*
5.55010000E-011	1.46250000E-010	5.00000000E-001	5.00000000E+000	1.69600000E-010	2.02450000E-010	-2.00000000E-001	2.00000000E-011	-1.23500000E-009	*
6.69010000E-011	7.75490000E-011	5.00000000E-001	5.00000000E+000	1.84550000E-010	1.81100000E-010	-1.00000000E-001	-3.15000000E-010	-1.00000000E-011	*
-5.11500000E-011	-5.39000000E-011	5.00000000E-001	5.00000000E+000	-1.84550000E-010	-1.84300000E-010	0.00000000E+000	3.90000000E-010	1.21000000E-009	*
8.19010000E-011	2.25350000E-010	5.00000000E-001	5.00000000E+000	1.74600000E-010	1.22100000E-010	1.00000000E-001	-4.80010000E-010	-6.44990000E-009	*
1.99850000E-010	8.12010000E-011	5.00000000E-001	5.00000000E+000	1.33300000E-010	1.87700000E-010	2.00000000E-001	-6.16000000E-009	-2.05000000E-010	*
-1.13400000E-010	-3.34510000E-011	5.00000000E-001	5.00000000E+000	-1.77250000E-010	-1.82550000E-010	3.00000000E-001	1.38000000E-009	2.20000000E-010	*
-7.43510000E-011	-2.01000000E-010	5.00000000E-001	5.00000000E+000	-1.63500000E-010	-7.27990000E-011	4.00000000E-001	-3.09990000E-010	6.78010000E-009	*
5.62010000E-011	-5.67950000E-010	5.00000000E-001	5.00000000E+000	2.19500000E-010	2.78200000E-010	5.00000000E-001	-5.44990000E-010	6.36510000E-009	*
2.59500000E-011	-4.31850000E-009	5.00000000E-001	5.00000000E+000	2.26350000E-010	4.24480000E-009	6.00000000E-001	-2.30000000E-010	2.67510000E-009	*
-1.78200000E-010	-2.38700000E-008	5.00000000E-001	5.00000000E+000	-1.24650000E-010	2.41500000E-008	7.00000000E-001	1.39500000E-009	9.70020000E-009	*
-1.49700000E-010	-8.04280000E-008	5.00000000E-001	5.00000000E+000	-1.00100000E-010	8.05410000E-008	8.00000000E-001	1.85000000E-010	2.12000000E-009	*
-3.22640000E-010	-1.88240000E-007	5.00000000E-001	5.00000000E+000	2.20000000E-011	1.87050000E-007	9.00000000E-001	6.34010000E-009	4.32510000E-009	*
2.87500000E-011	-3.57790000E-007	5.00000000E-001	5.00000000E+000	2.99050000E-010	3.57790000E-007	1.00000000E+000	-6.25000000E-009	-3.18500000E-009	*
-1.95850000E-010	-5.97240000E-007	5.00000000E-001	5.00000000E+000	4.37350000E-010	5.95230000E-007	1.10000000E+000	-1.80000000E-010	-4.77010000E-009	*
-4.39340000E-010	-9.03290000E-007	5.00000000E-001	5.00000000E+000	1.74950000E-010	9.01780000E-007	1.20000000E+000	6.00020000E-011	-6.96990000E-009	*
-4.53200000E-010	-1.10000000E-006	5.00000000E-001	5.00000000E+000	6.72940000E-010	1.07600000E-006	1.30000000E+000	-3.75000000E-010	4.14000000E-009	*
-7.92450000E-010	-1.46500000E-006	5.00000000E-001	5.00000000E+000	4.97240000E-010	1.45100000E-006	1.40000000E+000	6.70010000E-010	5.73000000E-009	*
-1.01950000E-009	-1.91350000E-006	5.00000000E-001	5.00000000E+000	6.67200000E-010	1.90350000E-006	1.50000000E+000	2.05500000E-009	-2.26500000E-009	*
-9.78960000E-010	-2.47350000E-006	5.00000000E-001	5.00000000E+000	8.66970000E-010	2.46700000E-006	1.60000000E+000	5.36010000E-009	-7.90990000E-009	*
-1.35050000E-009	-3.13690000E-006	5.00000000E-001	5.00000000E+000	1.60750000E-009	3.13450000E-006	1.70000000E+000	-6.81510000E-009	-3.68500000E-009	*
-2.04500000E-009	-3.92300000E-006	5.00000000E-001	5.00000000E+000	2.28400000E-009	3.91300000E-006	1.80000000E+000	-6.32010000E-009	-6.04500000E-009	*
-3.02540000E-009	-4.80890000E-006	5.00000000E-001	5.00000000E+000	3.23350000E-009	4.79400000E-006	1.90000000E+000	-6.70500000E-009	-1.27000000E-009	*
-4.48880000E-009	-5.78700000E-006	5.00000000E-001	5.00000000E+000	4.65390000E-009	5.76750000E-006	2.00000000E+000	-6.35510000E-009	-2.30500000E-009	*
-6.50080000E-009	-6.82290000E-006	5.00000000E-001	5.00000000E+000	6.59290000E-009	6.77540000E-006	2.10000000E+000	-3.75000000E-010	-2.23500000E-009	*
-9.23730000E-009	-7.96840000E-006	5.00000000E-001	5.00000000E+000	9.28180000E-009	7.92740000E-006	2.20000000E+000	-5.40010000E-010	2.13500000E-009	*
-1.13850000E-008	-9.41570000E-006	5.00000000E-001	5.00000000E+000	1.09200000E-008	9.36210000E-006	2.30000000E+000	-1.04500000E-009	4.75510000E-009	*
-1.73600000E-008	-9.20240000E-006	5.00000000E-001	5.00000000E+000	1.67650000E-008	8.87090000E-006	2.40000000E+000	1.87500000E-009	-4.99980000E-012	*
-2.54200000E-008	-1.01480000E-005	5.00000000E-001	5.00000000E+000	2.48800000E-008	1.01430000E-005	2.50000000E+000	1.63000000E-009	2.57500000E-009	*
-3.80040000E-008	-1.06150000E-005	5.00000000E-001	5.00000000E+000	3.63910000E-008	1.02950000E-005	2.60000000E+000	-9.35020000E-010	-5.10000000E-009	*
-5.60300000E-008	-1.19100000E-005	5.00000000E-001	5.00000000E+000	5.32950000E-008	1.18650000E-005	2.70000000E+000	3.96490000E-009	2.83500000E-009	*
-7.85400000E-008	-1.41300000E-005	5.00000000E-001	5.00000000E+000	7.62590000E-008	1.41150000E-005	2.80000000E+000	7.25010000E-010	3.91990000E-009	*
-1.02100000E-007	-1.65450000E-005	5.00000000E-001	5.00000000E+000	1.00140000E-007	1.65300000E-005	2.90000000E+000	7.36510000E-009	5.59500000E-009	*
-1.36900000E-007	-1.93040000E-005	5.00000000E-001	5.00000000E+000	1.32800000E-007	1.92900000E-005	3.00000000E+000	4.51000000E-009	8.91980000E-009	*
-1.98390000E-007	-2.22850000E-005	5.00000000E-001	5.00000000E+000	1.94090000E-007	2.22740000E-005	3.10000000E+000	4.14500000E-009	-9.00010000E-011	*
-2.80300000E-007	-2.55200000E-005	5.00000000E-001	5.00000000E+000	2.70650000E-007	2.54400000E-005	3.20000000E+000	4.22500000E-009	1.34500000E-009	*
-3.79750000E-007	-2.90900000E-005	5.00000000E-001	5.00000000E+000	3.70940000E-007	2.90500000E-005	3.30000000E+000	4.45490000E-009	2.52500000E-009	*
-5.43750000E-007	-3.28700000E-005	5.00000000E-001	5.00000000E+000	5.27450000E-007	3.28440000E-005	3.40000000E+000	5.06500000E-009	8.09500000E-009	*
-7.42150000E-007	-3.70000000E-005	5.00000000E-001	5.00000000E+000	7.21830000E-007	3.68450000E-005	3.50000000E+000	4.55000000E-009	9.48010000E-009	*
-9.84060000E-007	-4.14790000E-005	5.00000000E-001	5.00000000E+000	9.60310000E-007	4.12890000E-005	3.60000000E+000	6.33510000E-009	8.46510000E-009	*
-1.02700000E-006	-4.62200000E-005	5.00000000E-001	5.00000000E+000	1.02000000E-006	4.61250000E-005	3.70000000E+000	3.46490000E-009	5.06000000E-009	*
-1.39550000E-006	-5.10790000E-005	5.00000000E-001	5.00000000E+000	1.38450000E-006	5.09690000E-005	3.80000000E+000	4.99990000E-010	5.60500000E-009	*
-1.85550000E-006	-5.63950000E-005	5.00000000E-001	5.00000000E+000	1.84500000E-006	5.62350000E-005	3.90000000E+000	-2.74990000E-010	6.05010000E-010	*
-2.47740000E-006	-6.22010000E-005	5.00000000E-001	5.00000000E+000	2.45650000E-006	6.19740000E-005	4.00000000E+000	8.50010000E-010	5.15000000E-010	*

TEST RESULTS:  TRANSFER  04/30/2025  16:29:57


SETUP:OUTPUT  04/30/2025  16:30:27
DATE:04/30/2025
TIME:16:30:27

CONDITIONS:

ID:	D	
UNIT:	SMU2	
MODE: SWEEP	
START:	0	
STOP:	5	
PNTS:	51	
STEP:	0.1

ID:	G	
UNIT:	SMU4	
MODE: STEP	
START:	-2	
STOP:	4	
PNTS:	3	
STEP:	3

ID:	S	
UNIT:	SMU1	
MODE: CONST	
VALUE:	0

DATA:  OUTPUT  04/30/2025  16:30:27

IS	IS2	IS3	VD	ID	ID2	ID3	VG	VG2	VG3	IG	IG2	IG3	ACCSTRESS
1.98550000E-010	1.41500000E-010	2.78650000E-009	0.00000000E+000	1.86600000E-010	1.48150000E-010	-1.03600000E-009	-2.00000000E+000	1.00000000E+000	4.00000000E+000	4.83010000E-009	-2.09000000E-009	-1.50000000E-010	0.00000000E+000
4.19510000E-011	-1.01150000E-010	-8.09490000E-008	1.00000000E-001	1.76200000E-010	4.55000000E-010	6.96020000E-008	-2.00000000E+000	1.00000000E+000	4.00000000E+000	-5.20000000E-010	-6.64000000E-009	2.57500000E-009	*
1.27900000E-010	-6.32500000E-010	-1.40300000E-007	2.00000000E-001	1.97150000E-010	4.57940000E-010	1.40150000E-007	-2.00000000E+000	1.00000000E+000	4.00000000E+000	-1.09500000E-009	4.10000000E-010	-8.54510000E-009	*
7.02020000E-011	-1.24650000E-009	-2.54340000E-007	3.00000000E-001	1.77400000E-010	9.33480000E-010	2.53390000E-007	-2.00000000E+000	1.00000000E+000	4.00000000E+000	-1.00000000E-010	4.45990000E-009	9.45020000E-010	*
-7.42480000E-011	-1.80850000E-009	-4.06350000E-007	4.00000000E-001	-1.84250000E-010	1.51600000E-009	4.04240000E-007	-2.00000000E+000	1.00000000E+000	4.00000000E+000	3.39990000E-010	8.66520000E-009	6.61500000E-009	*
-2.09850000E-010	-2.17890000E-009	-5.95640000E-007	5.00000000E-001	-9.28500000E-011	2.45700000E-009	5.92090000E-007	-2.00000000E+000	1.00000000E+000	4.00000000E+000	6.85010000E-009	-2.90000000E-010	1.66500000E-009	*
-2.10300000E-010	-2.88490000E-009	-8.00640000E-007	6.00000000E-001	-8.82990000E-011	3.17040000E-009	7.98370000E-007	-2.00000000E+000	1.00000000E+000	4.00000000E+000	6.62000000E-009	-1.04500000E-009	-2.59000000E-009	*
-1.93350000E-010	-4.09680000E-009	-1.05020000E-006	7.00000000E-001	-1.14700000E-010	3.83600000E-009	1.05450000E-006	-2.00000000E+000	1.00000000E+000	4.00000000E+000	6.68000000E-009	6.90010000E-009	-8.60010000E-010	*
-2.05850000E-010	-5.05540000E-009	-1.32000000E-006	8.00000000E-001	-1.01250000E-010	4.77730000E-009	1.32600000E-006	-2.00000000E+000	1.00000000E+000	4.00000000E+000	6.59000000E-009	6.91490000E-009	-2.94490000E-009	*
-1.88850000E-010	-6.28850000E-009	-1.62850000E-006	9.00000000E-001	-1.26250000E-010	6.00180000E-009	1.63300000E-006	-2.00000000E+000	1.00000000E+000	4.00000000E+000	6.01500000E-009	6.24500000E-009	-6.46490000E-009	*
1.19450000E-010	-7.40490000E-009	-1.96890000E-006	1.00000000E+000	1.95350000E-010	7.70790000E-009	1.97740000E-006	-2.00000000E+000	1.00000000E+000	4.00000000E+000	-1.46500000E-009	-2.44990000E-010	-7.15010000E-010	*
6.73490000E-011	-9.00950000E-009	-2.31700000E-006	1.10000000E+000	1.95450000E-010	9.37640000E-009	2.30090000E-006	-2.00000000E+000	1.00000000E+000	4.00000000E+000	-3.00010000E-011	-1.50000000E-009	4.90990000E-009	*
-5.77490000E-011	-1.03950000E-008	-2.72600000E-006	1.20000000E+000	-1.88650000E-010	1.00600000E-008	2.70200000E-006	-2.00000000E+000	1.00000000E+000	4.00000000E+000	3.35010000E-010	1.57000000E-009	1.89500000E-009	*
8.21000000E-011	-1.23400000E-008	-3.06850000E-006	1.30000000E+000	1.86150000E-010	1.27900000E-008	3.07240000E-006	-2.00000000E+000	1.00000000E+000	4.00000000E+000	-2.25000000E-010	1.42000000E-009	-6.00010000E-010	*
2.18100000E-010	-1.31950000E-008	-3.41450000E-006	1.40000000E+000	1.21650000E-010	1.36250000E-008	3.41450000E-006	-2.00000000E+000	1.00000000E+000	4.00000000E+000	-6.72500000E-009	-6.88510000E-009	5.43990000E-009	*
1.93300000E-010	-1.51700000E-008	-3.81250000E-006	1.50000000E+000	1.39300000E-010	1.48350000E-008	3.79940000E-006	-2.00000000E+000	1.00000000E+000	4.00000000E+000	-3.18000000E-009	-2.00500000E-009	2.69990000E-009	*
1.48700000E-010	-1.70300000E-008	-4.16090000E-006	1.60000000E+000	2.06800000E-010	1.69600000E-008	4.16700000E-006	-2.00000000E+000	1.00000000E+000	4.00000000E+000	-2.08000000E-009	-1.58500000E-009	4.17000000E-009	*
-1.22300000E-010	-1.98000000E-008	-4.57960000E-006	1.70000000E+000	-1.99250000E-010	1.93600000E-008	4.56600000E-006	-2.00000000E+000	1.00000000E+000	4.00000000E+000	1.04500000E-009	2.17990000E-009	-9.89990000E-010	*
-6.93990000E-011	-2.15350000E-008	-4.97960000E-006	1.80000000E+000	-1.87350000E-010	2.13550000E-008	4.98580000E-006	-2.00000000E+000	1.00000000E+000	4.00000000E+000	3.60000000E-010	-2.42000000E-009	-1.18500000E-009	*
-2.06500000E-010	-2.41950000E-008	-5.35880000E-006	1.90000000E+000	-9.28500000E-011	2.47200000E-008	5.37140000E-006	-2.00000000E+000	1.00000000E+000	4.00000000E+000	6.84510000E-009	2.55500000E-009	-5.75000000E-010	*
-1.97900000E-010	-2.64850000E-008	-5.74090000E-006	2.00000000E+000	-1.15850000E-010	2.59800000E-008	5.71130000E-006	-2.00000000E+000	1.00000000E+000	4.00000000E+000	6.33010000E-009	-1.54000000E-009	3.78010000E-009	*
9.33510000E-011	-3.10700000E-008	-6.15260000E-006	2.10000000E+000	1.87750000E-010	3.08190000E-008	6.12480000E-006	-2.00000000E+000	1.00000000E+000	4.00000000E+000	-5.30010000E-010	2.45990000E-009	-5.45990000E-009	*
1.26600000E-010	-3.30090000E-008	-6.59540000E-006	2.20000000E+000	2.02100000E-010	3.36750000E-008	6.62400000E-006	-2.00000000E+000	1.00000000E+000	4.00000000E+000	-1.37500000E-009	-2.44490000E-009	2.34500000E-009	*
6.90010000E-011	-3.74060000E-008	-7.01890000E-006	2.30000000E+000	1.88750000E-010	3.87700000E-008	7.03850000E-006	-2.00000000E+000	1.00000000E+000	4.00000000E+000	-2.50000000E-010	-1.55000000E-009	-2.47500000E-009	*
-5.35500000E-011	-4.12290000E-008	-7.44900000E-006	2.40000000E+000	-1.88150000E-010	4.07000000E-008	7.44850000E-006	-2.00000000E+000	1.00000000E+000	4.00000000E+000	7.20010000E-010	1.65000000E-009	2.43990000E-009	*
8.23480000E-011	-4.42910000E-008	-7.83240000E-006	2.50000000E+000	1.91150000E-010	4.59000000E-008	7.86180000E-006	-2.00000000E+000	1.00000000E+000	4.00000000E+000	-1.99990000E-011	-2.49000000E-009	9.84980000E-010	*
2.20100000E-010	-5.21300000E-008	-8.24310000E-006	2.60000000E+000	1.06400000E-010	5.22390000E-008	8.22730000E-006	-2.00000000E+000	1.00000000E+000	4.00000000E+000	-6.98490000E-009	3.39000000E-009	3.35010000E-010	*
1.93350000E-010	-5.37550000E-008	-8.64080000E-006	2.70000000E+000	1.39150000E-010	5.41890000E-008	8.63340000E-006	-2.00000000E+000	1.00000000E+000	4.00000000E+000	-4.54000000E-009	3.96990000E-009	-8.40000000E-010	*
1.61150000E-010	-5.75140000E-008	-9.03380000E-006	2.80000000E+000	2.13900000E-010	5.71940000E-008	9.04360000E-006	-2.00000000E+000	1.00000000E+000	4.00000000E+000	-2.48500000E-009	6.59000000E-009	-1.07000000E-009	*
2.09950000E-010	-6.29840000E-008	-9.46320000E-006	2.90000000E+000	1.23900000E-010	6.40540000E-008	9.52090000E-006	-2.00000000E+000	1.00000000E+000	4.00000000E+000	-6.50490000E-009	-5.68500000E-009	2.14000000E-009	*
2.16400000E-010	-6.92340000E-008	-9.94420000E-006	3.00000000E+000	1.17750000E-010	6.76300000E-008	9.95400000E-006	-2.00000000E+000	1.00000000E+000	4.00000000E+000	-6.69000000E-009	2.55500000E-009	2.16500000E-009	*
-2.19000000E-010	-7.42040000E-008	-1.02560000E-005	3.10000000E+000	-7.57510000E-011	7.47890000E-008	1.02210000E-005	-2.00000000E+000	1.00000000E+000	4.00000000E+000	8.23000000E-009	-2.50000000E-009	2.09000000E-009	*
7.57020000E-011	-7.82160000E-008	-1.04430000E-005	3.20000000E+000	1.93600000E-010	7.83550000E-008	1.04900000E-005	-2.00000000E+000	1.00000000E+000	4.00000000E+000	-1.80000000E-010	2.19490000E-009	6.67500000E-009	*
2.13200000E-010	-8.38190000E-008	-1.12100000E-005	3.30000000E+000	1.26200000E-010	8.31600000E-008	1.11650000E-005	-2.00000000E+000	1.00000000E+000	4.00000000E+000	-6.56000000E-009	-2.55000000E-009	5.02000000E-009	*
6.58990000E-011	-8.86790000E-008	-1.16400000E-005	3.40000000E+000	1.94100000E-010	8.73800000E-008	1.16150000E-005	-2.00000000E+000	1.00000000E+000	4.00000000E+000	2.00000000E-011	-3.45000000E-009	4.40000000E-010	*
-5.08500000E-011	-9.56610000E-008	-1.19450000E-005	3.50000000E+000	-1.81750000E-010	9.60460000E-008	1.19800000E-005	-2.00000000E+000	1.00000000E+000	4.00000000E+000	8.49990000E-011	2.43990000E-009	-3.98990000E-009	*
-1.85700000E-010	-1.07200000E-007	-1.22900000E-005	3.60000000E+000	-1.81100000E-010	1.05850000E-007	1.23050000E-005	-2.00000000E+000	1.00000000E+000	4.00000000E+000	2.57000000E-009	3.80010000E-009	4.40000000E-010	*
-2.06400000E-010	-1.11700000E-007	-1.26250000E-005	3.70000000E+000	-9.98490000E-011	1.13050000E-007	1.26050000E-005	-2.00000000E+000	1.00000000E+000	4.00000000E+000	6.50990000E-009	-2.38000000E-009	-6.55010000E-010	*
2.22150000E-010	-1.19700000E-007	-1.30800000E-005	3.80000000E+000	1.21850000E-010	1.19400000E-007	1.30800000E-005	-2.00000000E+000	1.00000000E+000	4.00000000E+000	-6.70000000E-009	-6.98990000E-009	-1.25000000E-009	*
2.10500000E-010	-1.28700000E-007	-1.34350000E-005	3.90000000E+000	1.34500000E-010	1.28750000E-007	1.34300000E-005	-2.00000000E+000	1.00000000E+000	4.00000000E+000	-6.69500000E-009	6.34010000E-009	2.63500000E-009	*
2.15050000E-010	-1.35850000E-007	-1.36800000E-005	4.00000000E+000	1.28150000E-010	1.35300000E-007	1.37000000E-005	-2.00000000E+000	1.00000000E+000	4.00000000E+000	-6.68500000E-009	-1.19500000E-009	-2.57500000E-009	*
-2.05050000E-010	-1.46250000E-007	-1.40700000E-005	4.10000000E+000	-9.94010000E-011	1.45340000E-007	1.41750000E-005	-2.00000000E+000	1.00000000E+000	4.00000000E+000	6.41990000E-009	1.66500000E-009	-2.82000000E-009	*
2.21800000E-010	-1.57500000E-007	-1.46200000E-005	4.20000000E+000	1.29600000E-010	1.55650000E-007	1.45900000E-005	-2.00000000E+000	1.00000000E+000	4.00000000E+000	-6.94490000E-009	-2.47500000E-009	7.10000000E-010	*
1.97150000E-010	-1.62250000E-007	-1.48450000E-005	4.30000000E+000	1.53250000E-010	1.64650000E-007	1.49500000E-005	-2.00000000E+000	1.00000000E+000	4.00000000E+000	-4.32010000E-009	-1.30500000E-009	-9.45020000E-010	*
1.43300000E-010	-1.67650000E-007	-1.52500000E-005	4.40000000E+000	2.29050000E-010	1.69540000E-007	1.52800000E-005	-2.00000000E+000	1.00000000E+000	4.00000000E+000	-1.83000000E-009	-1.41000000E-009	1.04000000E-009	*
-5.38010000E-011	-1.81800000E-007	-1.55950000E-005	4.50000000E+000	-1.56200000E-010	1.82790000E-007	1.55890000E-005	-2.00000000E+000	1.00000000E+000	4.00000000E+000	6.79990000E-010	1.76500000E-009	-2.05500000E-009	*
7.73990000E-011	-1.88050000E-007	-1.58900000E-005	4.60000000E+000	2.29250000E-010	1.89600000E-007	1.58550000E-005	-2.00000000E+000	1.00000000E+000	4.00000000E+000	-1.00000000E-010	-2.15000000E-009	-2.60500000E-009	*
2.25450000E-010	-1.97400000E-007	-1.62540000E-005	4.70000000E+000	1.31300000E-010	1.92250000E-007	1.62100000E-005	-2.00000000E+000	1.00000000E+000	4.00000000E+000	-9.03990000E-009	-2.30500000E-009	2.68500000E-009	*
2.06500000E-010	-2.01940000E-007	-1.64950000E-005	4.80000000E+000	1.91300000E-010	2.01600000E-007	1.65700000E-005	-2.00000000E+000	1.00000000E+000	4.00000000E+000	-6.77500000E-009	-1.52000000E-009	-2.26000000E-009	*
2.18750000E-010	-2.05390000E-007	-1.69100000E-005	4.90000000E+000	2.05150000E-010	2.04990000E-007	1.68200000E-005	-2.00000000E+000	1.00000000E+000	4.00000000E+000	-6.81510000E-009	5.77010000E-009	2.35500000E-009	*
-1.96500000E-010	-2.12440000E-007	-1.73300000E-005	5.00000000E+000	5.94990000E-012	2.14600000E-007	1.72900000E-005	-2.00000000E+000	1.00000000E+000	4.00000000E+000	6.52500000E-009	-2.33000000E-009	2.72490000E-009	*

TEST RESULTS:  OUTPUT  04/30/2025  16:30:27


