ATTRIBUTES:

Attribute #1:C:\Metrics\ics\projects\6.2600J_S25\transistor_measurement.ics
Attribute #2:Test
Attribute #3:dev1
Attribute #4:PASSED
SETUP:TRANSFER  04/30/2025  16:26:16
DATE:04/30/2025
TIME:16:26:16

CONDITIONS:

ID:	D	
UNIT:	SMU2	
MODE: STEP	
START:	0.5	
STOP:	5	
PNTS:	2	
STEP:	4.5

ID:	G	
UNIT:	SMU4	
MODE: SWEEP	
START:	-2	
STOP:	4	
PNTS:	61	
STEP:	0.1

ID:	S	
UNIT:	SMU1	
MODE: CONST	
VALUE:	0

DATA:  TRANSFER  04/30/2025  16:26:16

IS	IS2	VD	VD2	ID	ID2	VG	IG	IG2	ACCSTRESS
1.90800000E-010	1.83450000E-010	5.00000000E-001	5.00000000E+000	1.47100000E-010	2.63450000E-010	-2.00000000E+000	5.55000000E-009	1.66000000E-009	0.00000000E+000
-2.46490000E-011	5.31510000E-011	5.00000000E-001	5.00000000E+000	-1.52050000E-010	2.27100000E-010	-1.90000000E+000	1.65000000E-010	-5.15000000E-010	*
-4.94010000E-011	6.31500000E-011	5.00000000E-001	5.00000000E+000	-1.59050000E-010	2.16150000E-010	-1.80000000E+000	-3.50000000E-011	-2.85000000E-010	*
-1.71300000E-010	-2.95000000E-011	5.00000000E-001	5.00000000E+000	-9.33510000E-011	-1.10400000E-010	-1.70000000E+000	6.03490000E-009	-4.25000000E-010	*
-1.54800000E-010	2.02200000E-010	5.00000000E-001	5.00000000E+000	-9.78490000E-011	1.27800000E-010	-1.60000000E+000	5.80010000E-009	-5.89990000E-009	*
-1.70950000E-010	1.77000000E-010	5.00000000E-001	5.00000000E+000	-9.30490000E-011	1.45100000E-010	-1.50000000E+000	5.66000000E-009	-2.81500000E-009	*
1.92500000E-010	2.03600000E-010	5.00000000E-001	5.00000000E+000	9.57990000E-011	1.13800000E-010	-1.40000000E+000	-5.80010000E-009	-5.85010000E-009	*
1.72600000E-010	1.84200000E-010	5.00000000E-001	5.00000000E+000	1.23150000E-010	1.24050000E-010	-1.30000000E+000	-2.90000000E-009	-6.10500000E-009	*
1.15150000E-010	1.98350000E-010	5.00000000E-001	5.00000000E+000	1.68000000E-010	1.10050000E-010	-1.20000000E+000	-1.04000000E-009	-5.71000000E-009	*
6.59490000E-011	6.70500000E-011	5.00000000E-001	5.00000000E+000	1.59150000E-010	1.60800000E-010	-1.10000000E+000	-2.85000000E-010	1.10000000E-010	*
-4.19510000E-011	1.91150000E-010	5.00000000E-001	5.00000000E+000	-1.60050000E-010	1.19150000E-010	-1.00000000E+000	6.55010000E-010	-4.74010000E-009	*
5.60490000E-011	-6.63500000E-011	5.00000000E-001	5.00000000E+000	1.55350000E-010	-1.58850000E-010	-9.00000000E-001	-1.35000000E-010	1.89000000E-009	*
-4.11000000E-011	-2.10000000E-011	5.00000000E-001	5.00000000E+000	-1.56500000E-010	-1.52750000E-010	-8.00000000E-001	-9.00010000E-011	2.65000000E-010	*
1.92200000E-010	8.20000000E-011	5.00000000E-001	5.00000000E+000	9.33510000E-011	1.62150000E-010	-7.00000000E-001	-5.64000000E-009	-3.25000000E-010	*
-1.65000000E-010	-2.82500000E-011	5.00000000E-001	5.00000000E+000	-9.51490000E-011	-1.49150000E-010	-6.00000000E-001	5.73000000E-009	3.20000000E-010	*
1.91950000E-010	9.10990000E-011	5.00000000E-001	5.00000000E+000	1.01000000E-010	1.57600000E-010	-5.00000000E-001	-5.50490000E-009	-7.80000000E-010	*
-1.61350000E-010	2.05600000E-010	5.00000000E-001	5.00000000E+000	-9.57990000E-011	1.08150000E-010	-4.00000000E-001	5.89490000E-009	-5.73500000E-009	*
1.90500000E-010	-1.53450000E-010	5.00000000E-001	5.00000000E+000	1.02850000E-010	-9.45980000E-011	-3.00000000E-001	-5.79510000E-009	5.75500000E-009	*
1.83000000E-010	1.95800000E-010	5.00000000E-001	5.00000000E+000	1.03700000E-010	1.04200000E-010	-2.00000000E-001	-5.87010000E-009	-5.85010000E-009	*
6.75020000E-011	7.06490000E-011	5.00000000E-001	5.00000000E+000	1.57100000E-010	1.56350000E-010	-1.00000000E-001	-2.05000000E-010	6.00020000E-011	*
1.77750000E-010	-1.28500000E-011	5.00000000E-001	5.00000000E+000	1.04400000E-010	-1.51700000E-010	0.00000000E+000	-5.67500000E-009	3.65010000E-010	*
5.90500000E-011	-1.14600000E-010	5.00000000E-001	5.00000000E+000	1.74300000E-010	-1.69950000E-010	1.00000000E-001	-2.70010000E-010	1.90500000E-009	*
1.59850000E-010	-1.44700000E-010	5.00000000E-001	5.00000000E+000	1.25600000E-010	-4.85000000E-011	2.00000000E-001	-5.51490000E-009	4.64990000E-010	*
-2.03950000E-010	-1.82850000E-009	5.00000000E-001	5.00000000E+000	-5.20510000E-011	1.81500000E-009	3.00000000E-001	5.76000000E-009	3.13500000E-009	*
-2.40900000E-010	-1.59150000E-008	5.00000000E-001	5.00000000E+000	-1.32500000E-011	1.64500000E-008	4.00000000E-001	5.73500000E-009	3.82510000E-009	*
-2.65150000E-010	-7.45970000E-008	5.00000000E-001	5.00000000E+000	-3.05000000E-012	7.45850000E-008	5.00000000E-001	5.81510000E-009	-2.08500000E-009	*
-3.25100000E-010	-1.83940000E-007	5.00000000E-001	5.00000000E+000	5.95500000E-011	1.79550000E-007	6.00000000E-001	5.93490000E-009	3.46990000E-009	*
-3.72550000E-010	-3.33300000E-007	5.00000000E-001	5.00000000E+000	9.69500000E-011	3.31640000E-007	7.00000000E-001	4.36990000E-009	2.08500000E-009	*
-4.67990000E-010	-5.32890000E-007	5.00000000E-001	5.00000000E+000	1.93050000E-010	5.30330000E-007	8.00000000E-001	3.91990000E-009	-1.91500000E-009	*
-5.97650000E-010	-7.83240000E-007	5.00000000E-001	5.00000000E+000	3.11700000E-010	7.76020000E-007	9.00000000E-001	5.38990000E-009	-2.03000000E-009	*
-5.74260000E-010	-7.45580000E-007	5.00000000E-001	5.00000000E+000	7.36430000E-010	6.95000000E-007	1.00000000E+000	-3.50000000E-011	1.21500000E-009	*
-6.89510000E-010	-9.24340000E-007	5.00000000E-001	5.00000000E+000	9.39620000E-010	9.18280000E-007	1.10000000E+000	-5.75500000E-009	9.89990000E-010	*
-6.34090000E-010	-1.04050000E-006	5.00000000E-001	5.00000000E+000	7.85460000E-010	9.58620000E-007	1.20000000E+000	-1.65000000E-010	-5.53000000E-009	*
-8.69450000E-010	-1.22100000E-006	5.00000000E-001	5.00000000E+000	1.04550000E-009	1.20600000E-006	1.30000000E+000	-3.75000000E-010	-1.17000000E-009	*
-1.40490000E-009	-1.72900000E-006	5.00000000E-001	5.00000000E+000	1.27350000E-009	1.73750000E-006	1.40000000E+000	1.89000000E-009	1.35000000E-009	*
-1.87840000E-009	-2.34490000E-006	5.00000000E-001	5.00000000E+000	2.03940000E-009	2.32350000E-006	1.50000000E+000	-1.47500000E-009	-9.05010000E-010	*
-2.86300000E-009	-3.07000000E-006	5.00000000E-001	5.00000000E+000	2.94390000E-009	3.06450000E-006	1.60000000E+000	-2.65000000E-010	7.36510000E-009	*
-3.98990000E-009	-3.96400000E-006	5.00000000E-001	5.00000000E+000	4.09680000E-009	3.91950000E-006	1.70000000E+000	-5.87510000E-009	4.01500000E-009	*
-5.74730000E-009	-5.10900000E-006	5.00000000E-001	5.00000000E+000	5.77690000E-009	5.05500000E-006	1.80000000E+000	-3.74510000E-009	2.61000000E-009	*
-8.24090000E-009	-6.47250000E-006	5.00000000E-001	5.00000000E+000	8.19230000E-009	6.40750000E-006	1.90000000E+000	-5.49490000E-009	2.30000000E-009	*
-1.08000000E-008	-7.97490000E-006	5.00000000E-001	5.00000000E+000	1.02270000E-008	7.88510000E-006	2.00000000E+000	6.08500000E-009	-2.35000000E-009	*
-1.45800000E-008	-9.68950000E-006	5.00000000E-001	5.00000000E+000	1.38550000E-008	9.57120000E-006	2.10000000E+000	9.74980000E-010	1.47500000E-009	*
-2.18950000E-008	-8.47270000E-006	5.00000000E-001	5.00000000E+000	2.08300000E-008	7.98240000E-006	2.20000000E+000	-6.89990000E-010	-2.00000000E-009	*
-3.24940000E-008	-9.37380000E-006	5.00000000E-001	5.00000000E+000	3.06350000E-008	9.26950000E-006	2.30000000E+000	1.30000000E-010	1.93990000E-009	*
-4.61700000E-008	-9.63500000E-006	5.00000000E-001	5.00000000E+000	4.41700000E-008	9.08510000E-006	2.40000000E+000	-4.48000000E-009	4.59500000E-009	*
-6.89650000E-008	-9.28200000E-006	5.00000000E-001	5.00000000E+000	6.52430000E-008	8.93890000E-006	2.50000000E+000	3.12500000E-009	-1.77000000E-009	*
-1.01220000E-007	-9.44920000E-006	5.00000000E-001	5.00000000E+000	9.55150000E-008	9.20520000E-006	2.60000000E+000	5.22500000E-009	-7.55000000E-010	*
-1.24500000E-007	-9.97590000E-006	5.00000000E-001	5.00000000E+000	1.19750000E-007	9.69880000E-006	2.70000000E+000	2.55000000E-009	-1.87500000E-009	*
-1.81990000E-007	-1.08150000E-005	5.00000000E-001	5.00000000E+000	1.74400000E-007	1.05200000E-005	2.80000000E+000	5.18000000E-009	3.65500000E-009	*
-2.59040000E-007	-1.30700000E-005	5.00000000E-001	5.00000000E+000	2.50390000E-007	1.30450000E-005	2.90000000E+000	3.61500000E-009	2.92500000E-009	*
-3.51240000E-007	-1.67750000E-005	5.00000000E-001	5.00000000E+000	3.45840000E-007	1.67050000E-005	3.00000000E+000	4.25010000E-009	-3.25000000E-010	*
-5.07740000E-007	-2.10100000E-005	5.00000000E-001	5.00000000E+000	4.95900000E-007	2.09040000E-005	3.10000000E+000	4.24510000E-009	1.85000000E-009	*
-7.16800000E-007	-2.55840000E-005	5.00000000E-001	5.00000000E+000	7.03580000E-007	2.54700000E-005	3.20000000E+000	4.06500000E-009	1.15000000E-009	*
-1.00400000E-006	-3.11450000E-005	5.00000000E-001	5.00000000E+000	9.84760000E-007	3.09790000E-005	3.30000000E+000	3.84490000E-009	2.11000000E-009	*
-1.08350000E-006	-3.73800000E-005	5.00000000E-001	5.00000000E+000	1.08150000E-006	3.71650000E-005	3.40000000E+000	-2.70990000E-009	2.01000000E-009	*
-1.51800000E-006	-4.40090000E-005	5.00000000E-001	5.00000000E+000	1.50850000E-006	4.38340000E-005	3.50000000E+000	3.80000000E-010	4.60000000E-010	*
-2.08900000E-006	-5.15640000E-005	5.00000000E-001	5.00000000E+000	2.06500000E-006	5.13400000E-005	3.60000000E+000	-6.65010000E-010	-1.45500000E-009	*
-2.70940000E-006	-5.93050000E-005	5.00000000E-001	5.00000000E+000	2.67350000E-006	5.90090000E-005	3.70000000E+000	4.00010000E-010	2.31000000E-009	*
-3.65740000E-006	-6.70920000E-005	5.00000000E-001	5.00000000E+000	3.61250000E-006	6.67800000E-005	3.80000000E+000	9.69970000E-010	-1.33000000E-009	*
-4.77090000E-006	-7.60180000E-005	5.00000000E-001	5.00000000E+000	4.70390000E-006	7.55790000E-005	3.90000000E+000	-6.95000000E-010	7.30010000E-010	*
-6.09390000E-006	-8.39230000E-005	5.00000000E-001	5.00000000E+000	6.01980000E-006	8.34200000E-005	4.00000000E+000	8.50010000E-010	-1.90500000E-009	*

TEST RESULTS:  TRANSFER  04/30/2025  16:26:16


SETUP:OUTPUT  04/30/2025  16:26:49
DATE:04/30/2025
TIME:16:26:49

CONDITIONS:

ID:	D	
UNIT:	SMU2	
MODE: SWEEP	
START:	0	
STOP:	5	
PNTS:	51	
STEP:	0.1

ID:	G	
UNIT:	SMU4	
MODE: STEP	
START:	-2	
STOP:	4	
PNTS:	3	
STEP:	3

ID:	S	
UNIT:	SMU1	
MODE: CONST	
VALUE:	0

DATA:  OUTPUT  04/30/2025  16:26:49

IS	IS2	IS3	VD	ID	ID2	ID3	VG	VG2	VG3	IG	IG2	IG3	ACCSTRESS
4.50500000E-011	1.23650000E-010	1.92950000E-009	0.00000000E+000	7.98010000E-011	7.64990000E-012	-1.12850000E-010	-2.00000000E+000	1.00000000E+000	4.00000000E+000	-2.26000000E-009	7.90490000E-009	-2.30500000E-009	0.00000000E+000
-3.49500000E-011	-3.14140000E-010	-1.98650000E-008	1.00000000E-001	-1.63150000E-010	4.04990000E-011	1.78350000E-008	-2.00000000E+000	1.00000000E+000	4.00000000E+000	4.10000000E-010	4.61500000E-009	7.13000000E-009	*
-1.78500000E-010	-5.13690000E-010	-4.12290000E-008	2.00000000E-001	-9.51990000E-011	2.44500000E-010	4.00850000E-008	-2.00000000E+000	1.00000000E+000	4.00000000E+000	6.15500000E-009	5.97990000E-009	-1.75000000E-010	*
-1.59950000E-010	-5.20490000E-010	-8.25160000E-008	3.00000000E-001	-1.08100000E-010	4.26300000E-010	8.16650000E-008	-2.00000000E+000	1.00000000E+000	4.00000000E+000	5.85010000E-009	-1.93490000E-009	2.05000000E-009	*
8.75000000E-011	-1.05190000E-009	-1.41500000E-007	4.00000000E-001	1.64200000E-010	8.02490000E-010	1.40700000E-007	-2.00000000E+000	1.00000000E+000	4.00000000E+000	-5.25010000E-010	6.05490000E-009	1.23500000E-009	*
6.75510000E-011	-1.38650000E-009	-2.22540000E-007	5.00000000E-001	1.63450000E-010	1.38290000E-009	2.22000000E-007	-2.00000000E+000	1.00000000E+000	4.00000000E+000	-3.45000000E-010	3.93990000E-009	3.25000000E-010	*
-5.44510000E-011	-1.77450000E-009	-3.28450000E-007	6.00000000E-001	-1.65300000E-010	2.02540000E-009	3.26090000E-007	-2.00000000E+000	1.00000000E+000	4.00000000E+000	3.25000000E-010	-1.30000000E-010	1.78500000E-009	*
-1.74150000E-010	-2.36840000E-009	-4.69200000E-007	7.00000000E-001	-8.77480000E-011	2.64140000E-009	4.71740000E-007	-2.00000000E+000	1.00000000E+000	4.00000000E+000	6.07000000E-009	-7.54020000E-009	-1.71500000E-009	*
-1.65200000E-010	-3.23640000E-009	-6.42000000E-007	8.00000000E-001	-1.11600000E-010	3.51390000E-009	6.44040000E-007	-2.00000000E+000	1.00000000E+000	4.00000000E+000	5.60000000E-009	-1.10000000E-009	-5.48490000E-009	*
9.78990000E-011	-4.56180000E-009	-8.38740000E-007	9.00000000E-001	1.69900000E-010	4.25940000E-009	8.40430000E-007	-2.00000000E+000	1.00000000E+000	4.00000000E+000	-1.79000000E-009	6.33510000E-009	2.39500000E-009	*
5.49000000E-011	-5.56790000E-009	-1.07550000E-006	1.00000000E+000	1.58700000E-010	5.33690000E-009	1.07350000E-006	-2.00000000E+000	1.00000000E+000	4.00000000E+000	-1.00000000E-010	5.30510000E-009	-4.25000000E-010	*
7.42480000E-011	-6.16230000E-009	-1.31450000E-006	1.10000000E+000	1.66150000E-010	6.43990000E-009	1.31850000E-006	-2.00000000E+000	1.00000000E+000	4.00000000E+000	-2.60000000E-010	-1.19000000E-009	-6.30510000E-009	*
1.96700000E-010	-7.51240000E-009	-1.59500000E-006	1.20000000E+000	6.33480000E-011	7.79390000E-009	1.60450000E-006	-2.00000000E+000	1.00000000E+000	4.00000000E+000	-8.29510000E-009	-4.94990000E-010	-3.81510000E-009	*
-1.73350000E-010	-8.68070000E-009	-1.91440000E-006	1.30000000E+000	-9.88010000E-011	9.04040000E-009	1.90500000E-006	-2.00000000E+000	1.00000000E+000	4.00000000E+000	6.02990000E-009	-1.22000000E-009	3.38000000E-009	*
2.01800000E-010	-1.03750000E-008	-2.20400000E-006	1.40000000E+000	7.40500000E-011	1.01000000E-008	2.18900000E-006	-2.00000000E+000	1.00000000E+000	4.00000000E+000	-7.51020000E-009	2.30000000E-010	-2.09500000E-009	*
1.93950000E-010	-1.16150000E-008	-2.53650000E-006	1.50000000E+000	1.02100000E-010	1.19100000E-008	2.57040000E-006	-2.00000000E+000	1.00000000E+000	4.00000000E+000	-6.03490000E-009	9.50020000E-010	-5.86510000E-009	*
-1.79100000E-010	-1.28650000E-008	-2.86300000E-006	1.60000000E+000	-8.14500000E-011	1.29300000E-008	2.88790000E-006	-2.00000000E+000	1.00000000E+000	4.00000000E+000	6.04000000E-009	-2.13000000E-009	-2.93000000E-009	*
-1.79050000E-010	-1.53750000E-008	-3.24040000E-006	1.70000000E+000	-9.02990000E-011	1.42800000E-008	3.25650000E-006	-2.00000000E+000	1.00000000E+000	4.00000000E+000	5.84510000E-009	-1.56500000E-009	-1.15000000E-009	*
-1.59350000E-010	-1.65150000E-008	-3.64150000E-006	1.80000000E+000	-1.14350000E-010	1.60900000E-008	3.66240000E-006	-2.00000000E+000	1.00000000E+000	4.00000000E+000	5.07500000E-009	2.41500000E-009	2.55000000E-009	*
-1.79450000E-010	-1.76650000E-008	-4.03890000E-006	1.90000000E+000	-7.60000000E-011	1.78700000E-008	4.07760000E-006	-2.00000000E+000	1.00000000E+000	4.00000000E+000	6.13000000E-009	1.75000000E-009	-2.84500000E-009	*
-1.66000000E-010	-2.00350000E-008	-4.46690000E-006	2.00000000E+000	-9.98490000E-011	2.05000000E-008	4.46900000E-006	-2.00000000E+000	1.00000000E+000	4.00000000E+000	6.06500000E-009	1.32500000E-009	-4.50010000E-011	*
-1.78050000E-010	-2.25000000E-008	-4.93390000E-006	2.10000000E+000	-8.94010000E-011	2.23050000E-008	4.93740000E-006	-2.00000000E+000	1.00000000E+000	4.00000000E+000	6.07500000E-009	1.33000000E-009	-1.18000000E-009	*
-1.79350000E-010	-2.45250000E-008	-5.36950000E-006	2.20000000E+000	-8.93510000E-011	2.43400000E-008	5.34700000E-006	-2.00000000E+000	1.00000000E+000	4.00000000E+000	6.06500000E-009	1.26000000E-009	2.00000000E-011	*
-1.63500000E-010	-2.73900000E-008	-5.79840000E-006	2.30000000E+000	-1.06400000E-010	2.66600000E-008	5.80400000E-006	-2.00000000E+000	1.00000000E+000	4.00000000E+000	5.18500000E-009	-1.56000000E-009	-3.99980000E-011	*
-1.65100000E-010	-2.94850000E-008	-6.27600000E-006	2.40000000E+000	-9.30990000E-011	2.91550000E-008	6.27850000E-006	-2.00000000E+000	1.00000000E+000	4.00000000E+000	5.55500000E-009	-2.07500000E-009	-4.45000000E-010	*
2.00000000E-010	-3.26800000E-008	-6.69950000E-006	2.50000000E+000	6.31990000E-011	3.25250000E-008	6.70690000E-006	-2.00000000E+000	1.00000000E+000	4.00000000E+000	-7.82980000E-009	6.09000000E-009	6.95000000E-010	*
1.81300000E-010	-3.49900000E-008	-7.19100000E-006	2.60000000E+000	1.22650000E-010	3.48010000E-008	7.17450000E-006	-2.00000000E+000	1.00000000E+000	4.00000000E+000	-5.11500000E-009	-2.18490000E-009	-2.22000000E-009	*
-4.21490000E-011	-3.95500000E-008	-7.61400000E-006	2.70000000E+000	-1.56500000E-010	3.94160000E-008	7.63310000E-006	-2.00000000E+000	1.00000000E+000	4.00000000E+000	2.35000000E-010	2.25000000E-009	-7.90010000E-010	*
7.38010000E-011	-4.29610000E-008	-8.07270000E-006	2.80000000E+000	1.62350000E-010	4.29440000E-008	8.10810000E-006	-2.00000000E+000	1.00000000E+000	4.00000000E+000	-2.30000000E-010	-1.70000000E-009	-1.85000000E-010	*
1.91400000E-010	-4.62440000E-008	-8.56770000E-006	2.90000000E+000	6.05490000E-011	4.60700000E-008	8.58310000E-006	-2.00000000E+000	1.00000000E+000	4.00000000E+000	-8.72980000E-009	-1.12500000E-009	5.10000000E-010	*
1.75400000E-010	-4.99550000E-008	-9.06550000E-006	3.00000000E+000	1.30150000E-010	5.01600000E-008	9.07390000E-006	-2.00000000E+000	1.00000000E+000	4.00000000E+000	-3.13000000E-009	1.92000000E-009	4.94990000E-010	*
1.28750000E-010	-5.47440000E-008	-9.51440000E-006	3.10000000E+000	1.82600000E-010	5.45210000E-008	9.52420000E-006	-2.00000000E+000	1.00000000E+000	4.00000000E+000	-1.82500000E-009	2.21490000E-009	2.10000000E-009	*
-3.33490000E-011	-5.91150000E-008	-1.00000000E-005	3.20000000E+000	-1.56700000E-010	5.92100000E-008	9.96240000E-006	-2.00000000E+000	1.00000000E+000	4.00000000E+000	2.10000000E-010	-1.91500000E-009	-2.16500000E-009	*
-1.68350000E-010	-6.41340000E-008	-1.04280000E-005	3.30000000E+000	-9.02990000E-011	6.15250000E-008	1.04360000E-005	-2.00000000E+000	1.00000000E+000	4.00000000E+000	5.91490000E-009	-7.50510000E-009	-1.38000000E-009	*
1.97050000E-010	-6.93250000E-008	-1.11100000E-005	3.40000000E+000	1.08100000E-010	7.06600000E-008	1.11250000E-005	-2.00000000E+000	1.00000000E+000	4.00000000E+000	-5.95990000E-009	2.00000000E-009	-2.98500000E-009	*
1.74250000E-010	-7.30680000E-008	-1.16450000E-005	3.50000000E+000	1.32300000E-010	7.52110000E-008	1.16500000E-005	-2.00000000E+000	1.00000000E+000	4.00000000E+000	-3.73510000E-009	-1.93490000E-009	-3.01500000E-009	*
2.02900000E-010	-7.90240000E-008	-1.20050000E-005	3.60000000E+000	8.95500000E-011	7.84640000E-008	1.20600000E-005	-2.00000000E+000	1.00000000E+000	4.00000000E+000	-6.18500000E-009	-1.01500000E-009	-5.73500000E-009	*
1.82900000E-010	-8.56200000E-008	-1.24200000E-005	3.70000000E+000	1.20050000E-010	8.63550000E-008	1.25300000E-005	-2.00000000E+000	1.00000000E+000	4.00000000E+000	-5.37510000E-009	1.54000000E-009	-1.15000000E-010	*
-3.94000000E-011	-9.28890000E-008	-1.29750000E-005	3.80000000E+000	-1.48950000E-010	9.21900000E-008	1.28950000E-005	-2.00000000E+000	1.00000000E+000	4.00000000E+000	2.65000000E-010	-1.92990000E-009	8.04990000E-010	*
6.89510000E-011	-9.74650000E-008	-1.34500000E-005	3.90000000E+000	1.63450000E-010	9.86580000E-008	1.34800000E-005	-2.00000000E+000	1.00000000E+000	4.00000000E+000	-2.10000000E-010	-2.31500000E-009	-3.42000000E-009	*
-1.71850000E-010	-1.08600000E-007	-1.38300000E-005	4.00000000E+000	-8.81000000E-011	1.08850000E-007	1.38300000E-005	-2.00000000E+000	1.00000000E+000	4.00000000E+000	5.72500000E-009	7.05000000E-010	-1.34500000E-009	*
1.92850000E-010	-1.18850000E-007	-1.43500000E-005	4.10000000E+000	1.16650000E-010	1.18750000E-007	1.43200000E-005	-2.00000000E+000	1.00000000E+000	4.00000000E+000	-5.72500000E-009	1.55000000E-009	-4.64990000E-010	*
-1.74550000E-010	-1.25840000E-007	-1.48600000E-005	4.20000000E+000	-8.02490000E-011	1.25750000E-007	1.48050000E-005	-2.00000000E+000	1.00000000E+000	4.00000000E+000	5.95990000E-009	1.33500000E-009	2.56000000E-009	*
1.90700000E-010	-1.34600000E-007	-1.52100000E-005	4.30000000E+000	1.17400000E-010	1.35100000E-007	1.52600000E-005	-2.00000000E+000	1.00000000E+000	4.00000000E+000	-5.89490000E-009	1.49500000E-009	-7.30010000E-010	*
-1.75350000E-010	-1.40150000E-007	-1.55950000E-005	4.40000000E+000	-7.91510000E-011	1.40500000E-007	1.55850000E-005	-2.00000000E+000	1.00000000E+000	4.00000000E+000	5.88510000E-009	-2.80000000E-009	-8.74990000E-010	*
-1.79350000E-010	-1.50250000E-007	-1.60850000E-005	4.50000000E+000	-6.27520000E-011	1.49850000E-007	1.60450000E-005	-2.00000000E+000	1.00000000E+000	4.00000000E+000	5.98490000E-009	-5.95990000E-009	2.15500000E-009	*
-1.55900000E-010	-1.58300000E-007	-1.65450000E-005	4.60000000E+000	-7.43510000E-011	1.59850000E-007	1.65500000E-005	-2.00000000E+000	1.00000000E+000	4.00000000E+000	3.86490000E-009	-1.50500000E-009	1.43500000E-009	*
-1.62050000E-010	-1.73150000E-007	-1.70940000E-005	4.70000000E+000	-5.67000000E-011	1.73790000E-007	1.70540000E-005	-2.00000000E+000	1.00000000E+000	4.00000000E+000	6.02990000E-009	-1.18500000E-009	-2.45990000E-009	*
-1.82650000E-010	-1.79050000E-007	-1.74190000E-005	4.80000000E+000	-3.69990000E-012	1.80500000E-007	1.74650000E-005	-2.00000000E+000	1.00000000E+000	4.00000000E+000	6.94990000E-009	-8.14990000E-010	2.39000000E-009	*
8.04510000E-011	-1.89250000E-007	-1.79000000E-005	4.90000000E+000	2.57850000E-010	1.92100000E-007	1.79050000E-005	-2.00000000E+000	1.00000000E+000	4.00000000E+000	-5.44990000E-010	1.86500000E-009	5.95010000E-010	*
1.87150000E-010	-2.01700000E-007	-1.81700000E-005	5.00000000E+000	2.25400000E-010	2.00950000E-007	1.82600000E-005	-2.00000000E+000	1.00000000E+000	4.00000000E+000	-6.04500000E-009	-2.83500000E-009	5.95010000E-010	*

TEST RESULTS:  OUTPUT  04/30/2025  16:26:49


