ATTRIBUTES:

Attribute #1:C:\Metrics\ics\projects\6.2600J_S25\transistor_measurement.ics
Attribute #2:Test
Attribute #3:dev1
Attribute #4:PASSED
SETUP:TRANSFER  04/30/2025  16:39:53
DATE:04/30/2025
TIME:16:39:53

CONDITIONS:

ID:	D	
UNIT:	SMU2	
MODE: STEP	
START:	0.5	
STOP:	5	
PNTS:	2	
STEP:	4.5

ID:	G	
UNIT:	SMU4	
MODE: SWEEP	
START:	-2	
STOP:	4	
PNTS:	61	
STEP:	0.1

ID:	S	
UNIT:	SMU1	
MODE: CONST	
VALUE:	0

DATA:  TRANSFER  04/30/2025  16:39:53

IS	IS2	VD	VD2	ID	ID2	VG	IG	IG2	ACCSTRESS
2.32500000E-011	1.31000000E-011	5.00000000E-001	5.00000000E+000	1.21500000E-011	1.12850000E-010	-2.00000000E+000	1.18750000E-010	-9.53520000E-011	0.00000000E+000
-2.08500000E-011	2.76000000E-011	5.00000000E-001	5.00000000E+000	-2.98500000E-011	7.81490000E-011	-1.90000000E+000	3.76000000E-011	-8.03480000E-011	*
2.10990000E-011	2.70000000E-011	5.00000000E-001	5.00000000E+000	-1.88500000E-011	7.80990000E-011	-1.80000000E+000	-9.43500000E-011	-3.55010000E-011	*
3.18500000E-011	2.50000000E-012	5.00000000E-001	5.00000000E+000	4.40000000E-012	5.65500000E-011	-1.70000000E+000	-9.77990000E-011	-1.76990000E-011	*
1.22000000E-011	-2.66990000E-011	5.00000000E-001	5.00000000E+000	2.53500000E-011	4.27000000E-011	-1.60000000E+000	4.69490000E-011	2.75000000E-012	*
-2.62500000E-011	-3.12000000E-011	5.00000000E-001	5.00000000E+000	9.40000000E-012	2.00500000E-011	-1.50000000E+000	1.79000000E-010	1.96000000E-011	*
-4.57000000E-011	-1.60500000E-011	5.00000000E-001	5.00000000E+000	-6.85010000E-012	1.23500000E-011	-1.40000000E+000	1.95000000E-010	1.72500000E-011	*
-3.69000000E-011	1.26000000E-011	5.00000000E-001	5.00000000E+000	-2.74000000E-011	2.11500000E-011	-1.30000000E+000	1.11700000E-010	2.37990000E-011	*
-2.20000000E-012	2.37990000E-011	5.00000000E-001	5.00000000E+000	-2.79500000E-011	3.04010000E-011	-1.20000000E+000	-2.64000000E-011	2.86000000E-011	*
2.28500000E-011	9.24990000E-012	5.00000000E-001	5.00000000E+000	-7.79990000E-012	2.56500000E-011	-1.10000000E+000	-1.00250000E-010	2.27990000E-011	*
2.90000000E-011	-1.96500000E-011	5.00000000E-001	5.00000000E+000	1.28000000E-011	3.02500000E-011	-1.00000000E+000	-1.04550000E-010	3.32000000E-011	*
5.45010000E-012	-3.47490000E-011	5.00000000E-001	5.00000000E+000	2.30500000E-011	1.01000000E-011	-9.00000000E-001	6.43010000E-011	3.80990000E-011	*
-2.69000000E-011	-3.61510000E-011	5.00000000E-001	5.00000000E+000	1.28500000E-011	5.85000000E-012	-8.00000000E-001	1.98300000E-010	3.25000000E-011	*
-5.03490000E-011	-8.90000000E-012	5.00000000E-001	5.00000000E+000	-1.00000000E-011	5.30000000E-012	-7.00000000E-001	2.00350000E-010	3.70500000E-011	*
-3.63990000E-011	2.22000000E-011	5.00000000E-001	5.00000000E+000	-2.24000000E-011	1.58000000E-011	-6.00000000E-001	1.13000000E-010	2.66000000E-011	*
2.14990000E-012	2.65500000E-011	5.00000000E-001	5.00000000E+000	-2.61500000E-011	2.79500000E-011	-5.00000000E-001	-2.78000000E-011	2.96000000E-011	*
2.71500000E-011	4.95000000E-012	5.00000000E-001	5.00000000E+000	-1.15000000E-012	3.16990000E-011	-4.00000000E-001	-9.56500000E-011	2.57500000E-011	*
2.58490000E-011	-1.44000000E-011	5.00000000E-001	5.00000000E+000	9.09980000E-012	1.73000000E-011	-3.00000000E-001	-5.87020000E-011	2.94010000E-011	*
-4.35010000E-012	-2.08000000E-011	5.00000000E-001	5.00000000E+000	2.29000000E-011	1.36500000E-011	-2.00000000E-001	1.02950000E-010	2.14500000E-011	*
-3.60490000E-011	-1.07000000E-011	5.00000000E-001	5.00000000E+000	1.43500000E-011	3.00010000E-012	-1.00000000E-001	2.12900000E-010	2.29500000E-011	*
-4.23010000E-011	2.61500000E-011	5.00000000E-001	5.00000000E+000	-1.36000000E-011	1.16500000E-011	0.00000000E+000	2.09150000E-010	1.96500000E-011	*
-1.63500000E-011	3.97990000E-011	5.00000000E-001	5.00000000E+000	-2.15000000E-011	2.36000000E-011	1.00000000E-001	6.51500000E-011	1.88000000E-011	*
2.03500000E-011	3.55010000E-011	5.00000000E-001	5.00000000E+000	-2.54000000E-011	2.85000000E-011	2.00000000E-001	-6.70010000E-011	2.36000000E-011	*
4.50500000E-011	3.55010000E-012	5.00000000E-001	5.00000000E+000	4.99990000E-013	2.69000000E-011	3.00000000E-001	-1.11700000E-010	3.64490000E-011	*
3.80000000E-011	-1.39000000E-011	5.00000000E-001	5.00000000E+000	2.36490000E-011	1.83000000E-011	4.00000000E-001	-2.99000000E-011	2.90000000E-011	*
5.00000000E-012	-1.26500000E-011	5.00000000E-001	5.00000000E+000	3.05990000E-011	4.15000000E-012	5.00000000E-001	1.32400000E-010	2.99490000E-011	*
-2.36490000E-011	1.63000000E-011	5.00000000E-001	5.00000000E+000	1.05500000E-011	1.32500000E-011	6.00000000E-001	2.13400000E-010	1.76000000E-011	*
-2.86000000E-011	4.25490000E-011	5.00000000E-001	5.00000000E+000	-6.19990000E-012	1.28500000E-011	7.00000000E-001	1.90900000E-010	9.69980000E-012	*
5.89990000E-012	4.82990000E-011	5.00000000E-001	5.00000000E+000	-1.62000000E-011	3.06490000E-011	8.00000000E-001	3.02500000E-011	1.07000000E-011	*
4.50010000E-011	3.02000000E-011	5.00000000E-001	5.00000000E+000	-1.39000000E-011	3.33490000E-011	9.00000000E-001	-1.20650000E-010	7.70000000E-012	*
6.38490000E-011	-5.99990000E-013	5.00000000E-001	5.00000000E+000	1.76990000E-011	1.75500000E-011	1.00000000E+000	-1.30000000E-010	1.55000000E-011	*
4.00000000E-011	-5.69990000E-012	5.00000000E-001	5.00000000E+000	3.04010000E-011	9.30010000E-012	1.10000000E+000	-6.44990000E-012	1.63500000E-011	*
4.65010000E-012	1.12500000E-011	5.00000000E-001	5.00000000E+000	2.92990000E-011	7.95010000E-012	1.20000000E+000	1.39250000E-010	1.42500000E-011	*
-8.95020000E-012	3.70000000E-011	5.00000000E-001	5.00000000E+000	1.61500000E-011	1.39000000E-011	1.30000000E+000	1.88550000E-010	-6.05010000E-012	*
-2.04000000E-011	5.39000000E-011	5.00000000E-001	5.00000000E+000	-3.90000000E-012	2.20500000E-011	1.40000000E+000	1.72050000E-010	-1.04500000E-011	*
1.71990000E-011	5.12000000E-011	5.00000000E-001	5.00000000E+000	-1.98500000E-011	3.44510000E-011	1.50000000E+000	1.93000000E-011	-3.99980000E-013	*
4.66510000E-011	2.71500000E-011	5.00000000E-001	5.00000000E+000	-8.70010000E-012	2.97010000E-011	1.60000000E+000	-1.23500000E-010	-5.50000000E-013	*
2.51500000E-011	-3.50000000E-013	5.00000000E-001	5.00000000E+000	1.57000000E-011	2.10000000E-011	1.70000000E+000	-8.54500000E-011	5.50000000E-012	*
-2.23250000E-010	-4.99990000E-011	5.00000000E-001	5.00000000E+000	2.18050000E-010	1.52500000E-011	1.80000000E+000	-2.88990000E-011	5.93520000E-011	*
-7.89410000E-010	-3.46150000E-010	5.00000000E-001	5.00000000E+000	6.88690000E-010	3.60600000E-010	1.90000000E+000	2.01250000E-010	-1.11500000E-011	*
-5.94040000E-010	-2.09150000E-009	5.00000000E-001	5.00000000E+000	5.94150000E-010	2.14950000E-009	2.00000000E+000	1.61800000E-010	4.84990000E-012	*
-8.01690000E-010	-6.38790000E-009	5.00000000E-001	5.00000000E+000	7.88160000E-010	6.40630000E-009	2.10000000E+000	-4.02510000E-011	2.19500000E-011	*
-9.46670000E-010	-1.35450000E-008	5.00000000E-001	5.00000000E+000	7.92850000E-010	1.34650000E-008	2.20000000E+000	-1.45550000E-010	-1.99500000E-011	*
-1.04050000E-009	-2.49100000E-008	5.00000000E-001	5.00000000E+000	9.17600000E-010	2.47600000E-008	2.30000000E+000	-1.34700000E-010	9.90010000E-012	*
-1.27150000E-009	-4.10250000E-008	5.00000000E-001	5.00000000E+000	1.31400000E-009	4.09690000E-008	2.40000000E+000	-1.74450000E-010	4.40000000E-012	*
-1.97000000E-009	-6.25910000E-008	5.00000000E-001	5.00000000E+000	1.87700000E-009	6.25840000E-008	2.50000000E+000	1.77800000E-010	-1.87000000E-011	*
-2.74850000E-009	-9.04250000E-008	5.00000000E-001	5.00000000E+000	2.74040000E-009	9.03240000E-008	2.60000000E+000	2.90000000E-011	-1.55000000E-012	*
-3.83740000E-009	-1.23300000E-007	5.00000000E-001	5.00000000E+000	3.79690000E-009	1.22900000E-007	2.70000000E+000	-6.62510000E-011	-2.57000000E-011	*
-5.47130000E-009	-1.64400000E-007	5.00000000E-001	5.00000000E+000	5.37990000E-009	1.64350000E-007	2.80000000E+000	2.19650000E-010	-1.86500000E-011	*
-7.48920000E-009	-2.14440000E-007	5.00000000E-001	5.00000000E+000	7.52330000E-009	2.14300000E-007	2.90000000E+000	-6.83010000E-011	-1.70000000E-012	*
-1.01420000E-008	-2.72690000E-007	5.00000000E-001	5.00000000E+000	1.00410000E-008	2.72540000E-007	3.00000000E+000	3.38010000E-011	-1.48000000E-011	*
-1.18000000E-008	-3.39890000E-007	5.00000000E-001	5.00000000E+000	1.10800000E-008	3.39640000E-007	3.10000000E+000	-1.22550000E-010	3.65000000E-012	*
-1.49400000E-008	-4.16390000E-007	5.00000000E-001	5.00000000E+000	1.48050000E-008	4.16140000E-007	3.20000000E+000	1.15350000E-010	9.09980000E-012	*
-2.02750000E-008	-5.02130000E-007	5.00000000E-001	5.00000000E+000	2.03250000E-008	5.01950000E-007	3.30000000E+000	4.45490000E-011	-9.74990000E-012	*
-2.70250000E-008	-5.97940000E-007	5.00000000E-001	5.00000000E+000	2.69650000E-008	5.97680000E-007	3.40000000E+000	-6.05490000E-011	2.49990000E-013	*
-3.62650000E-008	-7.03790000E-007	5.00000000E-001	5.00000000E+000	3.60510000E-008	7.03500000E-007	3.50000000E+000	1.90950000E-010	3.69990000E-012	*
-4.75450000E-008	-8.19740000E-007	5.00000000E-001	5.00000000E+000	4.77100000E-008	8.19240000E-007	3.60000000E+000	-1.03950000E-010	-4.90010000E-012	*
-6.21980000E-008	-9.45670000E-007	5.00000000E-001	5.00000000E+000	6.14340000E-008	9.44970000E-007	3.70000000E+000	4.13010000E-011	8.49980000E-012	*
-7.76740000E-008	-1.05300000E-006	5.00000000E-001	5.00000000E+000	7.77650000E-008	1.05300000E-006	3.80000000E+000	8.71520000E-011	-7.25500000E-011	*
-9.64350000E-008	-1.19450000E-006	5.00000000E-001	5.00000000E+000	9.58640000E-008	1.19150000E-006	3.90000000E+000	-1.14550000E-010	-6.27520000E-011	*
-1.10150000E-007	-1.34850000E-006	5.00000000E-001	5.00000000E+000	1.07800000E-007	1.34600000E-006	4.00000000E+000	-5.93520000E-011	-4.23500000E-011	*

TEST RESULTS:  TRANSFER  04/30/2025  16:39:53


SETUP:OUTPUT  04/30/2025  16:40:39
DATE:04/30/2025
TIME:16:40:39

CONDITIONS:

ID:	D	
UNIT:	SMU2	
MODE: SWEEP	
START:	0	
STOP:	5	
PNTS:	51	
STEP:	0.1

ID:	G	
UNIT:	SMU4	
MODE: STEP	
START:	-2	
STOP:	4	
PNTS:	3	
STEP:	3

ID:	S	
UNIT:	SMU1	
MODE: CONST	
VALUE:	0

DATA:  OUTPUT  04/30/2025  16:40:39

IS	IS2	IS3	VD	ID	ID2	ID3	VG	VG2	VG3	IG	IG2	IG3	ACCSTRESS
-1.41000000E-011	-4.79990000E-012	1.36650000E-009	0.00000000E+000	6.00010000E-012	-4.35010000E-012	-1.15990000E-009	-2.00000000E+000	1.00000000E+000	4.00000000E+000	-9.30010000E-012	-1.05000000E-011	4.29510000E-011	0.00000000E+000
-6.10000000E-012	3.18000000E-011	-8.91740000E-008	1.00000000E-001	7.64990000E-012	5.05000000E-012	8.46300000E-008	-2.00000000E+000	1.00000000E+000	4.00000000E+000	5.69990000E-012	-1.73500000E-011	2.73000000E-011	*
-2.36000000E-011	3.13490000E-011	-1.22550000E-007	2.00000000E-001	9.84990000E-012	1.17000000E-011	1.19150000E-007	-2.00000000E+000	1.00000000E+000	4.00000000E+000	2.00000000E-013	-1.16000000E-011	2.13000000E-011	*
-2.98500000E-011	6.79990000E-012	-1.50150000E-007	3.00000000E-001	-6.19990000E-012	1.85490000E-011	1.50350000E-007	-2.00000000E+000	1.00000000E+000	4.00000000E+000	5.75010000E-012	-3.35000000E-012	-4.92500000E-011	*
-5.00000000E-012	-1.66500000E-011	-1.86850000E-007	4.00000000E-001	-1.39500000E-011	6.24990000E-012	1.86400000E-007	-2.00000000E+000	1.00000000E+000	4.00000000E+000	-1.45000000E-012	2.25000000E-012	-9.02990000E-011	*
1.49000000E-011	-2.97010000E-011	-2.21300000E-007	5.00000000E-001	-3.00000000E-013	-3.95000000E-012	2.20500000E-007	-2.00000000E+000	1.00000000E+000	4.00000000E+000	-1.00000000E-011	-1.90000000E-012	-1.13000000E-010	*
3.13490000E-011	-1.74000000E-011	-2.54340000E-007	6.00000000E-001	1.22500000E-011	-6.85010000E-012	2.54540000E-007	-2.00000000E+000	1.00000000E+000	4.00000000E+000	-1.47000000E-011	4.50000000E-013	-1.41200000E-010	*
2.32500000E-011	1.85000000E-012	-2.83340000E-007	7.00000000E-001	9.74990000E-012	-3.55010000E-012	2.83090000E-007	-2.00000000E+000	1.00000000E+000	4.00000000E+000	-7.64990000E-012	-1.70000000E-012	-1.64900000E-010	*
-6.30010000E-012	2.28500000E-011	-3.12090000E-007	8.00000000E-001	1.72500000E-011	1.15000000E-012	3.10990000E-007	-2.00000000E+000	1.00000000E+000	4.00000000E+000	-8.49980000E-013	-1.70000000E-011	-1.49400000E-010	*
-2.68000000E-011	3.26500000E-011	-3.37650000E-007	9.00000000E-001	-9.99980000E-013	1.54500000E-011	3.37440000E-007	-2.00000000E+000	1.00000000E+000	4.00000000E+000	1.25000000E-012	-6.85010000E-012	-1.22500000E-010	*
-3.28500000E-011	2.45500000E-011	-3.65400000E-007	1.00000000E+000	-6.95000000E-012	2.15000000E-011	3.64950000E-007	-2.00000000E+000	1.00000000E+000	4.00000000E+000	4.75000000E-012	-6.85010000E-012	-1.20300000E-010	*
-1.76990000E-011	-1.08000000E-011	-3.89150000E-007	1.10000000E+000	-8.05000000E-012	1.52500000E-011	3.89190000E-007	-2.00000000E+000	1.00000000E+000	4.00000000E+000	-3.45000000E-012	-3.05000000E-012	-1.12850000E-010	*
1.08000000E-011	-1.95500000E-011	-4.11540000E-007	1.20000000E+000	-5.60000000E-012	7.39980000E-012	4.12240000E-007	-2.00000000E+000	1.00000000E+000	4.00000000E+000	-8.10020000E-012	4.50000000E-012	-1.56050000E-010	*
3.02500000E-011	-3.06490000E-011	-4.35790000E-007	1.30000000E+000	7.95010000E-012	-6.99990000E-012	4.35790000E-007	-2.00000000E+000	1.00000000E+000	4.00000000E+000	-1.71500000E-011	6.30010000E-012	-1.61400000E-010	*
2.73500000E-011	-1.28000000E-011	-4.57240000E-007	1.40000000E+000	2.15000000E-011	-3.60000000E-012	4.56840000E-007	-2.00000000E+000	1.00000000E+000	4.00000000E+000	-7.89990000E-012	-5.50000000E-012	-1.31400000E-010	*
5.25000000E-012	7.60010000E-012	-4.78230000E-007	1.50000000E+000	1.11500000E-011	-7.79990000E-012	4.76140000E-007	-2.00000000E+000	1.00000000E+000	4.00000000E+000	2.84990000E-012	-1.20000000E-012	-1.34650000E-010	*
-1.83500000E-011	3.15000000E-011	-4.95700000E-007	1.60000000E+000	9.09980000E-012	3.85000000E-012	4.96390000E-007	-2.00000000E+000	1.00000000E+000	4.00000000E+000	4.40000000E-012	-2.09500000E-011	-1.22600000E-010	*
-2.71000000E-011	3.25500000E-011	-5.16240000E-007	1.70000000E+000	-3.80010000E-012	1.95000000E-011	5.16240000E-007	-2.00000000E+000	1.00000000E+000	4.00000000E+000	1.07500000E-011	-1.27500000E-011	-8.46510000E-011	*
-2.64500000E-011	9.34980000E-012	-5.35800000E-007	1.80000000E+000	-6.15000000E-012	1.92000000E-011	5.34900000E-007	-2.00000000E+000	1.00000000E+000	4.00000000E+000	-1.70000000E-012	-2.10000000E-012	-1.13300000E-010	*
-9.99980000E-013	-1.77500000E-011	-5.54080000E-007	1.90000000E+000	-2.00000000E-012	9.80010000E-012	5.53850000E-007	-2.00000000E+000	1.00000000E+000	4.00000000E+000	-3.30000000E-012	2.30000000E-012	-1.13750000E-010	*
2.45000000E-011	-2.96000000E-011	-5.70840000E-007	2.00000000E+000	-1.99990000E-013	6.50000000E-013	5.72150000E-007	-2.00000000E+000	1.00000000E+000	4.00000000E+000	-1.39000000E-011	6.65000000E-012	-8.11020000E-011	*
3.12500000E-011	-1.87000000E-011	-5.89030000E-007	2.10000000E+000	2.03000000E-011	-3.99990000E-012	5.88600000E-007	-2.00000000E+000	1.00000000E+000	4.00000000E+000	-1.16000000E-011	-4.05010000E-012	-1.03650000E-010	*
1.49500000E-011	9.55010000E-012	-6.07480000E-007	2.20000000E+000	1.76500000E-011	-4.70000000E-012	6.07600000E-007	-2.00000000E+000	1.00000000E+000	4.00000000E+000	-1.33000000E-011	-4.15000000E-012	-8.56490000E-011	*
-1.63000000E-011	2.85490000E-011	-6.25240000E-007	2.30000000E+000	1.03500000E-011	7.60010000E-012	6.25150000E-007	-2.00000000E+000	1.00000000E+000	4.00000000E+000	3.30000000E-012	-1.86500000E-011	-6.97510000E-011	*
-2.75000000E-011	2.78500000E-011	-6.38390000E-007	2.40000000E+000	6.44990000E-012	1.64000000E-011	6.36320000E-007	-2.00000000E+000	1.00000000E+000	4.00000000E+000	5.30000000E-012	-1.61500000E-011	-7.83510000E-011	*
-2.66990000E-011	7.85010000E-012	-6.52680000E-007	2.50000000E+000	-8.45010000E-012	2.15000000E-011	6.52450000E-007	-2.00000000E+000	1.00000000E+000	4.00000000E+000	-2.49990000E-013	-1.99990000E-013	-9.48500000E-011	*
-6.99990000E-013	-1.49500000E-011	-6.68190000E-007	2.60000000E+000	-1.28000000E-011	1.30000000E-011	6.66880000E-007	-2.00000000E+000	1.00000000E+000	4.00000000E+000	-1.99990000E-013	-2.25000000E-012	-6.62510000E-011	*
1.60500000E-011	-2.81990000E-011	-6.80590000E-007	2.70000000E+000	1.15000000E-012	-1.45000000E-012	6.81290000E-007	-2.00000000E+000	1.00000000E+000	4.00000000E+000	-2.20500000E-011	1.03000000E-011	-7.86000000E-011	*
3.09990000E-011	-2.27500000E-011	-6.96770000E-007	2.80000000E+000	1.25000000E-011	-2.05000000E-012	6.94470000E-007	-2.00000000E+000	1.00000000E+000	4.00000000E+000	-1.74000000E-011	-7.70000000E-012	-5.24010000E-011	*
1.76500000E-011	2.70000000E-012	-7.10250000E-007	2.90000000E+000	2.15500000E-011	3.00010000E-012	7.10070000E-007	-2.00000000E+000	1.00000000E+000	4.00000000E+000	-6.44990000E-012	-8.49980000E-013	-4.81000000E-011	*
-8.99990000E-012	2.97500000E-011	-7.22530000E-007	3.00000000E+000	1.82500000E-011	9.94980000E-012	7.22680000E-007	-2.00000000E+000	1.00000000E+000	4.00000000E+000	2.05000000E-012	-1.62500000E-011	-4.13010000E-011	*
-2.47000000E-011	2.73500000E-011	-7.36320000E-007	3.10000000E+000	3.55010000E-012	2.02000000E-011	7.34840000E-007	-2.00000000E+000	1.00000000E+000	4.00000000E+000	6.19990000E-012	-1.54500000E-011	-3.75010000E-011	*
-2.75000000E-011	8.05000000E-012	-7.48230000E-007	3.20000000E+000	-9.49990000E-012	1.75000000E-011	7.48840000E-007	-2.00000000E+000	1.00000000E+000	4.00000000E+000	9.55010000E-012	-1.10000000E-012	-7.38010000E-011	*
-5.50000000E-013	-1.60000000E-011	-7.59000000E-007	3.30000000E+000	-2.20000000E-012	1.14500000E-011	7.59290000E-007	-2.00000000E+000	1.00000000E+000	4.00000000E+000	-3.40000000E-012	2.45000000E-012	-3.71510000E-011	*
2.43500000E-011	-2.92000000E-011	-7.72790000E-007	3.40000000E+000	1.45000000E-012	3.80010000E-012	7.72090000E-007	-2.00000000E+000	1.00000000E+000	4.00000000E+000	-1.02000000E-011	7.89990000E-012	-3.94990000E-011	*
3.09500000E-011	-1.76000000E-011	-7.86090000E-007	3.50000000E+000	1.63500000E-011	-4.40000000E-012	7.84870000E-007	-2.00000000E+000	1.00000000E+000	4.00000000E+000	-1.65500000E-011	9.50020000E-013	-6.19990000E-011	*
2.26000000E-011	9.30010000E-012	-8.00180000E-007	3.60000000E+000	1.56000000E-011	-2.45000000E-012	8.00470000E-007	-2.00000000E+000	1.00000000E+000	4.00000000E+000	-1.23000000E-011	-1.25000000E-011	-2.05500000E-011	*
-9.74990000E-012	3.32500000E-011	-8.11940000E-007	3.70000000E+000	1.93990000E-011	6.10000000E-012	8.10130000E-007	-2.00000000E+000	1.00000000E+000	4.00000000E+000	5.34990000E-012	-9.49990000E-012	-1.52000000E-011	*
-2.54990000E-011	2.67500000E-011	-8.23720000E-007	3.80000000E+000	6.90000000E-012	2.10990000E-011	8.23080000E-007	-2.00000000E+000	1.00000000E+000	4.00000000E+000	5.00000000E-012	-1.75500000E-011	-2.20500000E-011	*
-2.81000000E-011	1.35000000E-012	-8.30830000E-007	3.90000000E+000	-2.80000000E-012	2.47500000E-011	8.30480000E-007	-2.00000000E+000	1.00000000E+000	4.00000000E+000	3.90000000E-012	7.50010000E-013	-7.45000000E-011	*
-5.50000000E-012	-1.26000000E-011	-8.45230000E-007	4.00000000E+000	1.35000000E-012	8.55000000E-012	8.45380000E-007	-2.00000000E+000	1.00000000E+000	4.00000000E+000	2.25000000E-012	2.80000000E-012	-4.98000000E-011	*
2.39000000E-011	-3.12990000E-011	-8.56140000E-007	4.10000000E+000	1.49500000E-011	-1.65000000E-012	8.55470000E-007	-2.00000000E+000	1.00000000E+000	4.00000000E+000	-2.02000000E-011	1.90000000E-012	-5.05500000E-011	*
2.92990000E-011	-1.93000000E-011	-8.67290000E-007	4.20000000E+000	1.87000000E-011	-5.60000000E-012	8.68020000E-007	-2.00000000E+000	1.00000000E+000	4.00000000E+000	-2.19000000E-011	3.50000000E-013	-6.11490000E-011	*
1.47000000E-011	6.30010000E-012	-8.78790000E-007	4.30000000E+000	3.60000000E-011	9.50020000E-013	8.77280000E-007	-2.00000000E+000	1.00000000E+000	4.00000000E+000	-1.41000000E-011	-2.84990000E-012	-2.46490000E-011	*
-1.32500000E-011	2.92500000E-011	-8.88540000E-007	4.40000000E+000	3.31010000E-011	1.11000000E-011	8.90020000E-007	-2.00000000E+000	1.00000000E+000	4.00000000E+000	-1.84500000E-011	-1.60500000E-011	-1.70500000E-011	*
-2.81000000E-011	2.83000000E-011	-8.98080000E-007	4.50000000E+000	2.35500000E-011	1.45500000E-011	8.94880000E-007	-2.00000000E+000	1.00000000E+000	4.00000000E+000	-1.95500000E-011	-1.07000000E-011	-2.87500000E-011	*
-2.34500000E-011	1.55000000E-012	-9.08940000E-007	4.60000000E+000	2.85490000E-011	2.57000000E-011	9.08390000E-007	-2.00000000E+000	1.00000000E+000	4.00000000E+000	-3.07010000E-011	-1.59990000E-012	-3.15000000E-011	*
-9.50020000E-013	-1.24500000E-011	-9.17880000E-007	4.70000000E+000	4.14000000E-011	1.74000000E-011	9.20640000E-007	-2.00000000E+000	1.00000000E+000	4.00000000E+000	-3.97000000E-011	2.10000000E-012	-5.84990000E-011	*
2.66500000E-011	-2.58000000E-011	-9.30680000E-007	4.80000000E+000	6.63010000E-011	-1.40000000E-012	9.29840000E-007	-2.00000000E+000	1.00000000E+000	4.00000000E+000	-7.87500000E-011	7.04990000E-012	-2.68000000E-011	*
2.98500000E-011	-1.91500000E-011	-9.35220000E-007	4.90000000E+000	9.84990000E-011	-1.65000000E-012	9.36590000E-007	-2.00000000E+000	1.00000000E+000	4.00000000E+000	-9.38490000E-011	1.15000000E-012	-4.54990000E-012	*
4.70000000E-012	5.00000000E-012	-9.42880000E-007	5.00000000E+000	1.27450000E-010	7.60010000E-012	9.46370000E-007	-2.00000000E+000	1.00000000E+000	4.00000000E+000	-1.07050000E-010	-9.20020000E-012	-9.50020000E-013	*

TEST RESULTS:  OUTPUT  04/30/2025  16:40:39


