ATTRIBUTES:

Attribute #1:C:\Metrics\ics\projects\6.2600J_S25\transistor_measurement.ics
Attribute #2:Test
Attribute #3:dev1
Attribute #4:PASSED
SETUP:TRANSFER  04/30/2025  15:49:49
DATE:04/30/2025
TIME:15:49:49

CONDITIONS:

ID:	D	
UNIT:	SMU2	
MODE: STEP	
START:	0.5	
STOP:	5	
PNTS:	2	
STEP:	4.5

ID:	G	
UNIT:	SMU4	
MODE: SWEEP	
START:	-2	
STOP:	4	
PNTS:	61	
STEP:	0.1

ID:	S	
UNIT:	SMU1	
MODE: CONST	
VALUE:	0

DATA:  TRANSFER  04/30/2025  15:49:49

IS	IS2	VD	VD2	ID	ID2	VG	IG	IG2	ACCSTRESS
1.18500000E-011	2.90000000E-012	5.00000000E-001	5.00000000E+000	1.29000000E-011	2.05500000E-010	-2.00000000E+000	-7.85010000E-012	-1.98950000E-010	0.00000000E+000
-3.29000000E-011	-1.23500000E-011	5.00000000E-001	5.00000000E+000	3.65000000E-012	1.48050000E-010	-1.90000000E+000	1.35450000E-010	-5.91990000E-011	*
-4.01000000E-011	-2.95000000E-011	5.00000000E-001	5.00000000E+000	-1.02000000E-011	1.06550000E-010	-1.80000000E+000	1.40700000E-010	2.23000000E-011	*
-1.41500000E-011	-2.27000000E-011	5.00000000E-001	5.00000000E+000	-1.20500000E-011	7.93000000E-011	-1.70000000E+000	8.17520000E-011	2.95000000E-011	*
1.39000000E-011	6.90000000E-012	5.00000000E-001	5.00000000E+000	-5.09990000E-012	6.22510000E-011	-1.60000000E+000	-7.70000000E-012	-7.14490000E-011	*
2.27000000E-011	2.64500000E-011	5.00000000E-001	5.00000000E+000	6.44990000E-012	6.77010000E-011	-1.50000000E+000	-5.16990000E-011	-1.51700000E-010	*
1.36500000E-011	2.43000000E-011	5.00000000E-001	5.00000000E+000	1.91000000E-011	6.82020000E-011	-1.40000000E+000	-1.98000000E-011	-1.28400000E-010	*
-8.99990000E-012	4.99990000E-013	5.00000000E-001	5.00000000E+000	1.66000000E-011	7.04010000E-011	-1.30000000E+000	7.47990000E-011	-1.43000000E-011	*
-3.44510000E-011	-2.81000000E-011	5.00000000E-001	5.00000000E+000	3.45000000E-012	5.52000000E-011	-1.20000000E+000	1.60300000E-010	8.41000000E-011	*
-3.53500000E-011	-3.72010000E-011	5.00000000E-001	5.00000000E+000	-6.10000000E-012	3.63000000E-011	-1.10000000E+000	1.51750000E-010	1.00300000E-010	*
-9.34980000E-012	-1.14500000E-011	5.00000000E-001	5.00000000E+000	-7.10010000E-012	3.83000000E-011	-1.00000000E+000	5.26000000E-011	8.30000000E-012	*
1.95500000E-011	1.87000000E-011	5.00000000E-001	5.00000000E+000	2.45000000E-012	3.83000000E-011	-9.00000000E-001	-2.03500000E-011	-8.25010000E-011	*
2.47000000E-011	3.11000000E-011	5.00000000E-001	5.00000000E+000	1.52500000E-011	6.17500000E-011	-8.00000000E-001	-5.21010000E-011	-1.04100000E-010	*
6.65000000E-012	9.65010000E-012	5.00000000E-001	5.00000000E+000	2.44000000E-011	6.52990000E-011	-7.00000000E-001	9.99980000E-013	-6.36010000E-011	*
-1.78500000E-011	-1.08000000E-011	5.00000000E-001	5.00000000E+000	2.12000000E-011	6.82510000E-011	-6.00000000E-001	9.62500000E-011	3.72010000E-011	*
-3.56990000E-011	-3.09000000E-011	5.00000000E-001	5.00000000E+000	9.30010000E-012	4.82000000E-011	-5.00000000E-001	1.54800000E-010	1.25850000E-010	*
-3.18000000E-011	-2.99990000E-011	5.00000000E-001	5.00000000E+000	-1.50000000E-012	3.94490000E-011	-4.00000000E-001	1.31750000E-010	9.68500000E-011	*
-1.95000000E-012	-3.90000000E-012	5.00000000E-001	5.00000000E+000	2.35000000E-012	3.70990000E-011	-3.00000000E-001	2.62500000E-011	-1.78000000E-011	*
1.20500000E-011	2.06000000E-011	5.00000000E-001	5.00000000E+000	1.85490000E-011	5.02500000E-011	-2.00000000E-001	-4.48500000E-011	-1.13650000E-010	*
-9.99980000E-013	2.30000000E-011	5.00000000E-001	5.00000000E+000	4.46510000E-011	7.13490000E-011	-1.00000000E-001	-3.66500000E-011	-1.20200000E-010	*
-4.68990000E-011	-7.29990000E-012	5.00000000E-001	5.00000000E+000	5.80000000E-011	7.68990000E-011	0.00000000E+000	4.40000000E-011	-2.09500000E-011	*
-1.15950000E-010	-3.46500000E-011	5.00000000E-001	5.00000000E+000	7.28980000E-011	8.19010000E-011	1.00000000E-001	1.74400000E-010	6.68510000E-011	*
-1.80350000E-010	-6.82510000E-011	5.00000000E-001	5.00000000E+000	8.99010000E-011	7.62480000E-011	2.00000000E-001	2.47100000E-010	1.21450000E-010	*
-1.38750000E-010	-7.39990000E-011	5.00000000E-001	5.00000000E+000	1.44650000E-010	8.76990000E-011	3.00000000E-001	-7.04990000E-012	7.95990000E-011	*
-1.28500000E-010	-8.07500000E-011	5.00000000E-001	5.00000000E+000	1.59650000E-010	1.23050000E-010	4.00000000E-001	-1.01600000E-010	-3.51510000E-011	*
-2.06300000E-010	-1.04100000E-010	5.00000000E-001	5.00000000E+000	1.91450000E-010	1.73450000E-010	5.00000000E-001	2.43500000E-011	-8.81500000E-011	*
-3.08840000E-010	-1.85550000E-010	5.00000000E-001	5.00000000E+000	2.47790000E-010	2.51010000E-010	6.00000000E-001	1.31000000E-010	-4.55490000E-011	*
-3.65450000E-010	-3.25800000E-010	5.00000000E-001	5.00000000E+000	3.48850000E-010	3.39550000E-010	7.00000000E-001	-1.31000000E-011	7.60490000E-011	*
-4.91100000E-010	-5.08610000E-010	5.00000000E-001	5.00000000E+000	4.75240000E-010	4.85100000E-010	8.00000000E-001	-7.05000000E-011	1.86000000E-010	*
-6.79960000E-010	-7.23310000E-010	5.00000000E-001	5.00000000E+000	6.17400000E-010	6.74300000E-010	9.00000000E-001	7.56510000E-011	2.17050000E-010	*
-9.21460000E-010	-1.05170000E-009	5.00000000E-001	5.00000000E+000	8.33810000E-010	1.04840000E-009	1.00000000E+000	1.37800000E-010	1.32050000E-010	*
-1.06350000E-009	-8.81300000E-010	5.00000000E-001	5.00000000E+000	8.35910000E-010	7.98340000E-010	1.10000000E+000	-9.28500000E-011	-1.33700000E-010	*
-1.09150000E-009	-9.21010000E-010	5.00000000E-001	5.00000000E+000	1.08050000E-009	9.41500000E-010	1.20000000E+000	-7.67490000E-011	9.71990000E-011	*
-1.64040000E-009	-1.20800000E-009	5.00000000E-001	5.00000000E+000	1.51950000E-009	1.22700000E-009	1.30000000E+000	1.73350000E-010	-6.18990000E-011	*
-2.39050000E-009	-1.96700000E-009	5.00000000E-001	5.00000000E+000	2.23940000E-009	1.92990000E-009	1.40000000E+000	1.49550000E-010	1.74700000E-010	*
-3.23040000E-009	-2.91140000E-009	5.00000000E-001	5.00000000E+000	3.10990000E-009	2.97890000E-009	1.50000000E+000	2.72500000E-011	-1.21950000E-010	*
-4.50000000E-009	-4.24440000E-009	5.00000000E-001	5.00000000E+000	4.24980000E-009	4.34240000E-009	1.60000000E+000	2.41100000E-010	-1.29850000E-010	*
-6.03490000E-009	-6.05790000E-009	5.00000000E-001	5.00000000E+000	5.75730000E-009	6.08290000E-009	1.70000000E+000	2.36250000E-010	3.62000000E-011	*
-8.29960000E-009	-8.80620000E-009	5.00000000E-001	5.00000000E+000	8.09680000E-009	8.87580000E-009	1.80000000E+000	1.10950000E-010	7.94000000E-011	*
-1.04450000E-008	-1.08150000E-008	5.00000000E-001	5.00000000E+000	1.02900000E-008	1.07150000E-008	1.90000000E+000	-4.24990000E-011	7.79000000E-011	*
-1.57100000E-008	-1.48900000E-008	5.00000000E-001	5.00000000E+000	1.53350000E-008	1.51000000E-008	2.00000000E+000	1.77850000E-010	-6.67480000E-011	*
-2.15500000E-008	-2.12950000E-008	5.00000000E-001	5.00000000E+000	2.13250000E-008	2.11650000E-008	2.10000000E+000	3.11500000E-011	-1.32850000E-010	*
-2.69850000E-008	-3.05210000E-008	5.00000000E-001	5.00000000E+000	2.64250000E-008	3.05410000E-008	2.20000000E+000	-6.16000000E-011	7.69480000E-011	*
-3.43640000E-008	-4.24700000E-008	5.00000000E-001	5.00000000E+000	3.45150000E-008	4.24840000E-008	2.30000000E+000	1.20050000E-010	6.17000000E-011	*
-4.64750000E-008	-5.68450000E-008	5.00000000E-001	5.00000000E+000	4.67410000E-008	5.70350000E-008	2.40000000E+000	-9.21010000E-011	-1.16000000E-010	*
-5.95440000E-008	-7.73250000E-008	5.00000000E-001	5.00000000E+000	5.88350000E-008	7.75210000E-008	2.50000000E+000	1.51500000E-011	-1.07400000E-010	*
-7.53640000E-008	-9.03640000E-008	5.00000000E-001	5.00000000E+000	7.53320000E-008	8.64090000E-008	2.60000000E+000	5.08000000E-011	-1.33200000E-010	*
-8.33490000E-008	-1.01350000E-007	5.00000000E-001	5.00000000E+000	7.80340000E-008	9.69340000E-008	2.70000000E+000	9.78490000E-011	3.51510000E-011	*
-9.95130000E-008	-1.24700000E-007	5.00000000E-001	5.00000000E+000	9.84980000E-008	1.18500000E-007	2.80000000E+000	-5.21500000E-011	-1.94250000E-010	*
-1.18450000E-007	-1.68450000E-007	5.00000000E-001	5.00000000E+000	1.11400000E-007	1.67540000E-007	2.90000000E+000	-6.65500000E-011	-6.75020000E-011	*
-1.36500000E-007	-2.54640000E-007	5.00000000E-001	5.00000000E+000	1.36700000E-007	2.54750000E-007	3.00000000E+000	1.39150000E-010	2.42000000E-011	*
-1.87000000E-007	-3.78000000E-007	5.00000000E-001	5.00000000E+000	1.87350000E-007	3.74990000E-007	3.10000000E+000	-1.06350000E-010	1.38000000E-010	*
-2.52200000E-007	-5.52680000E-007	5.00000000E-001	5.00000000E+000	2.50990000E-007	5.47390000E-007	3.20000000E+000	5.53000000E-011	1.46900000E-010	*
-3.41740000E-007	-8.03180000E-007	5.00000000E-001	5.00000000E+000	3.37650000E-007	8.02190000E-007	3.30000000E+000	1.69500000E-011	7.45000000E-011	*
-4.36400000E-007	-8.23490000E-007	5.00000000E-001	5.00000000E+000	4.30840000E-007	7.67530000E-007	3.40000000E+000	-8.68000000E-011	-4.82500000E-011	*
-5.48490000E-007	-9.28730000E-007	5.00000000E-001	5.00000000E+000	5.48490000E-007	9.27040000E-007	3.50000000E+000	1.12200000E-010	7.61490000E-011	*
-7.08740000E-007	-1.18250000E-006	5.00000000E-001	5.00000000E+000	7.07190000E-007	1.10800000E-006	3.60000000E+000	-7.18000000E-011	-2.62000000E-010	*
-9.00790000E-007	-1.41350000E-006	5.00000000E-001	5.00000000E+000	8.98640000E-007	1.40950000E-006	3.70000000E+000	1.41000000E-011	-2.27150000E-010	*
-9.71430000E-007	-2.08850000E-006	5.00000000E-001	5.00000000E+000	8.91620000E-007	2.09150000E-006	3.80000000E+000	-8.79510000E-011	-1.52450000E-010	*
-9.18630000E-007	-3.02200000E-006	5.00000000E-001	5.00000000E+000	8.72680000E-007	2.99790000E-006	3.90000000E+000	7.40500000E-011	-2.20000000E-011	*
-1.02010000E-006	-4.10600000E-006	5.00000000E-001	5.00000000E+000	1.02600000E-006	4.08040000E-006	4.00000000E+000	-8.13000000E-011	2.59500000E-011	*

TEST RESULTS:  TRANSFER  04/30/2025  15:49:49


SETUP:OUTPUT  04/30/2025  15:50:40
DATE:04/30/2025
TIME:15:50:40

CONDITIONS:

ID:	D	
UNIT:	SMU2	
MODE: SWEEP	
START:	0	
STOP:	5	
PNTS:	51	
STEP:	0.1

ID:	G	
UNIT:	SMU4	
MODE: STEP	
START:	-2	
STOP:	4	
PNTS:	3	
STEP:	3

ID:	S	
UNIT:	SMU1	
MODE: CONST	
VALUE:	0

DATA:  OUTPUT  04/30/2025  15:50:40

IS	IS2	IS3	VD	ID	ID2	ID3	VG	VG2	VG3	IG	IG2	IG3	ACCSTRESS
-3.23490000E-011	-4.44000000E-011	2.65800000E-008	0.00000000E+000	-5.50000000E-012	-1.17400000E-010	-1.72000000E-008	-2.00000000E+000	1.00000000E+000	4.00000000E+000	-1.37000000E-010	4.50000000E-012	2.83000000E-011	0.00000000E+000
2.83500000E-011	-8.06010000E-011	-6.94940000E-007	1.00000000E-001	1.86000000E-011	2.07600000E-010	6.37290000E-007	-2.00000000E+000	1.00000000E+000	4.00000000E+000	-1.12800000E-010	-1.72550000E-010	-9.51490000E-011	*
-1.20000000E-012	-1.92100000E-010	-8.11090000E-007	2.00000000E-001	1.83000000E-011	4.75040000E-010	8.03290000E-007	-2.00000000E+000	1.00000000E+000	4.00000000E+000	-7.95010000E-012	-1.93900000E-010	-9.39620000E-010	*
-2.68000000E-011	-2.59150000E-010	-9.50440000E-007	3.00000000E-001	1.19000000E-011	3.28100000E-010	9.13540000E-007	-2.00000000E+000	1.00000000E+000	4.00000000E+000	8.85510000E-011	-1.21900000E-010	-9.50990000E-011	*
-3.10510000E-011	-3.51650000E-010	-8.81730000E-007	4.00000000E-001	-6.70000000E-012	3.69400000E-010	8.84930000E-007	-2.00000000E+000	1.00000000E+000	4.00000000E+000	8.69990000E-011	6.24990000E-011	-8.48990000E-011	*
-1.01500000E-011	-4.09300000E-010	-1.01490000E-006	5.00000000E-001	-7.95010000E-012	4.41840000E-010	9.97850000E-007	-2.00000000E+000	1.00000000E+000	4.00000000E+000	3.02990000E-011	2.07000000E-011	-9.80260000E-010	*
7.74980000E-012	-3.82140000E-010	-9.74450000E-007	6.00000000E-001	-6.00010000E-012	4.40750000E-010	9.56930000E-007	-2.00000000E+000	1.00000000E+000	4.00000000E+000	-4.24990000E-011	-1.52100000E-010	1.01800000E-010	*
3.08500000E-011	-4.24850000E-010	-8.93720000E-007	7.00000000E-001	1.28500000E-011	4.47700000E-010	8.94680000E-007	-2.00000000E+000	1.00000000E+000	4.00000000E+000	-1.24100000E-010	-3.76000000E-011	-9.71990000E-011	*
3.24010000E-011	-4.71150000E-010	-9.53730000E-007	8.00000000E-001	2.04000000E-011	4.91040000E-010	9.47270000E-007	-2.00000000E+000	1.00000000E+000	4.00000000E+000	-1.13750000E-010	6.55010000E-011	-6.38810000E-010	*
5.64990000E-012	-4.46800000E-010	-9.76780000E-007	9.00000000E-001	2.46000000E-011	5.29210000E-010	9.73410000E-007	-2.00000000E+000	1.00000000E+000	4.00000000E+000	-7.64990000E-012	-1.24500000E-010	-1.10000000E-010	*
-2.80000000E-011	-4.39800000E-010	-1.00500000E-006	1.00000000E+000	7.54990000E-012	5.04740000E-010	1.00800000E-006	-2.00000000E+000	1.00000000E+000	4.00000000E+000	8.62490000E-011	-1.11550000E-010	-5.37540000E-010	*
-2.95000000E-011	-5.12590000E-010	-1.03530000E-006	1.10000000E+000	-5.69990000E-012	5.24210000E-010	1.02350000E-006	-2.00000000E+000	1.00000000E+000	4.00000000E+000	8.61000000E-011	5.62010000E-011	8.35990000E-011	*
-7.79990000E-012	-4.96610000E-010	-1.06600000E-006	1.20000000E+000	-5.45010000E-012	5.39190000E-010	1.07350000E-006	-2.00000000E+000	1.00000000E+000	4.00000000E+000	1.32000000E-011	-3.40000000E-011	3.58500000E-011	*
1.62500000E-011	-4.47200000E-010	-1.08550000E-006	1.30000000E+000	1.75000000E-012	5.34500000E-010	1.08800000E-006	-2.00000000E+000	1.00000000E+000	4.00000000E+000	-7.75980000E-011	-1.64450000E-010	-3.93360000E-010	*
3.48500000E-011	-5.07610000E-010	-1.07950000E-006	1.40000000E+000	1.77500000E-011	5.36290000E-010	1.09000000E-006	-2.00000000E+000	1.00000000E+000	4.00000000E+000	-1.19800000E-010	1.55500000E-011	-5.38960000E-010	*
1.65000000E-011	-5.56810000E-010	-1.11550000E-006	1.50000000E+000	2.56500000E-011	5.68240000E-010	1.12200000E-006	-2.00000000E+000	1.00000000E+000	4.00000000E+000	-7.32000000E-011	5.21500000E-011	-5.36690000E-010	*
-1.14500000E-011	-4.87090000E-010	-1.14150000E-006	1.60000000E+000	2.53500000E-011	5.54510000E-010	1.13450000E-006	-2.00000000E+000	1.00000000E+000	4.00000000E+000	3.52500000E-011	-1.36250000E-010	-4.21790000E-010	*
-2.73000000E-011	-5.07300000E-010	-1.16200000E-006	1.70000000E+000	8.05000000E-012	5.41090000E-010	1.17050000E-006	-2.00000000E+000	1.00000000E+000	4.00000000E+000	9.61510000E-011	-5.43490000E-011	-3.41500000E-010	*
-3.08500000E-011	-5.50390000E-010	-1.17150000E-006	1.80000000E+000	-2.65000000E-012	5.44450000E-010	1.18550000E-006	-2.00000000E+000	1.00000000E+000	4.00000000E+000	1.02050000E-010	9.38980000E-011	-3.34200000E-010	*
-1.10000000E-012	-5.16140000E-010	-1.18300000E-006	1.90000000E+000	1.75000000E-012	5.61700000E-010	1.18400000E-006	-2.00000000E+000	1.00000000E+000	4.00000000E+000	3.25000000E-012	-4.46510000E-011	-4.08800000E-010	*
2.59990000E-011	-4.89650000E-010	-1.19150000E-006	2.00000000E+000	-2.10000000E-012	5.42910000E-010	1.19450000E-006	-2.00000000E+000	1.00000000E+000	4.00000000E+000	-8.34500000E-011	-1.23450000E-010	-4.97640000E-010	*
3.26990000E-011	-5.29440000E-010	-1.20450000E-006	2.10000000E+000	2.12000000E-011	5.38560000E-010	1.21200000E-006	-2.00000000E+000	1.00000000E+000	4.00000000E+000	-1.09500000E-010	5.22000000E-011	-5.18100000E-010	*
1.86000000E-011	-5.60390000E-010	-1.20250000E-006	2.20000000E+000	2.05000000E-011	5.50760000E-010	1.20700000E-006	-2.00000000E+000	1.00000000E+000	4.00000000E+000	-5.46000000E-011	6.52990000E-011	-4.28340000E-010	*
-1.12500000E-011	-4.89650000E-010	-1.20300000E-006	2.30000000E+000	2.22500000E-011	5.67750000E-010	1.19650000E-006	-2.00000000E+000	1.00000000E+000	4.00000000E+000	4.08490000E-011	-1.19450000E-010	-3.11700000E-010	*
-2.73000000E-011	-5.04060000E-010	-1.19750000E-006	2.40000000E+000	1.44000000E-011	5.32850000E-010	1.19600000E-006	-2.00000000E+000	1.00000000E+000	4.00000000E+000	9.49000000E-011	-1.73500000E-011	-2.31900000E-010	*
-2.55990000E-011	-5.56750000E-010	-1.18800000E-006	2.50000000E+000	-1.15000000E-012	5.60390000E-010	1.18850000E-006	-2.00000000E+000	1.00000000E+000	4.00000000E+000	9.68010000E-011	1.04250000E-010	-2.45250000E-010	*
-2.14990000E-012	-5.32990000E-010	-1.16250000E-006	2.60000000E+000	-7.70000000E-012	5.76110000E-010	1.17500000E-006	-2.00000000E+000	1.00000000E+000	4.00000000E+000	2.35000000E-012	-3.70000000E-011	-3.63140000E-010	*
2.68490000E-011	-5.04660000E-010	-1.15050000E-006	2.70000000E+000	8.14990000E-012	5.61190000E-010	1.15200000E-006	-2.00000000E+000	1.00000000E+000	4.00000000E+000	-7.81490000E-011	-1.23300000E-010	-4.29750000E-010	*
2.88500000E-011	-5.63940000E-010	-1.13250000E-006	2.80000000E+000	2.07490000E-011	5.47740000E-010	1.13600000E-006	-2.00000000E+000	1.00000000E+000	4.00000000E+000	-1.03300000E-010	8.55000000E-011	-4.24800000E-010	*
1.52500000E-011	-5.61550000E-010	-1.11600000E-006	2.90000000E+000	3.20510000E-011	5.78640000E-010	1.11550000E-006	-2.00000000E+000	1.00000000E+000	4.00000000E+000	-5.24010000E-011	4.48500000E-011	-3.05150000E-010	*
-1.42500000E-011	-5.09090000E-010	-1.11550000E-006	3.00000000E+000	1.69000000E-011	5.83240000E-010	1.11100000E-006	-2.00000000E+000	1.00000000E+000	4.00000000E+000	5.03490000E-011	-1.18400000E-010	-2.10500000E-010	*
-3.16490000E-011	-5.26200000E-010	-1.09850000E-006	3.10000000E+000	1.22500000E-011	5.43740000E-010	1.09800000E-006	-2.00000000E+000	1.00000000E+000	4.00000000E+000	9.37990000E-011	-1.89000000E-011	-1.61450000E-010	*
-2.64500000E-011	-5.72950000E-010	-1.08300000E-006	3.20000000E+000	-2.20000000E-012	5.46290000E-010	1.08050000E-006	-2.00000000E+000	1.00000000E+000	4.00000000E+000	9.41500000E-011	9.84490000E-011	-1.99050000E-010	*
-1.20000000E-012	-5.53340000E-010	-1.06450000E-006	3.30000000E+000	-1.25000000E-012	5.77160000E-010	1.07050000E-006	-2.00000000E+000	1.00000000E+000	4.00000000E+000	-6.65000000E-012	-2.57000000E-011	-3.02550000E-010	*
2.40000000E-011	-4.98600000E-010	-1.07300000E-006	3.40000000E+000	4.20000000E-012	5.48110000E-010	1.06850000E-006	-2.00000000E+000	1.00000000E+000	4.00000000E+000	-9.68010000E-011	-1.25750000E-010	-3.73100000E-010	*
3.19000000E-011	-5.52090000E-010	-1.04150000E-006	3.50000000E+000	2.27990000E-011	5.28700000E-010	1.04700000E-006	-2.00000000E+000	1.00000000E+000	4.00000000E+000	-1.16350000E-010	6.39990000E-011	-3.40800000E-010	*
1.57000000E-011	-5.55590000E-010	-1.02700000E-006	3.60000000E+000	2.33500000E-011	5.48140000E-010	1.03000000E-006	-2.00000000E+000	1.00000000E+000	4.00000000E+000	-5.48010000E-011	7.80500000E-011	-2.15650000E-010	*
-1.54000000E-011	-5.07840000E-010	-1.02650000E-006	3.70000000E+000	2.88000000E-011	5.60050000E-010	1.00770000E-006	-2.00000000E+000	1.00000000E+000	4.00000000E+000	5.00510000E-011	-1.13500000E-010	-3.05650000E-010	*
-2.81000000E-011	-5.36860000E-010	-1.00500000E-006	3.80000000E+000	1.34000000E-011	5.40840000E-010	1.00010000E-006	-2.00000000E+000	1.00000000E+000	4.00000000E+000	1.02950000E-010	-3.63990000E-011	-8.60010000E-011	*
-2.92990000E-011	-5.71990000E-010	-9.88250000E-007	3.90000000E+000	3.99990000E-012	5.45500000E-010	9.84060000E-007	-2.00000000E+000	1.00000000E+000	4.00000000E+000	8.77980000E-011	9.41010000E-011	-1.79750000E-010	*
-3.50000000E-013	-5.43740000E-010	-9.73230000E-007	4.00000000E+000	7.10010000E-012	5.72840000E-010	9.72130000E-007	-2.00000000E+000	1.00000000E+000	4.00000000E+000	-1.99500000E-011	-1.21000000E-011	-2.94750000E-010	*
2.68000000E-011	-5.11990000E-010	-9.65780000E-007	4.10000000E+000	1.39000000E-011	5.54310000E-010	9.60890000E-007	-2.00000000E+000	1.00000000E+000	4.00000000E+000	-1.11200000E-010	-1.27850000E-010	-3.06950000E-010	*
2.78000000E-011	-5.50360000E-010	-9.55300000E-007	4.20000000E+000	3.87990000E-011	5.46690000E-010	9.57400000E-007	-2.00000000E+000	1.00000000E+000	4.00000000E+000	-1.26200000E-010	4.90010000E-011	-2.14800000E-010	*
9.69980000E-012	-5.69290000E-010	-9.55010000E-007	4.30000000E+000	4.17000000E-011	5.67040000E-010	9.48430000E-007	-2.00000000E+000	1.00000000E+000	4.00000000E+000	-5.38500000E-011	6.04990000E-011	-1.26000000E-010	*
-1.45500000E-011	-5.17300000E-010	-9.24070000E-007	4.40000000E+000	4.35490000E-011	5.64510000E-010	9.30240000E-007	-2.00000000E+000	1.00000000E+000	4.00000000E+000	2.72500000E-011	-1.02500000E-010	-6.47480000E-011	*
-3.12000000E-011	-5.32000000E-010	-9.20490000E-007	4.50000000E+000	4.23010000E-011	5.55560000E-010	9.23170000E-007	-2.00000000E+000	1.00000000E+000	4.00000000E+000	8.86010000E-011	-2.47500000E-011	-9.75010000E-011	*
-2.46000000E-011	-5.86340000E-010	-9.02630000E-007	4.60000000E+000	4.67010000E-011	5.55560000E-010	9.02770000E-007	-2.00000000E+000	1.00000000E+000	4.00000000E+000	4.21990000E-011	1.02750000E-010	-2.03250000E-010	*
6.99990000E-013	-5.44300000E-010	-8.98580000E-007	4.70000000E+000	6.19990000E-011	5.72240000E-010	8.94820000E-007	-2.00000000E+000	1.00000000E+000	4.00000000E+000	-6.93490000E-011	-1.24500000E-011	-2.52400000E-010	*
2.37990000E-011	-5.15260000E-010	-8.88630000E-007	4.80000000E+000	7.41490000E-011	5.51490000E-010	8.82780000E-007	-2.00000000E+000	1.00000000E+000	4.00000000E+000	-1.81800000E-010	-1.01450000E-010	-2.12100000E-010	*
3.43990000E-011	-5.62150000E-010	-8.78120000E-007	4.90000000E+000	1.29900000E-010	5.38190000E-010	8.76930000E-007	-2.00000000E+000	1.00000000E+000	4.00000000E+000	-2.20650000E-010	9.44990000E-011	-8.27000000E-011	*
4.05010000E-012	-5.73010000E-010	-8.73690000E-007	5.00000000E+000	1.83450000E-010	5.66160000E-010	8.71980000E-007	-2.00000000E+000	1.00000000E+000	4.00000000E+000	-1.68500000E-010	6.05490000E-011	-1.45000000E-012	*

TEST RESULTS:  OUTPUT  04/30/2025  15:50:40


