ATTRIBUTES:

Attribute #1:C:\Metrics\ics\projects\6.2600J_S25\transistor_measurement.ics
Attribute #2:Test
Attribute #3:dev1
Attribute #4:PASSED
SETUP:TRANSFER  04/30/2025  16:28:09
DATE:04/30/2025
TIME:16:28:09

CONDITIONS:

ID:	D	
UNIT:	SMU2	
MODE: STEP	
START:	0.5	
STOP:	5	
PNTS:	2	
STEP:	4.5

ID:	G	
UNIT:	SMU4	
MODE: SWEEP	
START:	-2	
STOP:	4	
PNTS:	61	
STEP:	0.1

ID:	S	
UNIT:	SMU1	
MODE: CONST	
VALUE:	0

DATA:  TRANSFER  04/30/2025  16:28:09

IS	IS2	VD	VD2	ID	ID2	VG	IG	IG2	ACCSTRESS
-2.12700000E-010	1.50000000E-012	5.00000000E-001	5.00000000E+000	-2.61590000E-010	1.64300000E-010	-2.00000000E+000	2.65000000E-010	-6.87010000E-009	0.00000000E+000
-2.63850000E-010	2.17300000E-010	5.00000000E-001	5.00000000E+000	-8.85510000E-011	3.32950000E-010	-1.90000000E+000	1.12650000E-008	-2.75000000E-009	*
-2.26550000E-010	2.66650000E-010	5.00000000E-001	5.00000000E+000	-2.48250000E-010	2.00250000E-010	-1.80000000E+000	3.72490000E-009	-7.92990000E-009	*
-7.45500000E-011	1.31350000E-010	5.00000000E-001	5.00000000E+000	-2.32700000E-010	-6.99990000E-011	-1.70000000E+000	-1.55000000E-010	-4.42490000E-009	*
-2.18950000E-010	-1.01450000E-010	5.00000000E-001	5.00000000E+000	-2.50050000E-010	-2.09300000E-010	-1.60000000E+000	2.64500000E-009	2.02500000E-009	*
-6.74480000E-011	-4.44500000E-011	5.00000000E-001	5.00000000E+000	-2.34150000E-010	-2.08950000E-010	-1.50000000E+000	7.30010000E-010	3.60000000E-010	*
-1.97450000E-010	-7.57510000E-011	5.00000000E-001	5.00000000E+000	-2.56900000E-010	-2.22600000E-010	-1.40000000E+000	2.55500000E-009	9.79980000E-010	*
-2.55350000E-010	2.84900000E-010	5.00000000E-001	5.00000000E+000	-1.40800000E-010	1.18500000E-010	-1.30000000E+000	8.21500000E-009	-1.09850000E-008	*
2.58400000E-010	2.33600000E-010	5.00000000E-001	5.00000000E+000	1.44100000E-010	2.64250000E-010	-1.20000000E+000	-8.06990000E-009	-3.95490000E-009	*
-2.48150000E-010	5.41510000E-011	5.00000000E-001	5.00000000E+000	-1.42050000E-010	2.25400000E-010	-1.10000000E+000	7.84980000E-009	-5.30010000E-010	*
-2.50450000E-010	7.04010000E-011	5.00000000E-001	5.00000000E+000	-1.41100000E-010	2.29250000E-010	-1.00000000E+000	7.65520000E-009	-4.34990000E-010	*
2.12150000E-010	8.86510000E-011	5.00000000E-001	5.00000000E+000	2.54340000E-010	2.32250000E-010	-9.00000000E-001	-2.56500000E-009	-1.59990000E-010	*
2.55200000E-010	1.23850000E-010	5.00000000E-001	5.00000000E+000	1.51550000E-010	2.40600000E-010	-8.00000000E-001	-7.82980000E-009	-5.15000000E-010	*
1.47400000E-010	1.33500000E-010	5.00000000E-001	5.00000000E+000	-6.37000000E-011	-1.28850000E-010	-7.00000000E-001	-7.01490000E-009	-6.56500000E-009	*
-2.04050000E-010	-6.11490000E-011	5.00000000E-001	5.00000000E+000	-2.55950000E-010	-2.31900000E-010	-6.00000000E-001	3.37500000E-009	2.20000000E-010	*
-5.77000000E-011	-2.35940000E-010	5.00000000E-001	5.00000000E+000	-2.30650000E-010	-1.30550000E-010	-5.00000000E-001	3.39990000E-010	8.58520000E-009	*
-1.76750000E-010	-2.15650000E-010	5.00000000E-001	5.00000000E+000	-2.43740000E-010	-1.58750000E-010	-4.00000000E-001	2.71990000E-009	5.42990000E-009	*
-1.99350000E-010	-1.98550000E-010	5.00000000E-001	5.00000000E+000	-2.59550000E-010	-2.42690000E-010	-3.00000000E-001	3.58000000E-009	2.68500000E-009	*
2.22500000E-010	-2.62000000E-011	5.00000000E-001	5.00000000E+000	2.53000000E-010	-2.28650000E-010	-2.00000000E-001	-3.72490000E-009	8.04990000E-010	*
1.01350000E-010	-6.60490000E-011	5.00000000E-001	5.00000000E+000	2.30300000E-010	-2.32100000E-010	-1.00000000E-001	-2.55000000E-010	3.90000000E-010	*
2.66160000E-010	-2.28650000E-010	5.00000000E-001	5.00000000E+000	1.29950000E-010	-1.19900000E-010	0.00000000E+000	-8.41510000E-009	8.57020000E-009	*
2.39000000E-010	-2.33600000E-010	5.00000000E-001	5.00000000E+000	1.75250000E-010	-1.29750000E-010	1.00000000E-001	-3.83510000E-009	8.04990000E-009	*
1.70250000E-010	-2.12250000E-010	5.00000000E-001	5.00000000E+000	2.48850000E-010	-1.60600000E-010	2.00000000E-001	-1.38500000E-009	4.06500000E-009	*
7.96480000E-011	-1.73650000E-010	5.00000000E-001	5.00000000E+000	2.25450000E-010	-2.51900000E-010	3.00000000E-001	-8.49990000E-011	3.55500000E-009	*
2.39690000E-010	-1.72500000E-011	5.00000000E-001	5.00000000E+000	2.45610000E-010	-2.17700000E-010	4.00000000E-001	-3.42500000E-009	4.15000000E-010	*
5.27510000E-011	-4.38500000E-011	5.00000000E-001	5.00000000E+000	2.42550000E-010	-2.30800000E-010	5.00000000E-001	8.49990000E-011	3.00010000E-011	*
4.65990000E-011	-1.98500000E-010	5.00000000E-001	5.00000000E+000	2.94510000E-010	-2.42100000E-010	6.00000000E-001	-7.95010000E-010	2.71490000E-009	*
-3.21290000E-010	-1.50000000E-010	5.00000000E-001	5.00000000E+000	-1.35750000E-010	-1.16250000E-010	7.00000000E-001	2.58500000E-009	5.75000000E-010	*
-1.60550000E-010	-1.98000000E-009	5.00000000E-001	5.00000000E+000	-1.18200000E-010	1.63600000E-009	8.00000000E-001	6.65010000E-010	-5.84010000E-009	*
-2.31650000E-010	-1.51400000E-008	5.00000000E-001	5.00000000E+000	-9.21010000E-011	1.57450000E-008	9.00000000E-001	-2.55000000E-010	6.38010000E-009	*
-4.19940000E-010	-7.23880000E-008	5.00000000E-001	5.00000000E+000	-6.31990000E-011	7.27810000E-008	1.00000000E+000	3.07500000E-009	-4.30000000E-010	*
-3.36200000E-010	-2.10300000E-007	5.00000000E-001	5.00000000E+000	2.35000000E-012	2.09550000E-007	1.10000000E+000	1.40000000E-010	-7.42490000E-009	*
-5.79400000E-010	-4.85950000E-007	5.00000000E-001	5.00000000E+000	1.52100000E-010	4.85040000E-007	1.20000000E+000	7.81480000E-009	7.69470000E-009	*
-6.65010000E-010	-9.22180000E-007	5.00000000E-001	5.00000000E+000	2.44360000E-010	9.21020000E-007	1.30000000E+000	7.86480000E-009	2.39000000E-009	*
-7.66450000E-010	-1.31350000E-006	5.00000000E-001	5.00000000E+000	3.46740000E-010	1.28250000E-006	1.40000000E+000	7.90490000E-009	2.85500000E-009	*
-9.23250000E-010	-1.82950000E-006	5.00000000E-001	5.00000000E+000	5.02160000E-010	1.82550000E-006	1.50000000E+000	7.81980000E-009	-8.49010000E-009	*
-1.05180000E-009	-2.59440000E-006	5.00000000E-001	5.00000000E+000	7.21150000E-010	2.59090000E-006	1.60000000E+000	1.08250000E-008	-4.88990000E-009	*
-4.94400000E-010	-3.52140000E-006	5.00000000E-001	5.00000000E+000	7.85490000E-010	3.49990000E-006	1.70000000E+000	-2.10000000E-010	-2.73000000E-009	*
-5.64450000E-010	-4.61800000E-006	5.00000000E-001	5.00000000E+000	9.74070000E-010	4.60190000E-006	1.80000000E+000	-2.58000000E-009	-2.08000000E-009	*
-1.01800000E-009	-5.89550000E-006	5.00000000E-001	5.00000000E+000	5.17190000E-010	5.86200000E-006	1.90000000E+000	-2.09000000E-009	2.73500000E-009	*
-1.25790000E-009	-7.43150000E-006	5.00000000E-001	5.00000000E+000	8.12890000E-010	7.39490000E-006	2.00000000E+000	8.52510000E-009	2.93000000E-009	*
-1.41450000E-009	-9.21820000E-006	5.00000000E-001	5.00000000E+000	1.25350000E-009	9.16010000E-006	2.10000000E+000	4.58000000E-009	2.92000000E-009	*
-1.94700000E-009	-8.86250000E-006	5.00000000E-001	5.00000000E+000	1.35750000E-009	8.40240000E-006	2.20000000E+000	3.86990000E-009	1.90000000E-010	*
-2.46390000E-009	-9.67410000E-006	5.00000000E-001	5.00000000E+000	1.94700000E-009	9.62430000E-006	2.30000000E+000	6.30000000E-010	-3.95000000E-010	*
-3.54640000E-009	-1.00760000E-005	5.00000000E-001	5.00000000E+000	2.84150000E-009	9.64430000E-006	2.40000000E+000	8.42510000E-009	4.80010000E-010	*
-4.62500000E-009	-1.00160000E-005	5.00000000E-001	5.00000000E+000	3.81850000E-009	9.64060000E-006	2.50000000E+000	6.61500000E-009	4.58500000E-009	*
-5.95740000E-009	-1.04650000E-005	5.00000000E-001	5.00000000E+000	4.97330000E-009	1.03250000E-005	2.60000000E+000	3.75010000E-009	-1.06000000E-009	*
-7.54830000E-009	-1.24750000E-005	5.00000000E-001	5.00000000E+000	6.62180000E-009	1.24450000E-005	2.70000000E+000	8.85000000E-010	3.20010000E-009	*
-1.00350000E-008	-1.56200000E-005	5.00000000E-001	5.00000000E+000	8.83620000E-009	1.55650000E-005	2.80000000E+000	1.62000000E-009	2.28500000E-009	*
-1.18100000E-008	-1.91000000E-005	5.00000000E-001	5.00000000E+000	1.01550000E-008	1.90250000E-005	2.90000000E+000	-4.59000000E-009	-1.64000000E-009	*
-1.76600000E-008	-2.30400000E-005	5.00000000E-001	5.00000000E+000	1.48850000E-008	2.29150000E-005	3.00000000E+000	2.37000000E-009	9.64020000E-009	*
-2.48200000E-008	-2.74650000E-005	5.00000000E-001	5.00000000E+000	2.10700000E-008	2.74350000E-005	3.10000000E+000	5.31510000E-009	-1.26500000E-009	*
-3.48500000E-008	-3.26090000E-005	5.00000000E-001	5.00000000E+000	2.95400000E-008	3.24750000E-005	3.20000000E+000	7.06500000E-009	6.09990000E-010	*
-4.83100000E-008	-3.79940000E-005	5.00000000E-001	5.00000000E+000	4.04110000E-008	3.79100000E-005	3.30000000E+000	9.79480000E-009	1.19150000E-008	*
-6.66150000E-008	-4.42040000E-005	5.00000000E-001	5.00000000E+000	5.61850000E-008	4.41450000E-005	3.40000000E+000	1.15900000E-008	1.27150000E-008	*
-8.81080000E-008	-5.10080000E-005	5.00000000E-001	5.00000000E+000	7.60410000E-008	5.08800000E-005	3.50000000E+000	1.01800000E-008	9.59520000E-009	*
-8.28540000E-008	-5.86250000E-005	5.00000000E-001	5.00000000E+000	8.28760000E-008	5.83750000E-005	3.60000000E+000	-1.38000000E-009	1.11300000E-008	*
-8.97490000E-008	-6.65410000E-005	5.00000000E-001	5.00000000E+000	8.39750000E-008	6.63590000E-005	3.70000000E+000	8.09500000E-009	8.27000000E-009	*
-1.05500000E-007	-7.48300000E-005	5.00000000E-001	5.00000000E+000	1.02300000E-007	7.45690000E-005	3.80000000E+000	2.52500000E-009	4.79510000E-009	*
-1.50200000E-007	-8.35990000E-005	5.00000000E-001	5.00000000E+000	1.45450000E-007	8.32940000E-005	3.90000000E+000	3.28000000E-009	2.09500000E-009	*
-2.04290000E-007	-9.32330000E-005	5.00000000E-001	5.00000000E+000	1.99900000E-007	9.28600000E-005	4.00000000E+000	1.76000000E-009	4.13000000E-009	*

TEST RESULTS:  TRANSFER  04/30/2025  16:28:09


SETUP:OUTPUT  04/30/2025  16:28:41
DATE:04/30/2025
TIME:16:28:41

CONDITIONS:

ID:	D	
UNIT:	SMU2	
MODE: SWEEP	
START:	0	
STOP:	5	
PNTS:	51	
STEP:	0.1

ID:	G	
UNIT:	SMU4	
MODE: STEP	
START:	-2	
STOP:	4	
PNTS:	3	
STEP:	3

ID:	S	
UNIT:	SMU1	
MODE: CONST	
VALUE:	0

DATA:  OUTPUT  04/30/2025  16:28:41

IS	IS2	IS3	VD	ID	ID2	ID3	VG	VG2	VG3	IG	IG2	IG3	ACCSTRESS
2.53450000E-010	1.84200000E-010	2.42600000E-009	0.00000000E+000	2.35940000E-010	2.16050000E-010	-2.61990000E-010	-2.00000000E+000	1.00000000E+000	4.00000000E+000	1.99000000E-009	-2.16500000E-009	-3.79010000E-009	0.00000000E+000
1.18150000E-010	-1.40500000E-010	-5.57990000E-008	1.00000000E-001	2.39990000E-010	4.39700000E-010	5.44240000E-008	-2.00000000E+000	1.00000000E+000	4.00000000E+000	-9.89990000E-010	-1.10000000E-010	-3.77010000E-009	*
-2.09500000E-010	-3.67150000E-010	-1.28940000E-007	2.00000000E-001	-2.53290000E-010	7.65790000E-010	1.28400000E-007	-2.00000000E+000	1.00000000E+000	4.00000000E+000	2.68500000E-009	-6.99990000E-011	-3.27000000E-009	*
-5.33490000E-011	-9.91580000E-010	-2.56100000E-007	3.00000000E-001	-2.39300000E-010	6.04980000E-010	2.55750000E-007	-2.00000000E+000	1.00000000E+000	4.00000000E+000	5.49990000E-010	6.26000000E-009	3.47990000E-009	*
-2.08600000E-010	-9.04980000E-010	-4.20240000E-007	4.00000000E-001	-2.45710000E-010	1.12350000E-009	4.18500000E-007	-2.00000000E+000	1.00000000E+000	4.00000000E+000	3.41000000E-009	-9.04490000E-009	-6.17500000E-009	*
-5.53500000E-011	-1.83890000E-009	-6.35130000E-007	5.00000000E-001	-2.35200000E-010	1.40100000E-009	6.30820000E-007	-2.00000000E+000	1.00000000E+000	4.00000000E+000	4.75010000E-010	4.03500000E-009	-7.95990000E-009	*
-1.62950000E-010	-2.26840000E-009	-9.07540000E-007	6.00000000E-001	-2.48650000E-010	2.01900000E-009	9.12580000E-007	-2.00000000E+000	1.00000000E+000	4.00000000E+000	2.71490000E-009	2.55000000E-010	-1.21500000E-009	*
-8.55990000E-011	-3.07590000E-009	-1.05900000E-006	7.00000000E-001	-2.35000000E-010	2.78090000E-009	1.00790000E-006	-2.00000000E+000	1.00000000E+000	4.00000000E+000	5.90010000E-010	1.13500000E-009	-1.60000000E-009	*
-2.55100000E-010	-3.46890000E-009	-1.15250000E-006	8.00000000E-001	-1.21150000E-010	3.87740000E-009	1.15450000E-006	-2.00000000E+000	1.00000000E+000	4.00000000E+000	8.78480000E-009	-1.08050000E-008	-2.49500000E-009	*
-2.38640000E-010	-4.52090000E-009	-1.45800000E-006	9.00000000E-001	-1.42500000E-010	5.05380000E-009	1.45750000E-006	-2.00000000E+000	1.00000000E+000	4.00000000E+000	7.38510000E-009	-4.31010000E-009	-3.14000000E-009	*
-2.07950000E-010	-5.75350000E-009	-1.81800000E-006	1.00000000E+000	-2.58850000E-010	6.07430000E-009	1.81200000E-006	-2.00000000E+000	1.00000000E+000	4.00000000E+000	3.88490000E-009	-2.00000000E-009	4.31010000E-009	*
-5.84000000E-011	-6.99040000E-009	-2.13800000E-006	1.10000000E+000	-2.25350000E-010	7.30280000E-009	2.14500000E-006	-2.00000000E+000	1.00000000E+000	4.00000000E+000	1.75000000E-010	-1.40500000E-009	7.74480000E-009	*
-1.09350000E-010	-7.69570000E-009	-2.51000000E-006	1.20000000E+000	-2.35050000E-010	8.05450000E-009	2.52450000E-006	-2.00000000E+000	1.00000000E+000	4.00000000E+000	2.17500000E-009	-4.05000000E-010	-1.21500000E-009	*
-7.27990000E-011	-9.09170000E-009	-2.94150000E-006	1.30000000E+000	-2.32250000E-010	9.50290000E-009	2.94690000E-006	-2.00000000E+000	1.00000000E+000	4.00000000E+000	-6.99990000E-011	-3.44000000E-009	-8.34500000E-009	*
-2.61100000E-010	-1.01410000E-008	-3.31200000E-006	1.40000000E+000	-1.02000000E-010	1.07000000E-008	3.32750000E-006	-2.00000000E+000	1.00000000E+000	4.00000000E+000	9.36500000E-009	3.78010000E-009	2.99500000E-009	*
-2.42000000E-010	-1.11750000E-008	-3.72800000E-006	1.50000000E+000	-1.43700000E-010	1.20300000E-008	3.76150000E-006	-2.00000000E+000	1.00000000E+000	4.00000000E+000	8.00490000E-009	-2.36500000E-009	3.07500000E-009	*
-2.50050000E-010	-1.27850000E-008	-4.15650000E-006	1.60000000E+000	-1.28850000E-010	1.28800000E-008	4.16140000E-006	-2.00000000E+000	1.00000000E+000	4.00000000E+000	8.09990000E-009	-2.16000000E-009	1.04500000E-009	*
-2.57100000E-010	-1.46550000E-008	-4.62500000E-006	1.70000000E+000	-1.17250000E-010	1.48100000E-008	4.64450000E-006	-2.00000000E+000	1.00000000E+000	4.00000000E+000	8.66520000E-009	2.54000000E-009	-1.22500000E-009	*
-2.41040000E-010	-1.58950000E-008	-5.15050000E-006	1.80000000E+000	-1.44650000E-010	1.57750000E-008	5.15090000E-006	-2.00000000E+000	1.00000000E+000	4.00000000E+000	7.86980000E-009	8.23500000E-009	1.06500000E-009	*
-2.51940000E-010	-1.70750000E-008	-5.63590000E-006	1.90000000E+000	-1.31350000E-010	1.68500000E-008	5.64640000E-006	-2.00000000E+000	1.00000000E+000	4.00000000E+000	8.15500000E-009	-2.44490000E-009	-1.43000000E-009	*
2.68240000E-010	-1.89700000E-008	-6.12480000E-006	2.00000000E+000	9.55000000E-011	1.87200000E-008	6.18240000E-006	-2.00000000E+000	1.00000000E+000	4.00000000E+000	-1.14300000E-008	2.43990000E-009	1.69500000E-009	*
2.44000000E-010	-2.07150000E-008	-6.67940000E-006	2.10000000E+000	2.35440000E-010	2.06650000E-008	6.69550000E-006	-2.00000000E+000	1.00000000E+000	4.00000000E+000	-3.55000000E-009	8.40510000E-009	1.15500000E-009	*
2.56850000E-010	-2.23950000E-008	-7.25200000E-006	2.20000000E+000	1.61600000E-010	2.26800000E-008	7.29200000E-006	-2.00000000E+000	1.00000000E+000	4.00000000E+000	-7.80980000E-009	3.66000000E-009	-1.17500000E-009	*
1.48050000E-010	-2.39300000E-008	-7.77100000E-006	2.30000000E+000	-6.22510000E-011	2.40800000E-008	7.78680000E-006	-2.00000000E+000	1.00000000E+000	4.00000000E+000	-4.17500000E-009	-2.89000000E-009	1.28500000E-009	*
-2.52950000E-010	-2.68900000E-008	-8.30560000E-006	2.40000000E+000	-1.18700000E-010	2.65350000E-008	8.28970000E-006	-2.00000000E+000	1.00000000E+000	4.00000000E+000	8.67020000E-009	8.38510000E-009	-4.21000000E-009	*
-2.52450000E-010	-2.88700000E-008	-8.88340000E-006	2.50000000E+000	-1.29050000E-010	2.88500000E-008	8.87320000E-006	-2.00000000E+000	1.00000000E+000	4.00000000E+000	7.97990000E-009	2.16000000E-009	1.87500000E-009	*
-2.31650000E-010	-3.06500000E-008	-9.31840000E-006	2.60000000E+000	-1.56100000E-010	3.06300000E-008	9.34440000E-006	-2.00000000E+000	1.00000000E+000	4.00000000E+000	4.65000000E-009	-2.52500000E-009	2.35500000E-009	*
-1.72700000E-010	-3.35350000E-008	-9.84830000E-006	2.70000000E+000	-2.46640000E-010	3.33490000E-008	9.87760000E-006	-2.00000000E+000	1.00000000E+000	4.00000000E+000	2.52500000E-009	8.18500000E-009	2.25500000E-009	*
-2.14050000E-010	-3.50990000E-008	-1.03910000E-005	2.80000000E+000	-2.42950000E-010	3.53360000E-008	1.04280000E-005	-2.00000000E+000	1.00000000E+000	4.00000000E+000	3.25500000E-009	-7.79480000E-009	2.33000000E-009	*
-1.30150000E-010	-3.78750000E-008	-1.10950000E-005	2.90000000E+000	-2.33950000E-010	3.74350000E-008	1.10900000E-005	-2.00000000E+000	1.00000000E+000	4.00000000E+000	9.00000000E-010	6.55010000E-010	1.17050000E-008	*
-6.75510000E-011	-4.11800000E-008	-1.15300000E-005	3.00000000E+000	-2.22100000E-010	4.06850000E-008	1.15000000E-005	-2.00000000E+000	1.00000000E+000	4.00000000E+000	6.60010000E-010	4.24010000E-009	8.46010000E-009	*
-1.96050000E-010	-4.29700000E-008	-1.20350000E-005	3.10000000E+000	-2.52950000E-010	4.28500000E-008	1.20450000E-005	-2.00000000E+000	1.00000000E+000	4.00000000E+000	3.12500000E-009	6.24000000E-009	1.40500000E-009	*
2.43600000E-010	-4.57090000E-008	-1.25550000E-005	3.20000000E+000	2.43350000E-010	4.57090000E-008	1.25700000E-005	-2.00000000E+000	1.00000000E+000	4.00000000E+000	-4.36990000E-009	6.94490000E-009	6.77010000E-009	*
1.93900000E-010	-4.82000000E-008	-1.30950000E-005	3.30000000E+000	2.54940000E-010	4.80990000E-008	1.30950000E-005	-2.00000000E+000	1.00000000E+000	4.00000000E+000	-2.92500000E-009	8.15000000E-009	-6.42490000E-009	*
1.99050000E-010	-5.02700000E-008	-1.36300000E-005	3.40000000E+000	2.59900000E-010	5.10810000E-008	1.36100000E-005	-2.00000000E+000	1.00000000E+000	4.00000000E+000	-2.38000000E-009	-8.62520000E-009	8.21000000E-009	*
2.54100000E-010	-5.29340000E-008	-1.41400000E-005	3.50000000E+000	1.53600000E-010	5.31000000E-008	1.41450000E-005	-2.00000000E+000	1.00000000E+000	4.00000000E+000	-7.82980000E-009	-3.88990000E-009	-1.58500000E-009	*
-1.94000000E-010	-5.60450000E-008	-1.46100000E-005	3.60000000E+000	-2.49100000E-010	5.57900000E-008	1.46600000E-005	-2.00000000E+000	1.00000000E+000	4.00000000E+000	2.17010000E-009	4.41490000E-009	1.80000000E-009	*
2.17750000E-010	-5.83950000E-008	-1.50700000E-005	3.70000000E+000	2.63360000E-010	5.84290000E-008	1.50950000E-005	-2.00000000E+000	1.00000000E+000	4.00000000E+000	-2.82500000E-009	7.10490000E-009	-2.85500000E-009	*
1.42850000E-010	-6.06740000E-008	-1.55400000E-005	3.80000000E+000	-7.66500000E-011	6.06300000E-008	1.54900000E-005	-2.00000000E+000	1.00000000E+000	4.00000000E+000	-4.90990000E-009	1.08450000E-008	-3.73510000E-009	*
2.66750000E-010	-6.31300000E-008	-1.59140000E-005	3.90000000E+000	1.42300000E-010	6.29010000E-008	1.58950000E-005	-2.00000000E+000	1.00000000E+000	4.00000000E+000	-8.27000000E-009	8.10990000E-009	-4.47490000E-009	*
2.63900000E-010	-6.48900000E-008	-1.64150000E-005	4.00000000E+000	1.44950000E-010	6.53890000E-008	1.64500000E-005	-2.00000000E+000	1.00000000E+000	4.00000000E+000	-8.05990000E-009	-7.84980000E-009	-7.91990000E-009	*
2.43400000E-010	-6.68550000E-008	-1.69500000E-005	4.10000000E+000	1.89350000E-010	6.68550000E-008	1.69500000E-005	-2.00000000E+000	1.00000000E+000	4.00000000E+000	-3.69500000E-009	-2.24500000E-009	-1.54500000E-009	*
1.68800000E-010	-6.95000000E-008	-1.75140000E-005	4.20000000E+000	2.62500000E-010	6.93910000E-008	1.74850000E-005	-2.00000000E+000	1.00000000E+000	4.00000000E+000	-1.67000000E-009	2.37000000E-009	1.50500000E-009	*
8.61500000E-011	-7.16240000E-008	-1.80350000E-005	4.30000000E+000	2.46700000E-010	7.15410000E-008	1.80500000E-005	-2.00000000E+000	1.00000000E+000	4.00000000E+000	-3.19990000E-010	2.68500000E-009	-2.63000000E-009	*
2.10700000E-010	-7.36690000E-008	-1.84800000E-005	4.40000000E+000	2.79300000E-010	7.36400000E-008	1.85650000E-005	-2.00000000E+000	1.00000000E+000	4.00000000E+000	-2.34000000E-009	9.40000000E-009	-3.04500000E-009	*
2.62050000E-010	-7.54840000E-008	-1.90650000E-005	4.50000000E+000	1.66550000E-010	7.55900000E-008	1.90600000E-005	-2.00000000E+000	1.00000000E+000	4.00000000E+000	-8.04490000E-009	1.83000000E-009	-8.00990000E-009	*
-2.00500000E-010	-7.72740000E-008	-1.94850000E-005	4.60000000E+000	-2.21300000E-010	7.71540000E-008	1.95050000E-005	-2.00000000E+000	1.00000000E+000	4.00000000E+000	2.85000000E-009	-1.83500000E-009	1.69500000E-009	*
2.41040000E-010	-7.88350000E-008	-1.98500000E-005	4.70000000E+000	2.85990000E-010	7.92350000E-008	1.99250000E-005	-2.00000000E+000	1.00000000E+000	4.00000000E+000	-3.52000000E-009	2.25000000E-009	1.17500000E-009	*
8.56990000E-011	-8.09050000E-008	-2.03450000E-005	4.80000000E+000	2.92400000E-010	8.12030000E-008	2.03300000E-005	-2.00000000E+000	1.00000000E+000	4.00000000E+000	-2.40010000E-010	1.98500000E-009	-1.10500000E-009	*
2.05050000E-010	-8.24150000E-008	-2.09040000E-005	4.90000000E+000	3.38540000E-010	8.21850000E-008	2.09400000E-005	-2.00000000E+000	1.00000000E+000	4.00000000E+000	-2.30000000E-009	-2.10500000E-009	1.47000000E-009	*
2.51050000E-010	-8.40080000E-008	-2.14250000E-005	5.00000000E+000	2.61050000E-010	8.40480000E-008	2.14850000E-005	-2.00000000E+000	1.00000000E+000	4.00000000E+000	-8.00490000E-009	-3.82010000E-009	2.52500000E-009	*

TEST RESULTS:  OUTPUT  04/30/2025  16:28:41


