ATTRIBUTES:

Attribute #1:C:\Metrics\ics\projects\6.2600J_S25\transistor_measurement.ics
Attribute #2:Test
Attribute #3:dev1
Attribute #4:PASSED
SETUP:TRANSFER  04/30/2025  16:47:52
DATE:04/30/2025
TIME:16:47:52

CONDITIONS:

ID:	D	
UNIT:	SMU2	
MODE: STEP	
START:	0.5	
STOP:	5	
PNTS:	2	
STEP:	4.5

ID:	G	
UNIT:	SMU4	
MODE: SWEEP	
START:	-2	
STOP:	4	
PNTS:	61	
STEP:	0.1

ID:	S	
UNIT:	SMU1	
MODE: CONST	
VALUE:	0

DATA:  TRANSFER  04/30/2025  16:47:52

IS	IS2	VD	VD2	ID	ID2	VG	IG	IG2	ACCSTRESS
-2.68000000E-011	4.90500000E-011	5.00000000E-001	5.00000000E+000	-3.97500000E-011	9.78490000E-011	-2.00000000E+000	5.80000000E-010	-1.04350000E-010	0.00000000E+000
-7.41490000E-011	2.16500000E-011	5.00000000E-001	5.00000000E+000	-5.12500000E-011	4.98000000E-011	-1.90000000E+000	2.53000000E-009	-6.70500000E-011	*
-7.59000000E-011	4.75000000E-011	5.00000000E-001	5.00000000E+000	-4.83510000E-011	4.86000000E-011	-1.80000000E+000	-1.05900000E-009	-6.08010000E-011	*
5.40000000E-011	5.70990000E-011	5.00000000E-001	5.00000000E+000	-2.16000000E-011	4.61000000E-011	-1.70000000E+000	-1.29100000E-009	-3.73500000E-011	*
8.93010000E-011	4.01490000E-011	5.00000000E-001	5.00000000E+000	3.81510000E-011	4.11490000E-011	-1.60000000E+000	-7.04490000E-010	-3.51010000E-011	*
5.74490000E-011	1.99500000E-011	5.00000000E-001	5.00000000E+000	6.31990000E-011	3.22000000E-011	-1.50000000E+000	-3.24990000E-011	-1.33000000E-011	*
6.08510000E-011	-2.95000000E-012	5.00000000E-001	5.00000000E+000	7.66500000E-011	9.44970000E-012	-1.40000000E+000	3.28500000E-010	1.25500000E-011	*
4.89000000E-011	-2.00000000E-012	5.00000000E-001	5.00000000E+000	7.89980000E-011	4.99990000E-013	-1.30000000E+000	5.90490000E-010	1.94500000E-011	*
5.10510000E-011	2.07490000E-011	5.00000000E-001	5.00000000E+000	7.72500000E-011	-2.65000000E-012	-1.20000000E+000	5.30970000E-010	2.51000000E-011	*
6.18490000E-011	4.89490000E-011	5.00000000E-001	5.00000000E+000	7.56510000E-011	1.65000000E-012	-1.10000000E+000	2.23500000E-010	8.24980000E-012	*
5.32000000E-011	5.70000000E-011	5.00000000E-001	5.00000000E+000	8.41990000E-011	1.25500000E-011	-1.00000000E+000	5.23500000E-010	6.95000000E-012	*
5.72010000E-011	4.19510000E-011	5.00000000E-001	5.00000000E+000	8.36990000E-011	1.27500000E-011	-9.00000000E-001	4.51990000E-010	1.28000000E-011	*
6.20480000E-011	2.05000000E-011	5.00000000E-001	5.00000000E+000	7.52500000E-011	1.30000000E-011	-8.00000000E-001	3.23500000E-010	1.77500000E-011	*
4.77010000E-011	2.65000000E-012	5.00000000E-001	5.00000000E+000	7.57020000E-011	-1.35000000E-012	-7.00000000E-001	6.12490000E-010	3.52500000E-011	*
6.17000000E-011	7.74980000E-012	5.00000000E-001	5.00000000E+000	7.65500000E-011	-8.49980000E-012	-6.00000000E-001	3.50000000E-010	3.02000000E-011	*
4.91500000E-011	3.14500000E-011	5.00000000E-001	5.00000000E+000	8.00000000E-011	-1.30500000E-011	-5.00000000E-001	6.17970000E-010	2.59000000E-011	*
4.76510000E-011	5.80990000E-011	5.00000000E-001	5.00000000E+000	7.97020000E-011	-1.90000000E-012	-4.00000000E-001	5.68490000E-010	6.99990000E-012	*
5.37510000E-011	3.77990000E-011	5.00000000E-001	5.00000000E+000	8.87500000E-011	3.12990000E-011	-3.00000000E-001	4.74500000E-010	1.17500000E-011	*
6.11990000E-011	-2.28250000E-010	5.00000000E-001	5.00000000E+000	7.94990000E-011	2.72290000E-010	-2.00000000E-001	2.08490000E-010	2.14000000E-011	*
4.96490000E-011	-5.57550000E-010	5.00000000E-001	5.00000000E+000	8.80510000E-011	5.79600000E-010	-1.00000000E-001	4.94000000E-010	-1.96500000E-011	*
5.04510000E-011	-5.01950000E-009	5.00000000E-001	5.00000000E+000	8.99510000E-011	4.84440000E-009	0.00000000E+000	4.47480000E-010	-1.82000000E-011	*
3.46500000E-011	-2.52300000E-008	5.00000000E-001	5.00000000E+000	7.55980000E-011	2.48000000E-008	1.00000000E-001	7.35500000E-010	-1.79500000E-011	*
3.60000000E-011	-1.04050000E-007	5.00000000E-001	5.00000000E+000	8.06010000E-011	1.03740000E-007	2.00000000E-001	7.00480000E-010	3.45000000E-011	*
5.10510000E-011	-1.50600000E-007	5.00000000E-001	5.00000000E+000	9.04980000E-011	1.44800000E-007	3.00000000E-001	3.27990000E-010	-2.30000000E-011	*
3.20510000E-011	-2.21390000E-007	5.00000000E-001	5.00000000E+000	8.85510000E-011	2.21440000E-007	4.00000000E-001	6.60970000E-010	3.74000000E-011	*
3.49000000E-011	-3.39790000E-007	5.00000000E-001	5.00000000E+000	9.36500000E-011	3.39090000E-007	5.00000000E-001	5.71990000E-010	4.80010000E-011	*
3.16990000E-011	-4.85890000E-007	5.00000000E-001	5.00000000E+000	9.96500000E-011	4.84000000E-007	6.00000000E-001	5.22990000E-010	5.29000000E-011	*
3.59000000E-011	-6.48200000E-007	5.00000000E-001	5.00000000E+000	1.03350000E-010	6.45900000E-007	7.00000000E-001	2.18000000E-010	6.70500000E-011	*
9.44970000E-012	-8.54490000E-007	5.00000000E-001	5.00000000E+000	1.20750000E-010	8.50300000E-007	8.00000000E-001	5.16480000E-010	6.60980000E-011	*
-1.20000000E-012	-7.23780000E-007	5.00000000E-001	5.00000000E+000	1.28550000E-010	6.84840000E-007	9.00000000E-001	4.89480000E-010	-1.71500000E-011	*
-1.98000000E-011	-8.36650000E-007	5.00000000E-001	5.00000000E+000	1.43300000E-010	8.27040000E-007	1.00000000E+000	3.41490000E-010	5.43490000E-011	*
-5.66500000E-011	-9.01690000E-007	5.00000000E-001	5.00000000E+000	1.64300000E-010	8.34870000E-007	1.10000000E+000	5.82990000E-010	-1.13000000E-011	*
-7.80500000E-011	-1.04690000E-006	5.00000000E-001	5.00000000E+000	1.80500000E-010	1.04220000E-006	1.20000000E+000	3.93480000E-010	8.18010000E-011	*
-1.19350000E-010	-1.17600000E-006	5.00000000E-001	5.00000000E+000	2.22850000E-010	1.12750000E-006	1.30000000E+000	7.11480000E-010	-4.24990000E-012	*
-1.48550000E-010	-1.41850000E-006	5.00000000E-001	5.00000000E+000	2.58450000E-010	1.40700000E-006	1.40000000E+000	6.53980000E-010	9.17490000E-011	*
-1.95600000E-010	-2.02600000E-006	5.00000000E-001	5.00000000E+000	3.10900000E-010	2.01700000E-006	1.50000000E+000	5.84980000E-010	1.28800000E-010	*
-2.48090000E-010	-2.52050000E-006	5.00000000E-001	5.00000000E+000	3.64650000E-010	2.50790000E-006	1.60000000E+000	2.52000000E-010	2.20000000E-012	*
-3.45950000E-010	-3.28650000E-006	5.00000000E-001	5.00000000E+000	4.59450000E-010	3.27440000E-006	1.70000000E+000	5.86480000E-010	1.49450000E-010	*
-4.66490000E-010	-3.76800000E-006	5.00000000E-001	5.00000000E+000	5.67440000E-010	3.78700000E-006	1.80000000E+000	5.61500000E-010	8.49980000E-012	*
-5.99810000E-010	-4.77260000E-006	5.00000000E-001	5.00000000E+000	6.85900000E-010	4.72860000E-006	1.90000000E+000	4.18990000E-010	1.72000000E-010	*
-8.07860000E-010	-5.55840000E-006	5.00000000E-001	5.00000000E+000	8.54100000E-010	5.59140000E-006	2.00000000E+000	7.43480000E-010	7.89990000E-012	*
-8.76360000E-010	-6.01710000E-006	5.00000000E-001	5.00000000E+000	7.56190000E-010	6.02290000E-006	2.10000000E+000	8.26500000E-011	1.02500000E-011	*
-9.71570000E-010	-6.80290000E-006	5.00000000E-001	5.00000000E+000	8.76100000E-010	6.77700000E-006	2.20000000E+000	8.70980000E-011	-1.00000000E-013	*
-8.09510000E-010	-7.64480000E-006	5.00000000E-001	5.00000000E+000	6.70550000E-010	7.60990000E-006	2.30000000E+000	7.07980000E-011	2.35000000E-011	*
-8.77350000E-010	-8.57800000E-006	5.00000000E-001	5.00000000E+000	8.07860000E-010	8.55380000E-006	2.40000000E+000	8.43980000E-011	3.45500000E-011	*
-9.76230000E-010	-9.63500000E-006	5.00000000E-001	5.00000000E+000	7.73100000E-010	9.66160000E-006	2.50000000E+000	7.78510000E-011	4.61000000E-011	*
-1.00050000E-009	-1.00390000E-005	5.00000000E-001	5.00000000E+000	8.27610000E-010	9.55440000E-006	2.60000000E+000	8.74500000E-011	2.66990000E-011	*
-1.20100000E-009	-9.71000000E-006	5.00000000E-001	5.00000000E+000	1.06850000E-009	9.45390000E-006	2.70000000E+000	1.20100000E-010	4.92000000E-011	*
-1.53950000E-009	-9.84880000E-006	5.00000000E-001	5.00000000E+000	1.38500000E-009	9.74910000E-006	2.80000000E+000	1.57250000E-010	7.35480000E-011	*
-2.07340000E-009	-1.04750000E-005	5.00000000E-001	5.00000000E+000	1.79650000E-009	1.02800000E-005	2.90000000E+000	2.33700000E-010	9.46520000E-011	*
-2.70140000E-009	-1.17150000E-005	5.00000000E-001	5.00000000E+000	2.34840000E-009	1.16800000E-005	3.00000000E+000	2.89110000E-010	1.27400000E-010	*
-3.36590000E-009	-1.43400000E-005	5.00000000E-001	5.00000000E+000	3.01250000E-009	1.43650000E-005	3.10000000E+000	3.14100000E-010	1.89750000E-010	*
-4.26490000E-009	-1.70600000E-005	5.00000000E-001	5.00000000E+000	3.80530000E-009	1.70940000E-005	3.20000000E+000	3.55800000E-010	2.60040000E-010	*
-5.22980000E-009	-1.99290000E-005	5.00000000E-001	5.00000000E+000	4.78480000E-009	1.99050000E-005	3.30000000E+000	3.21550000E-010	3.06560000E-010	*
-6.37280000E-009	-2.25500000E-005	5.00000000E-001	5.00000000E+000	6.05000000E-009	2.25800000E-005	3.40000000E+000	2.44750000E-010	3.45450000E-010	*
-7.69980000E-009	-2.54450000E-005	5.00000000E-001	5.00000000E+000	7.37370000E-009	2.53200000E-005	3.50000000E+000	1.85750000E-010	3.39400000E-010	*
-9.41730000E-009	-2.86300000E-005	5.00000000E-001	5.00000000E+000	9.15180000E-009	2.85940000E-005	3.60000000E+000	1.23450000E-010	2.69300000E-010	*
-9.27410000E-009	-3.19000000E-005	5.00000000E-001	5.00000000E+000	8.47470000E-009	3.17950000E-005	3.70000000E+000	-9.90010000E-012	2.00900000E-010	*
-1.04500000E-008	-3.53140000E-005	5.00000000E-001	5.00000000E+000	1.03520000E-008	3.52300000E-005	3.80000000E+000	5.54510000E-011	1.35300000E-010	*
-1.17000000E-008	-3.86550000E-005	5.00000000E-001	5.00000000E+000	1.10800000E-008	3.85900000E-005	3.90000000E+000	1.09000000E-011	8.15490000E-011	*
-1.41050000E-008	-4.23340000E-005	5.00000000E-001	5.00000000E+000	1.39400000E-008	4.22800000E-005	4.00000000E+000	5.55010000E-011	5.67490000E-011	*

TEST RESULTS:  TRANSFER  04/30/2025  16:47:52


SETUP:OUTPUT  04/30/2025  16:48:44
DATE:04/30/2025
TIME:16:48:44

CONDITIONS:

ID:	D	
UNIT:	SMU2	
MODE: SWEEP	
START:	0	
STOP:	5	
PNTS:	51	
STEP:	0.1

ID:	G	
UNIT:	SMU4	
MODE: STEP	
START:	-2	
STOP:	4	
PNTS:	3	
STEP:	3

ID:	S	
UNIT:	SMU1	
MODE: CONST	
VALUE:	0

DATA:  OUTPUT  04/30/2025  16:48:44

IS	IS2	IS3	VD	ID	ID2	ID3	VG	VG2	VG3	IG	IG2	IG3	ACCSTRESS
-1.38000000E-011	1.67500000E-011	2.68560000E-010	0.00000000E+000	-4.50000000E-013	-4.95000000E-012	-1.20200000E-010	-2.00000000E+000	1.00000000E+000	4.00000000E+000	-3.08000000E-011	-6.90000000E-012	-2.09990000E-011	0.00000000E+000
2.41000000E-011	-2.29850000E-010	-1.24400000E-008	1.00000000E-001	9.34980000E-012	2.66750000E-010	1.25400000E-008	-2.00000000E+000	1.00000000E+000	4.00000000E+000	-1.22000000E-011	-1.64500000E-011	-4.50990000E-010	*
-1.75000000E-012	-6.28460000E-010	-3.40900000E-008	2.00000000E-001	1.01500000E-011	5.91850000E-010	3.41210000E-008	-2.00000000E+000	1.00000000E+000	4.00000000E+000	-2.80000000E-012	2.25000000E-012	-3.86490000E-010	*
-2.10000000E-011	-1.00680000E-009	-7.37200000E-008	3.00000000E-001	-4.29990000E-012	1.06400000E-009	7.31630000E-008	-2.00000000E+000	1.00000000E+000	4.00000000E+000	-3.80010000E-012	-1.95500000E-011	-4.49990000E-010	*
-1.44500000E-011	-1.64290000E-009	-1.26550000E-007	4.00000000E-001	-1.15500000E-011	1.62950000E-009	1.26400000E-007	-2.00000000E+000	1.00000000E+000	4.00000000E+000	-7.25000000E-012	6.40000000E-012	9.94980000E-011	*
2.60000000E-012	-2.34440000E-009	-2.08890000E-007	5.00000000E-001	-4.75000000E-012	2.37240000E-009	2.11550000E-007	-2.00000000E+000	1.00000000E+000	4.00000000E+000	-9.59990000E-012	-6.30010000E-012	5.92480000E-010	*
3.38500000E-011	-3.19640000E-009	-3.28890000E-007	6.00000000E-001	-1.50000000E-013	3.25590000E-009	3.27550000E-007	-2.00000000E+000	1.00000000E+000	4.00000000E+000	-3.02000000E-011	-3.18000000E-011	4.11490000E-010	*
4.14500000E-011	-4.27640000E-009	-4.76650000E-007	7.00000000E-001	1.12000000E-011	4.36950000E-009	4.74940000E-007	-2.00000000E+000	1.00000000E+000	4.00000000E+000	-2.87500000E-011	-1.78500000E-011	5.46490000E-010	*
2.64000000E-011	-5.61680000E-009	-6.71770000E-007	8.00000000E-001	1.18500000E-011	5.67590000E-009	6.74800000E-007	-2.00000000E+000	1.00000000E+000	4.00000000E+000	-1.93990000E-011	-3.01500000E-011	3.64490000E-010	*
1.03000000E-011	-7.18480000E-009	-8.97180000E-007	9.00000000E-001	1.76500000E-011	7.25140000E-009	9.00440000E-007	-2.00000000E+000	1.00000000E+000	4.00000000E+000	-9.94980000E-012	-7.41980000E-011	-3.48490000E-010	*
-1.69000000E-011	-9.21410000E-009	-1.13850000E-006	1.00000000E+000	2.40000000E-012	9.16310000E-009	1.12100000E-006	-2.00000000E+000	1.00000000E+000	4.00000000E+000	3.50000000E-012	1.04210000E-009	1.03000000E-009	*
-1.75500000E-011	-1.16450000E-008	-1.28300000E-006	1.10000000E+000	-3.00010000E-012	1.16150000E-008	1.29250000E-006	-2.00000000E+000	1.00000000E+000	4.00000000E+000	-5.34990000E-012	-6.31390000E-010	3.35010000E-010	*
8.49980000E-013	-1.38750000E-008	-1.53850000E-006	1.20000000E+000	-1.95000000E-012	1.38600000E-008	1.53650000E-006	-2.00000000E+000	1.00000000E+000	4.00000000E+000	-7.25000000E-012	-9.06060000E-010	9.79980000E-011	*
3.05000000E-011	-1.65050000E-008	-1.86900000E-006	1.30000000E+000	6.50000000E-013	1.63150000E-008	1.86200000E-006	-2.00000000E+000	1.00000000E+000	4.00000000E+000	-2.39500000E-011	-6.65040000E-010	-4.00990000E-010	*
3.87990000E-011	-2.04050000E-008	-2.13300000E-006	1.40000000E+000	1.28500000E-011	1.97200000E-008	2.13800000E-006	-2.00000000E+000	1.00000000E+000	4.00000000E+000	-3.26500000E-011	7.16020000E-011	-4.20480000E-010	*
2.81500000E-011	-2.26150000E-008	-2.46890000E-006	1.50000000E+000	1.68000000E-011	2.29600000E-008	2.47550000E-006	-2.00000000E+000	1.00000000E+000	4.00000000E+000	-1.63000000E-011	9.00000000E-010	-2.56990000E-010	*
6.30010000E-012	-2.46350000E-008	-2.85250000E-006	1.60000000E+000	1.78500000E-011	2.48350000E-008	2.84500000E-006	-2.00000000E+000	1.00000000E+000	4.00000000E+000	-1.47500000E-011	8.80960000E-010	-4.38990000E-010	*
-1.63000000E-011	-2.75150000E-008	-3.19640000E-006	1.70000000E+000	3.95000000E-012	2.73050000E-008	3.19550000E-006	-2.00000000E+000	1.00000000E+000	4.00000000E+000	-2.55000000E-012	4.47010000E-011	-5.06990000E-010	*
-1.66000000E-011	-3.19740000E-008	-3.49440000E-006	1.80000000E+000	-9.40000000E-012	3.16390000E-008	3.49000000E-006	-2.00000000E+000	1.00000000E+000	4.00000000E+000	-7.54990000E-012	-6.77090000E-010	-3.70990000E-010	*
3.40000000E-012	-3.60450000E-008	-3.93860000E-006	1.90000000E+000	-1.06500000E-011	3.55560000E-008	3.91550000E-006	-2.00000000E+000	1.00000000E+000	4.00000000E+000	-1.44000000E-011	-8.32560000E-010	-6.51990000E-010	*
3.04500000E-011	-4.02050000E-008	-4.29040000E-006	2.00000000E+000	-6.50000000E-013	3.95760000E-008	4.33250000E-006	-2.00000000E+000	1.00000000E+000	4.00000000E+000	-1.91500000E-011	-3.74000000E-010	-3.84490000E-010	*
3.92010000E-011	-4.41510000E-008	-4.71950000E-006	2.10000000E+000	1.45000000E-011	4.52000000E-008	4.76090000E-006	-2.00000000E+000	1.00000000E+000	4.00000000E+000	-3.51510000E-011	2.57900000E-010	-3.71490000E-010	*
3.18000000E-011	-4.51140000E-008	-5.12040000E-006	2.20000000E+000	1.86500000E-011	4.59750000E-008	5.13300000E-006	-2.00000000E+000	1.00000000E+000	4.00000000E+000	-1.42500000E-011	9.30560000E-010	-3.96500000E-010	*
8.14990000E-012	-4.59260000E-008	-5.52210000E-006	2.30000000E+000	1.44000000E-011	4.71190000E-008	5.51950000E-006	-2.00000000E+000	1.00000000E+000	4.00000000E+000	-1.21500000E-011	8.42760000E-010	-3.76490000E-010	*
-1.68000000E-011	-5.27740000E-008	-5.88740000E-006	2.40000000E+000	3.60000000E-012	5.31200000E-008	5.88290000E-006	-2.00000000E+000	1.00000000E+000	4.00000000E+000	-2.00000000E-012	-9.24990000E-012	-4.27490000E-010	*
-1.56500000E-011	-5.74450000E-008	-6.25640000E-006	2.50000000E+000	-1.28500000E-011	5.60600000E-008	6.27550000E-006	-2.00000000E+000	1.00000000E+000	4.00000000E+000	2.14990000E-012	-7.62500000E-010	-6.19000000E-010	*
6.60010000E-012	-5.79860000E-008	-6.67150000E-006	2.60000000E+000	2.90000000E-012	5.72000000E-008	6.70300000E-006	-2.00000000E+000	1.00000000E+000	4.00000000E+000	-1.00000000E-011	-8.45350000E-010	3.88990000E-010	*
3.28500000E-011	-6.43700000E-008	-7.12180000E-006	2.70000000E+000	3.25000000E-012	6.42470000E-008	7.12390000E-006	-2.00000000E+000	1.00000000E+000	4.00000000E+000	-2.31500000E-011	-1.95550000E-010	3.76490000E-010	*
4.10000000E-011	-6.75720000E-008	-7.47550000E-006	2.80000000E+000	4.90010000E-012	6.75100000E-008	7.49650000E-006	-2.00000000E+000	1.00000000E+000	4.00000000E+000	-2.56500000E-011	5.45300000E-010	3.69500000E-010	*
3.09000000E-011	-7.39640000E-008	-7.99220000E-006	2.90000000E+000	2.16500000E-011	7.44400000E-008	8.00610000E-006	-2.00000000E+000	1.00000000E+000	4.00000000E+000	-1.76500000E-011	8.94200000E-010	-3.61990000E-010	*
3.45000000E-012	-8.08610000E-008	-8.36330000E-006	3.00000000E+000	1.58000000E-011	8.05810000E-008	8.31490000E-006	-2.00000000E+000	1.00000000E+000	4.00000000E+000	-1.15500000E-011	5.60310000E-010	-3.48490000E-010	*
-1.60000000E-011	-8.96760000E-008	-8.71350000E-006	3.10000000E+000	6.70000000E-012	8.93810000E-008	8.69340000E-006	-2.00000000E+000	1.00000000E+000	4.00000000E+000	-5.80000000E-012	-3.88300000E-010	-3.47500000E-010	*
-1.76500000E-011	-9.41620000E-008	-9.15450000E-006	3.20000000E+000	-2.05000000E-012	9.35690000E-008	9.16190000E-006	-2.00000000E+000	1.00000000E+000	4.00000000E+000	2.65000000E-012	-9.43540000E-010	3.78990000E-010	*
2.45000000E-012	-1.00720000E-007	-9.56330000E-006	3.30000000E+000	-5.25000000E-012	1.00990000E-007	9.53070000E-006	-2.00000000E+000	1.00000000E+000	4.00000000E+000	-1.55000000E-011	-6.56400000E-010	3.01500000E-010	*
3.09990000E-011	-1.06850000E-007	-9.95730000E-006	3.40000000E+000	2.40000000E-012	1.07300000E-007	9.88180000E-006	-2.00000000E+000	1.00000000E+000	4.00000000E+000	-2.14500000E-011	-8.09000000E-010	3.50500000E-010	*
4.16010000E-011	-1.13650000E-007	-1.04240000E-005	3.50000000E+000	8.59980000E-012	1.12950000E-007	1.04740000E-005	-2.00000000E+000	1.00000000E+000	4.00000000E+000	-2.66000000E-011	-2.85550000E-010	-3.02490000E-010	*
2.78500000E-011	-1.22650000E-007	-1.08650000E-005	3.60000000E+000	1.82500000E-011	1.23050000E-007	1.08750000E-005	-2.00000000E+000	1.00000000E+000	4.00000000E+000	-1.92000000E-011	5.40890000E-010	-9.01480000E-010	*
5.39990000E-012	-1.25150000E-007	-1.10950000E-005	3.70000000E+000	1.26000000E-011	1.25150000E-007	1.11100000E-005	-2.00000000E+000	1.00000000E+000	4.00000000E+000	-9.94980000E-012	8.41400000E-010	-3.60490000E-010	*
-1.68000000E-011	-1.33700000E-007	-1.15000000E-005	3.80000000E+000	5.05000000E-012	1.31150000E-007	1.15500000E-005	-2.00000000E+000	1.00000000E+000	4.00000000E+000	-2.65000000E-012	4.15500000E-010	-6.19990000E-010	*
-1.48500000E-011	-1.40300000E-007	-1.19300000E-005	3.90000000E+000	-4.70000000E-012	1.39890000E-007	1.19100000E-005	-2.00000000E+000	1.00000000E+000	4.00000000E+000	-6.90000000E-012	-4.96360000E-010	4.11490000E-010	*
5.00000000E-012	-1.47750000E-007	-1.22900000E-005	4.00000000E+000	-1.45000000E-012	1.48100000E-007	1.22850000E-005	-2.00000000E+000	1.00000000E+000	4.00000000E+000	-1.09000000E-011	-9.41440000E-010	3.84980000E-010	*
3.10510000E-011	-1.55450000E-007	-1.26600000E-005	4.10000000E+000	1.35000000E-012	1.53100000E-007	1.26850000E-005	-2.00000000E+000	1.00000000E+000	4.00000000E+000	-2.45000000E-011	-6.78850000E-010	4.22490000E-010	*
4.25490000E-011	-1.64000000E-007	-1.31300000E-005	4.20000000E+000	2.14000000E-011	1.59250000E-007	1.31500000E-005	-2.00000000E+000	1.00000000E+000	4.00000000E+000	-3.22500000E-011	2.44750000E-010	3.66500000E-010	*
3.59500000E-011	-1.75200000E-007	-1.34050000E-005	4.30000000E+000	3.05500000E-011	1.77950000E-007	1.34050000E-005	-2.00000000E+000	1.00000000E+000	4.00000000E+000	-3.18000000E-011	9.80660000E-010	-4.36480000E-010	*
1.37000000E-011	-1.86500000E-007	-1.34850000E-005	4.40000000E+000	3.22000000E-011	1.87150000E-007	1.35250000E-005	-2.00000000E+000	1.00000000E+000	4.00000000E+000	-2.82500000E-011	8.16960000E-010	-2.85990000E-010	*
-1.80500000E-011	-1.91150000E-007	-1.38950000E-005	4.50000000E+000	2.38500000E-011	1.94350000E-007	1.40300000E-005	-2.00000000E+000	1.00000000E+000	4.00000000E+000	-2.39500000E-011	-2.17500000E-011	-4.40000000E-010	*
-1.71500000E-011	-2.04850000E-007	-1.44300000E-005	4.60000000E+000	1.86000000E-011	2.04400000E-007	1.43350000E-005	-2.00000000E+000	1.00000000E+000	4.00000000E+000	-2.59500000E-011	-6.42640000E-010	-4.73480000E-010	*
6.85010000E-012	-2.24990000E-007	-1.48150000E-005	4.70000000E+000	3.04010000E-011	2.24350000E-007	1.48100000E-005	-2.00000000E+000	1.00000000E+000	4.00000000E+000	-4.81000000E-011	-8.56890000E-010	-3.24990000E-010	*
3.14500000E-011	-2.25690000E-007	-1.51200000E-005	4.80000000E+000	5.12500000E-011	2.30200000E-007	1.51750000E-005	-2.00000000E+000	1.00000000E+000	4.00000000E+000	-7.20490000E-011	-5.77590000E-010	4.42990000E-010	*
3.92510000E-011	-2.44150000E-007	-1.55800000E-005	4.90000000E+000	8.50980000E-011	2.40540000E-007	1.54750000E-005	-2.00000000E+000	1.00000000E+000	4.00000000E+000	-9.79480000E-011	3.40950000E-010	4.05490000E-010	*
3.09990000E-011	-2.51600000E-007	-1.57240000E-005	5.00000000E+000	1.18700000E-010	2.51340000E-007	1.56840000E-005	-2.00000000E+000	1.00000000E+000	4.00000000E+000	-1.15400000E-010	9.18310000E-010	3.04500000E-010	*

TEST RESULTS:  OUTPUT  04/30/2025  16:48:44


