ATTRIBUTES:

Attribute #1:C:\Metrics\ics\projects\6.2600J_S25\transistor_measurement.ics
Attribute #2:Test
Attribute #3:dev1
Attribute #4:PASSED
SETUP:TRANSFER  04/30/2025  16:41:59
DATE:04/30/2025
TIME:16:41:59

CONDITIONS:

ID:	D	
UNIT:	SMU2	
MODE: STEP	
START:	0.5	
STOP:	5	
PNTS:	2	
STEP:	4.5

ID:	G	
UNIT:	SMU4	
MODE: SWEEP	
START:	-2	
STOP:	4	
PNTS:	61	
STEP:	0.1

ID:	S	
UNIT:	SMU1	
MODE: CONST	
VALUE:	0

DATA:  TRANSFER  04/30/2025  16:41:59

IS	IS2	VD	VD2	ID	ID2	VG	IG	IG2	ACCSTRESS
5.84490000E-011	-1.03300000E-010	5.00000000E-001	5.00000000E+000	2.47000000E-011	3.80500000E-011	-2.00000000E+000	9.74990000E-012	-5.06050000E-010	0.00000000E+000
-5.34990000E-012	6.52490000E-011	5.00000000E-001	5.00000000E+000	-7.33490000E-011	1.47600000E-010	-1.90000000E+000	-2.38150000E-010	-3.26500000E-011	*
5.58510000E-011	-1.55500000E-011	5.00000000E-001	5.00000000E+000	-1.78500000E-011	1.20950000E-010	-1.80000000E+000	-2.63750000E-010	3.49800000E-010	*
7.33490000E-011	-8.33500000E-011	5.00000000E-001	5.00000000E+000	5.24010000E-011	3.33490000E-011	-1.70000000E+000	-8.82000000E-011	3.92350000E-010	*
2.65000000E-011	-8.45010000E-011	5.00000000E-001	5.00000000E+000	6.91500000E-011	-3.06490000E-011	-1.60000000E+000	2.85650000E-010	1.04650000E-010	*
-5.77990000E-011	-5.06000000E-011	5.00000000E-001	5.00000000E+000	3.80500000E-011	-5.75510000E-011	-1.50000000E+000	4.50360000E-010	-1.82250000E-010	*
-1.08900000E-010	2.88990000E-011	5.00000000E-001	5.00000000E+000	-4.35000000E-011	-3.29500000E-011	-1.40000000E+000	2.95960000E-010	-4.11010000E-010	*
-7.91510000E-011	9.38490000E-011	5.00000000E-001	5.00000000E+000	-8.00000000E-011	5.21010000E-011	-1.30000000E+000	3.25000000E-012	-3.43840000E-010	*
7.25000000E-012	6.25490000E-011	5.00000000E-001	5.00000000E+000	-7.58010000E-011	1.13150000E-010	-1.20000000E+000	-2.98900000E-010	8.55000000E-011	*
6.68510000E-011	-3.29990000E-011	5.00000000E-001	5.00000000E+000	6.10000000E-012	9.14510000E-011	-1.10000000E+000	-3.00100000E-010	4.54750000E-010	*
5.59000000E-011	-9.79480000E-011	5.00000000E-001	5.00000000E+000	6.62510000E-011	1.03000000E-011	-1.00000000E+000	3.53990000E-011	4.26500000E-010	*
-1.81000000E-011	-8.12010000E-011	5.00000000E-001	5.00000000E+000	5.99980000E-011	-5.46000000E-011	-9.00000000E-001	3.84400000E-010	2.81500000E-011	*
-8.20000000E-011	6.74990000E-012	5.00000000E-001	5.00000000E+000	-5.55000000E-012	-4.75500000E-011	-8.00000000E-001	4.33150000E-010	-3.22640000E-010	*
-8.50480000E-011	7.04500000E-011	5.00000000E-001	5.00000000E+000	-6.43010000E-011	2.85000000E-011	-7.00000000E-001	1.18900000E-010	-3.63340000E-010	*
-2.11500000E-011	7.52500000E-011	5.00000000E-001	5.00000000E+000	-7.79000000E-011	8.16980000E-011	-6.00000000E-001	-1.84850000E-010	-7.58010000E-011	*
4.76510000E-011	1.45000000E-011	5.00000000E-001	5.00000000E+000	-2.56500000E-011	9.51990000E-011	-5.00000000E-001	-2.74950000E-010	3.03540000E-010	*
8.19500000E-011	-7.41490000E-011	5.00000000E-001	5.00000000E+000	4.88500000E-011	3.79500000E-011	-4.00000000E-001	-1.20950000E-010	3.88850000E-010	*
4.96490000E-011	-9.56500000E-011	5.00000000E-001	5.00000000E+000	7.87500000E-011	-2.49000000E-011	-3.00000000E-001	2.06200000E-010	1.87100000E-010	*
-4.79490000E-011	-4.52490000E-011	5.00000000E-001	5.00000000E+000	5.36500000E-011	-5.68510000E-011	-2.00000000E-001	4.89710000E-010	-1.68900000E-010	*
-1.04250000E-010	3.51010000E-011	5.00000000E-001	5.00000000E+000	-3.38010000E-011	-2.60500000E-011	-1.00000000E-001	3.55300000E-010	-4.02290000E-010	*
-7.87990000E-011	8.48990000E-011	5.00000000E-001	5.00000000E+000	-8.79510000E-011	5.84490000E-011	0.00000000E+000	-7.79990000E-012	-3.18490000E-010	*
6.99990000E-012	6.42510000E-011	5.00000000E-001	5.00000000E+000	-7.18000000E-011	1.11400000E-010	1.00000000E-001	-3.07000000E-010	4.71000000E-011	*
7.50510000E-011	-1.91000000E-011	5.00000000E-001	5.00000000E+000	1.76000000E-011	9.33510000E-011	2.00000000E-001	-3.30960000E-010	3.88200000E-010	*
6.08010000E-011	-8.21500000E-011	5.00000000E-001	5.00000000E+000	8.00500000E-011	1.77500000E-011	3.00000000E-001	5.93520000E-011	4.12900000E-010	*
-1.60000000E-011	-7.24510000E-011	5.00000000E-001	5.00000000E+000	7.04500000E-011	-3.50490000E-011	4.00000000E-001	3.67900000E-010	7.36510000E-011	*
-8.26010000E-011	-2.23000000E-011	5.00000000E-001	5.00000000E+000	1.06500000E-011	-4.27000000E-011	5.00000000E-001	4.00450000E-010	-2.53050000E-010	*
-8.82490000E-011	5.83000000E-011	5.00000000E-001	5.00000000E+000	-5.11980000E-011	1.26000000E-011	6.00000000E-001	1.22600000E-010	-3.72950000E-010	*
-2.95500000E-011	8.89000000E-011	5.00000000E-001	5.00000000E+000	-7.07980000E-011	8.86010000E-011	7.00000000E-001	-1.96500000E-010	-1.72700000E-010	*
4.72990000E-011	4.21000000E-011	5.00000000E-001	5.00000000E+000	-1.62500000E-011	1.12050000E-010	8.00000000E-001	-3.31550000E-010	2.09350000E-010	*
8.22490000E-011	-3.54510000E-011	5.00000000E-001	5.00000000E+000	5.43000000E-011	9.40510000E-011	9.00000000E-001	-1.26400000E-010	4.80160000E-010	*
3.41010000E-011	-9.96500000E-011	5.00000000E-001	5.00000000E+000	9.20510000E-011	-1.99990000E-013	1.00000000E+000	2.56050000E-010	3.98860000E-010	*
-5.91490000E-011	-7.76520000E-011	5.00000000E-001	5.00000000E+000	4.31000000E-011	-5.24010000E-011	1.10000000E+000	4.42360000E-010	5.34990000E-012	*
-1.03600000E-010	8.70010000E-012	5.00000000E-001	5.00000000E+000	-1.61000000E-011	-4.33010000E-011	1.20000000E+000	3.58350000E-010	-3.65010000E-010	*
-7.67990000E-011	7.29510000E-011	5.00000000E-001	5.00000000E+000	-7.00990000E-011	4.45490000E-011	1.30000000E+000	-2.17500000E-011	-3.83450000E-010	*
5.55000000E-012	5.70500000E-011	5.00000000E-001	5.00000000E+000	-5.72010000E-011	1.00200000E-010	1.40000000E+000	-3.26950000E-010	-8.30000000E-012	*
6.71990000E-011	6.85010000E-012	5.00000000E-001	5.00000000E+000	2.10000000E-011	1.02750000E-010	1.50000000E+000	-3.30700000E-010	3.11700000E-010	*
4.27000000E-011	-6.03500000E-011	5.00000000E-001	5.00000000E+000	8.90490000E-011	6.23000000E-011	1.60000000E+000	4.33010000E-011	4.20600000E-010	*
-5.09000000E-011	-1.11000000E-010	5.00000000E-001	5.00000000E+000	7.93000000E-011	-1.42000000E-011	1.70000000E+000	4.23850000E-010	2.25250000E-010	*
-2.14450000E-010	-9.55000000E-011	5.00000000E-001	5.00000000E+000	-5.94990000E-012	-5.80000000E-011	1.80000000E+000	6.08850000E-010	-9.88010000E-011	*
-3.73100000E-010	-1.59700000E-010	5.00000000E-001	5.00000000E+000	5.28500000E-010	9.81510000E-011	1.90000000E+000	-4.11490000E-011	3.98340000E-010	*
-1.30900000E-009	-4.77140000E-010	5.00000000E-001	5.00000000E+000	1.42240000E-009	6.43160000E-010	2.00000000E+000	1.31650000E-010	-1.74150000E-010	*
-3.23640000E-009	-1.88140000E-009	5.00000000E-001	5.00000000E+000	3.29990000E-009	1.86300000E-009	2.10000000E+000	1.84150000E-010	1.53300000E-010	*
-5.53090000E-009	-4.40080000E-009	5.00000000E-001	5.00000000E+000	5.67230000E-009	4.54380000E-009	2.20000000E+000	-4.29350000E-010	-3.76050000E-010	*
-8.84210000E-009	-8.94030000E-009	5.00000000E-001	5.00000000E+000	8.55380000E-009	8.90170000E-009	2.30000000E+000	1.40300000E-010	-7.66500000E-011	*
-1.16300000E-008	-1.51050000E-008	5.00000000E-001	5.00000000E+000	1.14100000E-008	1.53750000E-008	2.40000000E+000	8.62000000E-011	1.36450000E-010	*
-1.54100000E-008	-2.41500000E-008	5.00000000E-001	5.00000000E+000	1.53800000E-008	2.42100000E-008	2.50000000E+000	-3.71660000E-010	2.12300000E-010	*
-2.20100000E-008	-3.61600000E-008	5.00000000E-001	5.00000000E+000	2.17450000E-008	3.60540000E-008	2.60000000E+000	3.47100000E-010	-3.93900000E-010	*
-2.75450000E-008	-5.14050000E-008	5.00000000E-001	5.00000000E+000	2.76250000E-008	5.11700000E-008	2.70000000E+000	9.64490000E-011	-9.11980000E-011	*
-3.71550000E-008	-6.97910000E-008	5.00000000E-001	5.00000000E+000	3.68310000E-008	6.98200000E-008	2.80000000E+000	-2.44800000E-010	4.24050000E-010	*
-4.49650000E-008	-9.20400000E-008	5.00000000E-001	5.00000000E+000	4.49540000E-008	9.20190000E-008	2.90000000E+000	4.61150000E-010	-2.09000000E-010	*
-5.69110000E-008	-1.16850000E-007	5.00000000E-001	5.00000000E+000	5.72110000E-008	1.16650000E-007	3.00000000E+000	-3.40490000E-011	-1.37700000E-010	*
-6.88090000E-008	-1.46450000E-007	5.00000000E-001	5.00000000E+000	6.93140000E-008	1.46490000E-007	3.10000000E+000	-1.31050000E-010	3.97800000E-010	*
-8.47790000E-008	-1.81100000E-007	5.00000000E-001	5.00000000E+000	8.40560000E-008	1.81450000E-007	3.20000000E+000	5.72550000E-010	-3.60600000E-010	*
-9.92980000E-008	-2.21150000E-007	5.00000000E-001	5.00000000E+000	9.83600000E-008	2.20800000E-007	3.30000000E+000	-2.39350000E-010	-3.22500000E-010	*
-1.14550000E-007	-2.65500000E-007	5.00000000E-001	5.00000000E+000	1.12650000E-007	2.65250000E-007	3.40000000E+000	-1.15950000E-010	3.47950000E-010	*
-1.29850000E-007	-3.14890000E-007	5.00000000E-001	5.00000000E+000	1.29650000E-007	3.14890000E-007	3.50000000E+000	-1.57450000E-010	-1.14550000E-010	*
-1.51590000E-007	-3.69650000E-007	5.00000000E-001	5.00000000E+000	1.50790000E-007	3.69240000E-007	3.60000000E+000	3.96850000E-010	-4.58340000E-010	*
-1.75500000E-007	-4.29340000E-007	5.00000000E-001	5.00000000E+000	1.75600000E-007	4.29050000E-007	3.70000000E+000	-2.84250000E-010	1.77700000E-010	*
-2.00050000E-007	-4.94500000E-007	5.00000000E-001	5.00000000E+000	1.99540000E-007	4.94500000E-007	3.80000000E+000	1.41650000E-010	2.13300000E-010	*
-2.24850000E-007	-5.65430000E-007	5.00000000E-001	5.00000000E+000	2.25390000E-007	5.65200000E-007	3.90000000E+000	1.24500000E-010	-3.88450000E-010	*
-2.52000000E-007	-6.41940000E-007	5.00000000E-001	5.00000000E+000	2.52200000E-007	6.41300000E-007	4.00000000E+000	-3.77000000E-010	-1.96450000E-010	*

TEST RESULTS:  TRANSFER  04/30/2025  16:41:59


SETUP:OUTPUT  04/30/2025  16:42:40
DATE:04/30/2025
TIME:16:42:40

CONDITIONS:

ID:	D	
UNIT:	SMU2	
MODE: SWEEP	
START:	0	
STOP:	5	
PNTS:	51	
STEP:	0.1

ID:	G	
UNIT:	SMU4	
MODE: STEP	
START:	-2	
STOP:	4	
PNTS:	3	
STEP:	3

ID:	S	
UNIT:	SMU1	
MODE: CONST	
VALUE:	0

DATA:  OUTPUT  04/30/2025  16:42:40

IS	IS2	IS3	VD	ID	ID2	ID3	VG	VG2	VG3	IG	IG2	IG3	ACCSTRESS
6.28510000E-011	2.88500000E-011	5.16790000E-010	0.00000000E+000	6.12490000E-011	-6.35000000E-012	-7.43140000E-010	-2.00000000E+000	1.00000000E+000	4.00000000E+000	1.87600000E-010	-9.17990000E-011	-3.86000000E-010	0.00000000E+000
-3.43990000E-011	1.53500000E-011	-6.83610000E-008	1.00000000E-001	-8.52010000E-011	-6.78500000E-011	6.79250000E-008	-2.00000000E+000	1.00000000E+000	4.00000000E+000	-2.11900000E-010	-3.84600000E-010	4.02850000E-010	*
4.52000000E-011	8.02990000E-011	-1.22650000E-007	2.00000000E-001	-4.75000000E-011	9.69980000E-012	1.22000000E-007	-2.00000000E+000	1.00000000E+000	4.00000000E+000	-4.50000000E-010	-4.03640000E-010	1.64800000E-010	*
9.63500000E-011	6.12990000E-011	-1.67900000E-007	3.00000000E-001	2.61000000E-011	7.26490000E-011	1.67800000E-007	-2.00000000E+000	1.00000000E+000	4.00000000E+000	-3.46250000E-010	-2.94500000E-011	3.06560000E-010	*
6.87480000E-011	5.50000000E-012	-2.08500000E-007	4.00000000E-001	8.44520000E-011	7.16510000E-011	2.08450000E-007	-2.00000000E+000	1.00000000E+000	4.00000000E+000	7.81990000E-011	3.17240000E-010	2.11650000E-010	*
-2.66000000E-011	-5.98490000E-011	-2.41900000E-007	5.00000000E-001	5.85980000E-011	3.98510000E-011	2.42200000E-007	-2.00000000E+000	1.00000000E+000	4.00000000E+000	4.37790000E-010	4.07200000E-010	-1.62000000E-010	*
-9.36000000E-011	-1.06550000E-010	-2.71600000E-007	6.00000000E-001	-6.00010000E-012	-3.59500000E-011	2.71350000E-007	-2.00000000E+000	1.00000000E+000	4.00000000E+000	3.77350000E-010	2.70250000E-010	-5.40010000E-010	*
-6.26490000E-011	-5.66000000E-011	-2.95350000E-007	7.00000000E-001	-8.13500000E-011	-7.96480000E-011	2.96090000E-007	-2.00000000E+000	1.00000000E+000	4.00000000E+000	-1.54000000E-011	-1.40450000E-010	-6.19450000E-010	*
1.02500000E-011	3.12000000E-011	-3.17990000E-007	8.00000000E-001	-6.21020000E-011	-5.89000000E-011	3.18640000E-007	-2.00000000E+000	1.00000000E+000	4.00000000E+000	-3.56690000E-010	-4.39140000E-010	-2.75090000E-010	*
6.45490000E-011	9.37990000E-011	-3.36890000E-007	9.00000000E-001	-1.93990000E-011	2.16000000E-011	3.38000000E-007	-2.00000000E+000	1.00000000E+000	4.00000000E+000	-4.08800000E-010	-4.04750000E-010	8.68500000E-011	*
9.37490000E-011	6.74480000E-011	-3.53990000E-007	1.00000000E+000	5.09990000E-011	7.59000000E-011	3.53800000E-007	-2.00000000E+000	1.00000000E+000	4.00000000E+000	-1.99850000E-010	-4.20500000E-011	1.51050000E-010	*
4.85500000E-011	5.05000000E-012	-3.67290000E-007	1.10000000E+000	9.23990000E-011	6.59490000E-011	3.66940000E-007	-2.00000000E+000	1.00000000E+000	4.00000000E+000	2.06950000E-010	3.11960000E-010	-7.57510000E-011	*
-4.84500000E-011	-6.09500000E-011	-3.81190000E-007	1.20000000E+000	5.31510000E-011	3.38500000E-011	3.80440000E-007	-2.00000000E+000	1.00000000E+000	4.00000000E+000	4.17700000E-010	3.98240000E-010	-3.69200000E-010	*
-1.01150000E-010	-1.01500000E-010	-3.94690000E-007	1.30000000E+000	-2.84500000E-011	-3.17510000E-011	3.94300000E-007	-2.00000000E+000	1.00000000E+000	4.00000000E+000	2.74250000E-010	2.83610000E-010	-6.43160000E-010	*
-6.01510000E-011	-5.90990000E-011	-4.03740000E-007	1.40000000E+000	-9.41500000E-011	-7.87990000E-011	4.05240000E-007	-2.00000000E+000	1.00000000E+000	4.00000000E+000	-1.30300000E-010	-1.31850000E-010	-5.43340000E-010	*
3.03510000E-011	3.21010000E-011	-4.16200000E-007	1.50000000E+000	-5.72010000E-011	-5.91490000E-011	4.17600000E-007	-2.00000000E+000	1.00000000E+000	4.00000000E+000	-4.44740000E-010	-4.52050000E-010	-1.88300000E-010	*
8.75490000E-011	9.63990000E-011	-4.26390000E-007	1.60000000E+000	1.89500000E-011	2.54000000E-011	4.25790000E-007	-2.00000000E+000	1.00000000E+000	4.00000000E+000	-4.11200000E-010	-3.89190000E-010	2.41950000E-010	*
7.39990000E-011	6.32490000E-011	-4.34290000E-007	1.70000000E+000	6.90010000E-011	9.77990000E-011	4.34190000E-007	-2.00000000E+000	1.00000000E+000	4.00000000E+000	-5.80000000E-011	3.59500000E-011	3.05650000E-010	*
2.01000000E-011	-2.17000000E-011	-4.41740000E-007	1.80000000E+000	7.85010000E-011	7.63020000E-011	4.41940000E-007	-2.00000000E+000	1.00000000E+000	4.00000000E+000	2.57950000E-010	4.06150000E-010	-1.07350000E-010	*
-6.39990000E-011	-7.82980000E-011	-4.47690000E-007	1.90000000E+000	3.07010000E-011	-5.99990000E-013	4.47690000E-007	-2.00000000E+000	1.00000000E+000	4.00000000E+000	3.93200000E-010	3.92650000E-010	-4.89390000E-010	*
-9.07510000E-011	-8.14000000E-011	-4.55630000E-007	2.00000000E+000	-4.47500000E-011	-4.64500000E-011	4.54850000E-007	-2.00000000E+000	1.00000000E+000	4.00000000E+000	1.66550000E-010	7.73500000E-011	-4.87860000E-010	*
-5.56000000E-011	-2.09500000E-011	-4.60740000E-007	2.10000000E+000	-8.06500000E-011	-7.34990000E-011	4.61690000E-007	-2.00000000E+000	1.00000000E+000	4.00000000E+000	-1.88300000E-010	-2.51250000E-010	-3.74500000E-010	*
3.62500000E-011	5.18000000E-011	-4.66140000E-007	2.20000000E+000	-6.14020000E-011	-2.64000000E-011	4.66190000E-007	-2.00000000E+000	1.00000000E+000	4.00000000E+000	-4.44840000E-010	-4.29050000E-010	7.35480000E-011	*
8.62000000E-011	1.02150000E-010	-4.69730000E-007	2.30000000E+000	1.93000000E-011	4.45000000E-011	4.69840000E-007	-2.00000000E+000	1.00000000E+000	4.00000000E+000	-4.14150000E-010	-2.83250000E-010	3.15950000E-010	*
6.75020000E-011	5.67000000E-011	-4.73740000E-007	2.40000000E+000	6.50500000E-011	1.02000000E-010	4.73640000E-007	-2.00000000E+000	1.00000000E+000	4.00000000E+000	-5.09490000E-011	1.43800000E-010	1.47600000E-010	*
1.92000000E-011	-4.14500000E-011	-4.78090000E-007	2.50000000E+000	8.00990000E-011	6.97010000E-011	4.76840000E-007	-2.00000000E+000	1.00000000E+000	4.00000000E+000	2.62640000E-010	4.50000000E-010	-3.61950000E-010	*
-6.58000000E-011	-9.68010000E-011	-4.81930000E-007	2.60000000E+000	2.49000000E-011	-1.53000000E-011	4.82100000E-007	-2.00000000E+000	1.00000000E+000	4.00000000E+000	3.60100000E-010	3.54250000E-010	-5.07160000E-010	*
-8.43490000E-011	-6.65990000E-011	-4.85190000E-007	2.70000000E+000	-4.53010000E-011	-6.53980000E-011	4.84400000E-007	-2.00000000E+000	1.00000000E+000	4.00000000E+000	1.34600000E-010	-4.33500000E-011	-4.29650000E-010	*
-3.36000000E-011	1.92500000E-011	-4.87600000E-007	2.80000000E+000	-6.86490000E-011	-6.78990000E-011	4.87400000E-007	-2.00000000E+000	1.00000000E+000	4.00000000E+000	-2.33800000E-010	-3.95840000E-010	-4.70000000E-012	*
4.71500000E-011	7.89490000E-011	-4.91130000E-007	2.90000000E+000	-3.44510000E-011	8.65000000E-012	4.91130000E-007	-2.00000000E+000	1.00000000E+000	4.00000000E+000	-4.19400000E-010	-3.78290000E-010	3.84500000E-010	*
1.03850000E-010	7.88490000E-011	-4.94590000E-007	3.00000000E+000	3.19990000E-011	6.70010000E-011	4.93750000E-007	-2.00000000E+000	1.00000000E+000	4.00000000E+000	-2.86250000E-010	-6.87980000E-011	3.18200000E-010	*
6.87980000E-011	1.91500000E-011	-4.97380000E-007	3.10000000E+000	9.63990000E-011	7.97510000E-011	4.97380000E-007	-2.00000000E+000	1.00000000E+000	4.00000000E+000	6.51500000E-011	2.78110000E-010	-7.06490000E-011	*
-2.82500000E-011	-6.63010000E-011	-4.99250000E-007	3.20000000E+000	7.23510000E-011	3.16000000E-011	4.99190000E-007	-2.00000000E+000	1.00000000E+000	4.00000000E+000	4.10890000E-010	3.52040000E-010	-4.54090000E-010	*
-8.74000000E-011	-8.75990000E-011	-5.02450000E-007	3.30000000E+000	-5.75010000E-012	-4.29010000E-011	5.01780000E-007	-2.00000000E+000	1.00000000E+000	4.00000000E+000	3.89510000E-010	1.43900000E-010	-5.03550000E-010	*
-6.70010000E-011	-5.94020000E-011	-5.03580000E-007	3.40000000E+000	-5.87020000E-011	-8.41000000E-011	5.03790000E-007	-2.00000000E+000	1.00000000E+000	4.00000000E+000	9.05010000E-012	-1.07750000E-010	-1.42700000E-010	*
-3.55010000E-012	2.82500000E-011	-5.05880000E-007	3.50000000E+000	-6.08010000E-011	-5.65010000E-011	5.06490000E-007	-2.00000000E+000	1.00000000E+000	4.00000000E+000	-3.16550000E-010	-4.17440000E-010	2.47790000E-010	*
6.78500000E-011	8.80010000E-011	-5.08240000E-007	3.60000000E+000	-1.50500000E-011	1.84500000E-011	5.08240000E-007	-2.00000000E+000	1.00000000E+000	4.00000000E+000	-3.97500000E-010	-4.17200000E-010	3.52800000E-010	*
9.30990000E-011	6.15510000E-011	-5.10340000E-007	3.70000000E+000	5.84990000E-011	8.28490000E-011	5.09140000E-007	-2.00000000E+000	1.00000000E+000	4.00000000E+000	-1.80200000E-010	-8.80000000E-012	4.06500000E-011	*
6.31990000E-011	-7.74980000E-012	-5.12200000E-007	3.80000000E+000	9.89010000E-011	7.40990000E-011	5.11150000E-007	-2.00000000E+000	1.00000000E+000	4.00000000E+000	1.18350000E-010	3.49400000E-010	-3.43450000E-010	*
-3.38010000E-011	-7.24510000E-011	-5.13480000E-007	3.90000000E+000	7.36510000E-011	-1.00000000E-013	5.13300000E-007	-2.00000000E+000	1.00000000E+000	4.00000000E+000	4.53650000E-010	3.66750000E-010	-4.81210000E-010	*
-9.24990000E-011	-8.15490000E-011	-5.14440000E-007	4.00000000E+000	-1.04500000E-011	-3.68510000E-011	5.14530000E-007	-2.00000000E+000	1.00000000E+000	4.00000000E+000	3.59090000E-010	9.77990000E-011	-2.19350000E-010	*
-6.74480000E-011	-2.64500000E-011	-5.16130000E-007	4.10000000E+000	-6.92000000E-011	-7.59500000E-011	5.17000000E-007	-2.00000000E+000	1.00000000E+000	4.00000000E+000	-4.48000000E-011	-2.47590000E-010	2.22150000E-010	*
1.94500000E-011	5.49500000E-011	-5.18130000E-007	4.20000000E+000	-4.63010000E-011	-2.86500000E-011	5.18280000E-007	-2.00000000E+000	1.00000000E+000	4.00000000E+000	-3.82900000E-010	-4.30700000E-010	4.11740000E-010	*
7.95490000E-011	9.91000000E-011	-5.19180000E-007	4.30000000E+000	2.40500000E-011	4.73510000E-011	5.19240000E-007	-2.00000000E+000	1.00000000E+000	4.00000000E+000	-4.06300000E-010	-2.95800000E-010	1.75400000E-010	*
6.92490000E-011	5.88010000E-011	-5.21100000E-007	4.40000000E+000	9.17990000E-011	9.78490000E-011	5.20490000E-007	-2.00000000E+000	1.00000000E+000	4.00000000E+000	-5.68510000E-011	1.37600000E-010	-3.11300000E-010	*
2.99490000E-011	-3.43000000E-011	-5.22380000E-007	4.50000000E+000	1.01550000E-010	7.67990000E-011	5.22030000E-007	-2.00000000E+000	1.00000000E+000	4.00000000E+000	2.32940000E-010	4.60350000E-010	-5.25350000E-010	*
-6.11990000E-011	-9.67010000E-011	-5.23400000E-007	4.60000000E+000	6.83010000E-011	-1.29000000E-011	5.22940000E-007	-2.00000000E+000	1.00000000E+000	4.00000000E+000	3.57450000E-010	3.66750000E-010	-2.97750000E-010	*
-9.69500000E-011	-7.10510000E-011	-5.23550000E-007	4.70000000E+000	-1.00000000E-013	-6.99000000E-011	5.24330000E-007	-2.00000000E+000	1.00000000E+000	4.00000000E+000	1.39150000E-010	-4.29010000E-011	1.43150000E-010	*
-5.56000000E-011	1.08500000E-011	-5.24800000E-007	4.80000000E+000	-2.90000000E-011	-5.67000000E-011	5.24940000E-007	-2.00000000E+000	1.00000000E+000	4.00000000E+000	-2.09000000E-010	-3.60500000E-010	4.65600000E-010	*
2.72500000E-011	6.55010000E-011	-5.25850000E-007	4.90000000E+000	1.45000000E-011	-8.45010000E-012	5.25730000E-007	-2.00000000E+000	1.00000000E+000	4.00000000E+000	-5.35630000E-010	-3.87400000E-010	2.91590000E-010	*
9.69500000E-011	8.16480000E-011	-5.27450000E-007	5.00000000E+000	1.32900000E-010	6.40490000E-011	5.26890000E-007	-2.00000000E+000	1.00000000E+000	4.00000000E+000	-4.38700000E-010	-1.36600000E-010	-2.06800000E-010	*

TEST RESULTS:  OUTPUT  04/30/2025  16:42:40


