ATTRIBUTES:

Attribute #1:C:\Metrics\ics\projects\6.2600J_S25\transistor_measurement.ics
Attribute #2:Test
Attribute #3:dev1
Attribute #4:PASSED
SETUP:TRANSFER  04/30/2025  15:58:31
DATE:04/30/2025
TIME:15:58:31

CONDITIONS:

ID:	D	
UNIT:	SMU2	
MODE: STEP	
START:	0.5	
STOP:	5	
PNTS:	2	
STEP:	4.5

ID:	G	
UNIT:	SMU4	
MODE: SWEEP	
START:	-2	
STOP:	4	
PNTS:	61	
STEP:	0.1

ID:	S	
UNIT:	SMU1	
MODE: CONST	
VALUE:	0

DATA:  TRANSFER  04/30/2025  15:58:31

IS	IS2	VD	VD2	ID	ID2	VG	IG	IG2	ACCSTRESS
-1.16500000E-011	2.55000000E-012	5.00000000E-001	5.00000000E+000	-5.39990000E-012	1.67950000E-010	-2.00000000E+000	-2.11850000E-010	-1.76750000E-010	0.00000000E+000
7.64990000E-012	-3.35000000E-012	5.00000000E-001	5.00000000E+000	2.47500000E-011	1.41850000E-010	-1.90000000E+000	2.46000000E-011	1.48500000E-011	*
-2.25000000E-011	-2.94500000E-011	5.00000000E-001	5.00000000E+000	1.58490000E-011	9.84000000E-011	-1.80000000E+000	1.88350000E-010	1.16450000E-010	*
-3.66500000E-011	-2.12000000E-011	5.00000000E-001	5.00000000E+000	2.14990000E-012	6.30000000E-011	-1.70000000E+000	2.26950000E-010	6.50500000E-011	*
-3.21010000E-011	8.59980000E-012	5.00000000E-001	5.00000000E+000	-7.45000000E-012	4.99500000E-011	-1.60000000E+000	1.84700000E-010	-1.13950000E-010	*
8.49980000E-013	2.99990000E-011	5.00000000E-001	5.00000000E+000	-1.16500000E-011	5.26490000E-011	-1.50000000E+000	1.25000000E-012	-2.46500000E-010	*
2.88500000E-011	3.82500000E-011	5.00000000E-001	5.00000000E+000	-1.65000000E-012	6.71000000E-011	-1.40000000E+000	-1.52150000E-010	-2.25200000E-010	*
3.32000000E-011	1.73500000E-011	5.00000000E-001	5.00000000E+000	2.37000000E-011	7.88990000E-011	-1.30000000E+000	-1.70950000E-010	-4.18000000E-011	*
6.44990000E-012	-1.56500000E-011	5.00000000E-001	5.00000000E+000	3.18500000E-011	5.58010000E-011	-1.20000000E+000	3.28010000E-011	1.44600000E-010	*
-2.67500000E-011	-2.80490000E-011	5.00000000E-001	5.00000000E+000	1.43500000E-011	3.77490000E-011	-1.10000000E+000	2.13850000E-010	1.69600000E-010	*
-3.41010000E-011	-1.77500000E-011	5.00000000E-001	5.00000000E+000	2.25000000E-012	3.18500000E-011	-1.00000000E+000	2.08800000E-010	5.79000000E-011	*
-1.58000000E-011	1.72500000E-011	5.00000000E-001	5.00000000E+000	-1.17000000E-011	2.76500000E-011	-9.00000000E-001	9.22990000E-011	-1.19550000E-010	*
1.37500000E-011	4.24000000E-011	5.00000000E-001	5.00000000E+000	-3.65000000E-012	4.17500000E-011	-8.00000000E-001	-6.53980000E-011	-2.20900000E-010	*
3.16490000E-011	3.28500000E-011	5.00000000E-001	5.00000000E+000	1.07500000E-011	6.06480000E-011	-7.00000000E-001	-1.66050000E-010	-1.39450000E-010	*
2.84000000E-011	3.50000000E-012	5.00000000E-001	5.00000000E+000	2.66990000E-011	6.94480000E-011	-6.00000000E-001	-7.67490000E-011	6.62010000E-011	*
-1.00000000E-013	-2.62000000E-011	5.00000000E-001	5.00000000E+000	3.36000000E-011	4.76510000E-011	-5.00000000E-001	7.96480000E-011	2.04000000E-010	*
-5.52500000E-011	-3.13490000E-011	5.00000000E-001	5.00000000E+000	3.99010000E-011	3.19500000E-011	-4.00000000E-001	2.37450000E-010	2.00250000E-010	*
-3.23390000E-010	-1.82500000E-011	5.00000000E-001	5.00000000E+000	2.78350000E-010	3.40490000E-011	-3.00000000E-001	2.70100000E-010	1.56000000E-011	*
-1.35550000E-009	-1.55750000E-010	5.00000000E-001	5.00000000E+000	1.40000000E-009	2.11800000E-010	-2.00000000E-001	1.86700000E-010	-1.62150000E-010	*
-5.50200000E-009	-9.95950000E-010	5.00000000E-001	5.00000000E+000	5.51540000E-009	1.08850000E-009	-1.00000000E-001	3.25560000E-010	1.39700000E-010	*
-1.42700000E-008	-4.63590000E-009	5.00000000E-001	5.00000000E+000	1.40000000E-008	4.65980000E-009	0.00000000E+000	-1.29700000E-010	2.13950000E-010	*
-3.01610000E-008	-1.22600000E-008	5.00000000E-001	5.00000000E+000	3.00040000E-008	1.23100000E-008	1.00000000E-001	1.79950000E-010	1.64500000E-010	*
-5.59790000E-008	-2.71050000E-008	5.00000000E-001	5.00000000E+000	5.59300000E-008	2.70250000E-008	2.00000000E-001	1.21500000E-011	7.89490000E-011	*
-9.39940000E-008	-5.08810000E-008	5.00000000E-001	5.00000000E+000	9.41510000E-008	5.11150000E-008	3.00000000E-001	-1.97750000E-010	2.02400000E-010	*
-1.42450000E-007	-8.82060000E-008	5.00000000E-001	5.00000000E+000	1.41400000E-007	8.76490000E-008	4.00000000E-001	-1.28800000E-010	3.36650000E-010	*
-2.05500000E-007	-1.35190000E-007	5.00000000E-001	5.00000000E+000	2.04990000E-007	1.34850000E-007	5.00000000E-001	-1.25500000E-010	1.43900000E-010	*
-2.84590000E-007	-2.05200000E-007	5.00000000E-001	5.00000000E+000	2.84300000E-007	2.04450000E-007	6.00000000E-001	2.39000000E-010	-9.01010000E-011	*
-3.79950000E-007	-2.96450000E-007	5.00000000E-001	5.00000000E+000	3.80240000E-007	2.96040000E-007	7.00000000E-001	7.65500000E-011	-2.17550000E-010	*
-4.89580000E-007	-4.13190000E-007	5.00000000E-001	5.00000000E+000	4.88800000E-007	4.12040000E-007	8.00000000E-001	-1.58900000E-010	1.37250000E-010	*
-6.11590000E-007	-5.60130000E-007	5.00000000E-001	5.00000000E+000	6.10630000E-007	5.61180000E-007	9.00000000E-001	8.19010000E-011	1.23450000E-010	*
-7.48900000E-007	-7.35830000E-007	5.00000000E-001	5.00000000E+000	7.48350000E-007	7.35770000E-007	1.00000000E+000	2.41560000E-010	-1.88200000E-010	*
-8.96420000E-007	-9.49690000E-007	5.00000000E-001	5.00000000E+000	8.96750000E-007	9.48640000E-007	1.10000000E+000	-1.09250000E-010	-8.69490000E-011	*
-1.05600000E-006	-1.17850000E-006	5.00000000E-001	5.00000000E+000	1.05400000E-006	1.17600000E-006	1.20000000E+000	-1.62500000E-011	-9.76000000E-011	*
-1.22700000E-006	-1.46250000E-006	5.00000000E-001	5.00000000E+000	1.22850000E-006	1.46450000E-006	1.30000000E+000	4.68990000E-011	1.70300000E-010	*
-1.41300000E-006	-1.79450000E-006	5.00000000E-001	5.00000000E+000	1.41100000E-006	1.79400000E-006	1.40000000E+000	3.58400000E-010	-4.48990000E-011	*
-1.60900000E-006	-2.16700000E-006	5.00000000E-001	5.00000000E+000	1.60950000E-006	2.16850000E-006	1.50000000E+000	7.84510000E-011	-1.79400000E-010	*
-1.81050000E-006	-2.58700000E-006	5.00000000E-001	5.00000000E+000	1.81050000E-006	2.58550000E-006	1.60000000E+000	6.38990000E-011	1.79200000E-010	*
-2.02050000E-006	-3.04800000E-006	5.00000000E-001	5.00000000E+000	2.02140000E-006	3.04800000E-006	1.70000000E+000	3.79860000E-010	4.99990000E-011	*
-2.24950000E-006	-3.56650000E-006	5.00000000E-001	5.00000000E+000	2.24190000E-006	3.56240000E-006	1.80000000E+000	-1.03850000E-010	-2.05750000E-010	*
-2.47100000E-006	-4.12340000E-006	5.00000000E-001	5.00000000E+000	2.46890000E-006	4.11990000E-006	1.90000000E+000	3.43000000E-011	-8.55000000E-012	*
-2.70700000E-006	-4.73550000E-006	5.00000000E-001	5.00000000E+000	2.70500000E-006	4.73390000E-006	2.00000000E+000	1.96400000E-010	1.81950000E-010	*
-2.94800000E-006	-5.39050000E-006	5.00000000E-001	5.00000000E+000	2.94540000E-006	5.39100000E-006	2.10000000E+000	-1.99050000E-010	-1.97200000E-010	*
-3.19250000E-006	-6.11090000E-006	5.00000000E-001	5.00000000E+000	3.19200000E-006	6.11090000E-006	2.20000000E+000	2.10600000E-010	-1.27650000E-010	*
-3.44150000E-006	-6.87290000E-006	5.00000000E-001	5.00000000E+000	3.44340000E-006	6.87080000E-006	2.30000000E+000	-5.09490000E-011	1.69150000E-010	*
-3.70400000E-006	-7.69180000E-006	5.00000000E-001	5.00000000E+000	3.69990000E-006	7.68990000E-006	2.40000000E+000	-5.80500000E-011	-6.90000000E-012	*
-3.96180000E-006	-8.57240000E-006	5.00000000E-001	5.00000000E+000	3.96300000E-006	8.56720000E-006	2.50000000E+000	1.46850000E-010	-2.32250000E-010	*
-4.23240000E-006	-9.50560000E-006	5.00000000E-001	5.00000000E+000	4.22890000E-006	9.50370000E-006	2.60000000E+000	-1.83450000E-010	5.46500000E-011	*
-4.49810000E-006	-1.04760000E-005	5.00000000E-001	5.00000000E+000	4.50040000E-006	1.04750000E-005	2.70000000E+000	1.93150000E-010	-2.06200000E-010	*
-4.77890000E-006	-1.15150000E-005	5.00000000E-001	5.00000000E+000	4.77540000E-006	1.15100000E-005	2.80000000E+000	-2.65500000E-011	2.56500000E-011	*
-5.06380000E-006	-1.26300000E-005	5.00000000E-001	5.00000000E+000	5.06110000E-006	1.26250000E-005	2.90000000E+000	-8.07000000E-011	1.50850000E-010	*
-5.34700000E-006	-1.38100000E-005	5.00000000E-001	5.00000000E+000	5.35000000E-006	1.38150000E-005	3.00000000E+000	1.92950000E-010	-2.01800000E-010	*
-5.63640000E-006	-1.50600000E-005	5.00000000E-001	5.00000000E+000	5.63640000E-006	1.50500000E-005	3.10000000E+000	-1.93200000E-010	-6.01010000E-011	*
-5.92490000E-006	-1.63700000E-005	5.00000000E-001	5.00000000E+000	5.92690000E-006	1.63650000E-005	3.20000000E+000	7.28490000E-011	1.93600000E-010	*
-6.22190000E-006	-1.77500000E-005	5.00000000E-001	5.00000000E+000	6.21980000E-006	1.77400000E-005	3.30000000E+000	4.45490000E-011	-9.05520000E-011	*
-6.52000000E-006	-1.92240000E-005	5.00000000E-001	5.00000000E+000	6.52040000E-006	1.92150000E-005	3.40000000E+000	-1.39700000E-010	-1.43100000E-010	*
-6.83450000E-006	-2.07600000E-005	5.00000000E-001	5.00000000E+000	6.82940000E-006	2.07500000E-005	3.50000000E+000	1.53750000E-010	1.59550000E-010	*
-7.15140000E-006	-2.23690000E-005	5.00000000E-001	5.00000000E+000	7.15190000E-006	2.23650000E-005	3.60000000E+000	-1.21700000E-010	-2.24000000E-011	*
-7.47340000E-006	-2.40600000E-005	5.00000000E-001	5.00000000E+000	7.46950000E-006	2.40550000E-005	3.70000000E+000	3.09990000E-011	-2.09400000E-010	*
-7.79240000E-006	-2.58800000E-005	5.00000000E-001	5.00000000E+000	7.79570000E-006	2.58750000E-005	3.80000000E+000	9.25490000E-011	8.82990000E-011	*
-8.13560000E-006	-2.77500000E-005	5.00000000E-001	5.00000000E+000	8.13560000E-006	2.77500000E-005	3.90000000E+000	-1.47150000E-010	7.63510000E-011	*
-8.47640000E-006	-2.97650000E-005	5.00000000E-001	5.00000000E+000	8.47640000E-006	2.97740000E-005	4.00000000E+000	1.60350000E-010	-1.94650000E-010	*

TEST RESULTS:  TRANSFER  04/30/2025  15:58:31


SETUP:OUTPUT  04/30/2025  15:59:23
DATE:04/30/2025
TIME:15:59:23

CONDITIONS:

ID:	D	
UNIT:	SMU2	
MODE: SWEEP	
START:	0	
STOP:	5	
PNTS:	51	
STEP:	0.1

ID:	G	
UNIT:	SMU4	
MODE: STEP	
START:	-2	
STOP:	4	
PNTS:	3	
STEP:	3

ID:	S	
UNIT:	SMU1	
MODE: CONST	
VALUE:	0

DATA:  OUTPUT  04/30/2025  15:59:23

IS	IS2	IS3	VD	ID	ID2	ID3	VG	VG2	VG3	IG	IG2	IG3	ACCSTRESS
2.29000000E-011	1.90950000E-009	1.84500000E-008	0.00000000E+000	1.12500000E-011	-2.01650000E-009	-1.80000000E-008	-2.00000000E+000	1.00000000E+000	4.00000000E+000	1.88150000E-010	3.12800000E-010	-2.20500000E-011	0.00000000E+000
-2.70000000E-012	-2.10890000E-007	-1.98740000E-006	1.00000000E-001	-8.95020000E-012	2.10450000E-007	1.97390000E-006	-2.00000000E+000	1.00000000E+000	4.00000000E+000	-1.28500000E-011	-5.92490000E-011	2.92500000E-011	*
2.73000000E-011	-3.83690000E-007	-3.73450000E-006	2.00000000E-001	-1.40000000E-012	3.82950000E-007	3.73190000E-006	-2.00000000E+000	1.00000000E+000	4.00000000E+000	-1.62600000E-010	-3.00740000E-010	1.10400000E-010	*
3.77490000E-011	-5.33650000E-007	-5.44850000E-006	3.00000000E-001	9.05010000E-012	5.33330000E-007	5.44240000E-006	-2.00000000E+000	1.00000000E+000	4.00000000E+000	-1.83750000E-010	-3.12590000E-010	1.21400000E-010	*
2.37000000E-011	-6.51550000E-007	-7.07200000E-006	4.00000000E-001	2.68000000E-011	6.51050000E-007	7.07600000E-006	-2.00000000E+000	1.00000000E+000	4.00000000E+000	-8.08990000E-011	-1.29700000E-010	-1.59000000E-011	*
-4.35010000E-012	-7.49630000E-007	-8.60450000E-006	5.00000000E-001	1.76500000E-011	7.50030000E-007	8.60450000E-006	-2.00000000E+000	1.00000000E+000	4.00000000E+000	9.27010000E-011	4.42510000E-011	-1.50050000E-010	*
-2.76500000E-011	-8.26900000E-007	-1.00490000E-005	6.00000000E-001	1.30500000E-011	8.28790000E-007	1.00470000E-005	-2.00000000E+000	1.00000000E+000	4.00000000E+000	1.95550000E-010	4.91500000E-011	-2.04600000E-010	*
-3.19500000E-011	-8.84030000E-007	-1.12650000E-005	7.00000000E-001	-8.95020000E-012	8.83390000E-007	1.12300000E-005	-2.00000000E+000	1.00000000E+000	4.00000000E+000	1.48450000E-010	-1.34450000E-010	1.68000000E-010	*
3.30000000E-012	-9.30270000E-007	-1.23300000E-005	8.00000000E-001	-1.47500000E-011	9.27970000E-007	1.23250000E-005	-2.00000000E+000	1.00000000E+000	4.00000000E+000	-4.54000000E-011	-3.33000000E-010	-4.48500000E-011	*
2.71000000E-011	-9.59320000E-007	-1.35150000E-005	9.00000000E-001	-1.70000000E-012	9.58850000E-007	1.35200000E-005	-2.00000000E+000	1.00000000E+000	4.00000000E+000	-1.86900000E-010	-3.51350000E-010	-2.41460000E-010	*
3.61510000E-011	-9.78820000E-007	-1.46050000E-005	1.00000000E+000	6.90000000E-012	9.78990000E-007	1.46000000E-005	-2.00000000E+000	1.00000000E+000	4.00000000E+000	-1.84150000E-010	-2.61250000E-010	-2.97700000E-010	*
2.06000000E-011	-9.89940000E-007	-1.56350000E-005	1.10000000E+000	2.78500000E-011	9.90810000E-007	1.56290000E-005	-2.00000000E+000	1.00000000E+000	4.00000000E+000	-6.87980000E-011	-7.28980000E-011	-1.59850000E-010	*
-1.03000000E-011	-9.93430000E-007	-1.66100000E-005	1.20000000E+000	2.12500000E-011	9.93260000E-007	1.65950000E-005	-2.00000000E+000	1.00000000E+000	4.00000000E+000	1.17450000E-010	7.44010000E-011	-3.05500000E-011	*
-2.84500000E-011	-9.93200000E-007	-1.75000000E-005	1.30000000E+000	1.03000000E-011	9.91920000E-007	1.75000000E-005	-2.00000000E+000	1.00000000E+000	4.00000000E+000	1.96400000E-010	2.26500000E-011	-1.61000000E-011	*
-2.90000000E-011	-9.91160000E-007	-1.83290000E-005	1.40000000E+000	-7.99970000E-013	9.90990000E-007	1.83350000E-005	-2.00000000E+000	1.00000000E+000	4.00000000E+000	1.29100000E-010	-2.08900000E-010	-1.62300000E-010	*
2.65000000E-012	-9.95410000E-007	-1.91250000E-005	1.50000000E+000	-1.96000000E-011	9.95350000E-007	1.91140000E-005	-2.00000000E+000	1.00000000E+000	4.00000000E+000	-4.88500000E-011	-3.69890000E-010	-4.04200000E-010	*
2.83500000E-011	-9.94010000E-007	-1.98600000E-005	1.60000000E+000	-4.84990000E-012	9.92560000E-007	1.98550000E-005	-2.00000000E+000	1.00000000E+000	4.00000000E+000	-1.91500000E-010	-3.21610000E-010	-5.67500000E-010	*
3.86500000E-011	-9.91680000E-007	-2.05350000E-005	1.70000000E+000	1.84500000E-011	9.91980000E-007	2.05450000E-005	-2.00000000E+000	1.00000000E+000	4.00000000E+000	-1.84200000E-010	-8.92020000E-011	-5.99240000E-010	*
1.78500000E-011	-9.89240000E-007	-2.11750000E-005	1.80000000E+000	2.21000000E-011	9.88370000E-007	2.11750000E-005	-2.00000000E+000	1.00000000E+000	4.00000000E+000	-5.11010000E-011	9.71990000E-011	-3.87500000E-010	*
-1.11500000E-011	-9.87550000E-007	-2.17400000E-005	1.90000000E+000	2.83500000E-011	9.86330000E-007	2.17300000E-005	-2.00000000E+000	1.00000000E+000	4.00000000E+000	1.12200000E-010	1.13950000E-010	-2.30200000E-010	*
-3.15000000E-011	-9.87140000E-007	-2.22340000E-005	2.00000000E+000	5.20000000E-012	9.86270000E-007	2.22400000E-005	-2.00000000E+000	1.00000000E+000	4.00000000E+000	1.83700000E-010	-8.67000000E-011	-2.38600000E-010	*
-2.70500000E-011	-9.83480000E-007	-2.27150000E-005	2.10000000E+000	-6.15000000E-012	9.82550000E-007	2.27250000E-005	-2.00000000E+000	1.00000000E+000	4.00000000E+000	1.18050000E-010	-2.81450000E-010	-3.48900000E-010	*
7.89990000E-012	-9.81210000E-007	-2.31250000E-005	2.20000000E+000	-1.64500000E-011	9.80860000E-007	2.31250000E-005	-2.00000000E+000	1.00000000E+000	4.00000000E+000	-6.53980000E-011	-2.72050000E-010	-5.17700000E-010	*
2.77000000E-011	-9.83830000E-007	-2.34940000E-005	2.30000000E+000	-3.35000000E-012	9.84820000E-007	2.34850000E-005	-2.00000000E+000	1.00000000E+000	4.00000000E+000	-2.05000000E-010	-8.76990000E-011	-5.72550000E-010	*
3.50000000E-011	-9.82490000E-007	-2.38050000E-005	2.40000000E+000	2.01000000E-011	9.83240000E-007	2.38100000E-005	-2.00000000E+000	1.00000000E+000	4.00000000E+000	-1.83700000E-010	9.49000000E-011	-4.99090000E-010	*
2.07490000E-011	-9.84700000E-007	-2.41100000E-005	2.50000000E+000	2.81990000E-011	9.84930000E-007	2.41250000E-005	-2.00000000E+000	1.00000000E+000	4.00000000E+000	-7.80500000E-011	1.17900000E-010	-2.82950000E-010	*
-7.20000000E-012	-9.80570000E-007	-2.43890000E-005	2.60000000E+000	2.59000000E-011	9.82310000E-007	2.43890000E-005	-2.00000000E+000	1.00000000E+000	4.00000000E+000	9.51990000E-011	-9.59990000E-012	-1.18750000E-010	*
-2.76500000E-011	-9.78010000E-007	-2.46150000E-005	2.70000000E+000	1.28500000E-011	9.77660000E-007	2.45940000E-005	-2.00000000E+000	1.00000000E+000	4.00000000E+000	2.00350000E-010	-1.91400000E-010	-1.07200000E-010	*
-2.45000000E-011	-9.77950000E-007	-2.47950000E-005	2.80000000E+000	-7.35010000E-012	9.77890000E-007	2.48200000E-005	-2.00000000E+000	1.00000000E+000	4.00000000E+000	1.45800000E-010	-2.58000000E-010	-2.74850000E-010	*
4.99990000E-013	-9.77080000E-007	-2.49900000E-005	2.90000000E+000	-1.32500000E-011	9.74050000E-007	2.49850000E-005	-2.00000000E+000	1.00000000E+000	4.00000000E+000	-3.29500000E-011	-1.42100000E-010	-4.52100000E-010	*
3.24010000E-011	-9.75100000E-007	-2.51300000E-005	3.00000000E+000	5.99990000E-013	9.75030000E-007	2.51200000E-005	-2.00000000E+000	1.00000000E+000	4.00000000E+000	-1.82150000E-010	6.53980000E-011	-4.66460000E-010	*
4.07500000E-011	-9.75150000E-007	-2.52400000E-005	3.10000000E+000	1.87500000E-011	9.73700000E-007	2.52400000E-005	-2.00000000E+000	1.00000000E+000	4.00000000E+000	-1.74150000E-010	1.40600000E-010	-3.80450000E-010	*
2.30500000E-011	-9.72650000E-007	-2.53450000E-005	3.20000000E+000	3.50000000E-011	9.72420000E-007	2.53390000E-005	-2.00000000E+000	1.00000000E+000	4.00000000E+000	-7.79500000E-011	3.65500000E-011	-1.53200000E-010	*
-4.79990000E-012	-9.71020000E-007	-2.54050000E-005	3.30000000E+000	3.02500000E-011	9.69680000E-007	2.53940000E-005	-2.00000000E+000	1.00000000E+000	4.00000000E+000	1.05850000E-010	-1.13300000E-010	-2.54000000E-011	*
-3.07510000E-011	-9.73410000E-007	-2.54600000E-005	3.40000000E+000	7.25000000E-012	9.71430000E-007	2.54600000E-005	-2.00000000E+000	1.00000000E+000	4.00000000E+000	1.95100000E-010	-2.58790000E-010	-3.26990000E-011	*
-2.66990000E-011	-9.68810000E-007	-2.55100000E-005	3.50000000E+000	-4.35010000E-012	9.69510000E-007	2.55250000E-005	-2.00000000E+000	1.00000000E+000	4.00000000E+000	1.29100000E-010	-2.10300000E-010	-2.12950000E-010	*
3.15000000E-012	-9.68810000E-007	-2.55600000E-005	3.60000000E+000	-1.01500000E-011	9.69800000E-007	2.55500000E-005	-2.00000000E+000	1.00000000E+000	4.00000000E+000	-6.16000000E-011	6.00010000E-012	-3.84500000E-010	*
3.08000000E-011	-9.68340000E-007	-2.55800000E-005	3.70000000E+000	5.75010000E-012	9.66660000E-007	2.55800000E-005	-2.00000000E+000	1.00000000E+000	4.00000000E+000	-1.95300000E-010	1.90750000E-010	-3.84350000E-010	*
3.80000000E-011	-9.67060000E-007	-2.56050000E-005	3.80000000E+000	1.67500000E-011	9.66770000E-007	2.56090000E-005	-2.00000000E+000	1.00000000E+000	4.00000000E+000	-1.93150000E-010	1.43300000E-010	-2.88450000E-010	*
2.59000000E-011	-9.67060000E-007	-2.56000000E-005	3.90000000E+000	2.90500000E-011	9.67060000E-007	2.55800000E-005	-2.00000000E+000	1.00000000E+000	4.00000000E+000	-9.76000000E-011	-9.42000000E-011	-7.95490000E-011	*
-1.00000000E-013	-9.63570000E-007	-2.55650000E-005	4.00000000E+000	3.55010000E-011	9.62700000E-007	2.55650000E-005	-2.00000000E+000	1.00000000E+000	4.00000000E+000	7.44510000E-011	-2.46900000E-010	6.10000000E-012	*
-3.01000000E-011	-9.61940000E-007	-2.55550000E-005	4.10000000E+000	2.27500000E-011	9.62410000E-007	2.55650000E-005	-2.00000000E+000	1.00000000E+000	4.00000000E+000	2.14550000E-010	-2.37450000E-010	-3.94490000E-011	*
-3.05000000E-011	-9.64680000E-007	-2.55350000E-005	4.20000000E+000	2.84990000E-012	9.65030000E-007	2.55350000E-005	-2.00000000E+000	1.00000000E+000	4.00000000E+000	1.60650000E-010	-5.06490000E-011	-2.09950000E-010	*
1.00000000E-013	-9.61820000E-007	-2.55250000E-005	4.30000000E+000	1.04500000E-011	9.62580000E-007	2.55250000E-005	-2.00000000E+000	1.00000000E+000	4.00000000E+000	-4.64500000E-011	1.34500000E-010	-3.78850000E-010	*
3.14500000E-011	-9.62580000E-007	-2.55140000E-005	4.40000000E+000	2.15500000E-011	9.62350000E-007	2.55040000E-005	-2.00000000E+000	1.00000000E+000	4.00000000E+000	-1.95600000E-010	1.56500000E-010	-3.83350000E-010	*
3.97000000E-011	-9.63920000E-007	-2.54950000E-005	4.50000000E+000	4.48000000E-011	9.64210000E-007	2.55140000E-005	-2.00000000E+000	1.00000000E+000	4.00000000E+000	-2.30400000E-010	-2.32000000E-011	-1.96000000E-010	*
2.06000000E-011	-9.64270000E-007	-2.54950000E-005	4.60000000E+000	6.93490000E-011	9.62060000E-007	2.54890000E-005	-2.00000000E+000	1.00000000E+000	4.00000000E+000	-1.27400000E-010	-2.03950000E-010	-2.63500000E-011	*
-5.20000000E-012	-9.62750000E-007	-2.54800000E-005	4.70000000E+000	7.87990000E-011	9.61130000E-007	2.54700000E-005	-2.00000000E+000	1.00000000E+000	4.00000000E+000	2.95000000E-011	-2.19350000E-010	4.07500000E-011	*
-2.55990000E-011	-9.60080000E-007	-2.54700000E-005	4.80000000E+000	8.68990000E-011	9.58160000E-007	2.54600000E-005	-2.00000000E+000	1.00000000E+000	4.00000000E+000	1.36100000E-010	-1.17650000E-010	-6.17500000E-011	*
-2.85000000E-011	-9.59610000E-007	-2.54400000E-005	4.90000000E+000	9.84000000E-011	9.57400000E-007	2.54340000E-005	-2.00000000E+000	1.00000000E+000	4.00000000E+000	7.37510000E-011	8.36990000E-011	-2.21800000E-010	*
-3.50000000E-013	-9.57110000E-007	-2.54200000E-005	5.00000000E+000	1.23800000E-010	9.57520000E-007	2.54200000E-005	-2.00000000E+000	1.00000000E+000	4.00000000E+000	-1.91650000E-010	1.75400000E-010	-3.50990000E-010	*

TEST RESULTS:  OUTPUT  04/30/2025  15:59:23


