ATTRIBUTES:

Attribute #1:C:\Metrics\ics\projects\6.2600J_S25\transistor_measurement.ics
Attribute #2:Test
Attribute #3:dev1
Attribute #4:PASSED
SETUP:TRANSFER  04/30/2025  16:46:06
DATE:04/30/2025
TIME:16:46:06

CONDITIONS:

ID:	D	
UNIT:	SMU2	
MODE: STEP	
START:	0.5	
STOP:	5	
PNTS:	2	
STEP:	4.5

ID:	G	
UNIT:	SMU4	
MODE: SWEEP	
START:	-2	
STOP:	4	
PNTS:	61	
STEP:	0.1

ID:	S	
UNIT:	SMU1	
MODE: CONST	
VALUE:	0

DATA:  TRANSFER  04/30/2025  16:46:06

IS	IS2	VD	VD2	ID	ID2	VG	IG	IG2	ACCSTRESS
-1.22850000E-010	9.20020000E-012	5.00000000E-001	5.00000000E+000	-9.44990000E-011	1.29400000E-010	-2.00000000E+000	1.85000000E-010	-1.07500000E-009	0.00000000E+000
1.04900000E-010	1.27850000E-010	5.00000000E-001	5.00000000E+000	7.64510000E-011	1.29600000E-010	-1.90000000E+000	-2.94010000E-009	-3.02500000E-009	*
-1.03450000E-010	1.16750000E-010	5.00000000E-001	5.00000000E+000	-7.13490000E-011	1.27350000E-010	-1.80000000E+000	2.82500000E-009	-1.47000000E-009	*
1.02650000E-010	1.17750000E-010	5.00000000E-001	5.00000000E+000	6.88520000E-011	1.25650000E-010	-1.70000000E+000	-2.91000000E-009	-2.53500000E-009	*
1.11350000E-010	-7.95490000E-011	5.00000000E-001	5.00000000E+000	6.20480000E-011	-3.52000000E-011	-1.60000000E+000	-2.60000000E-009	1.97500000E-009	*
9.41500000E-011	-8.55500000E-011	5.00000000E-001	5.00000000E+000	8.14990000E-011	-3.50490000E-011	-1.50000000E+000	-1.29000000E-009	2.95490000E-009	*
1.01200000E-010	-1.01350000E-010	5.00000000E-001	5.00000000E+000	7.43510000E-011	-1.39500000E-011	-1.40000000E+000	-2.74500000E-009	3.92490000E-009	*
-1.12000000E-010	1.19050000E-010	5.00000000E-001	5.00000000E+000	-5.31010000E-011	9.23990000E-011	-1.30000000E+000	2.57000000E-009	-3.25500000E-009	*
1.16100000E-010	-7.72010000E-011	5.00000000E-001	5.00000000E+000	5.63990000E-011	-5.07010000E-011	-1.20000000E+000	-2.67000000E-009	2.67000000E-009	*
1.01200000E-010	-8.83490000E-011	5.00000000E-001	5.00000000E+000	8.00990000E-011	-4.73510000E-011	-1.10000000E+000	-2.94010000E-009	3.21490000E-009	*
-1.01300000E-010	-9.63990000E-011	5.00000000E-001	5.00000000E+000	-6.21510000E-011	-4.60510000E-011	-1.00000000E+000	2.42500000E-009	2.81500000E-009	*
-1.17100000E-010	1.22250000E-010	5.00000000E-001	5.00000000E+000	-5.45010000E-011	8.74000000E-011	-9.00000000E-001	2.66000000E-009	-3.13000000E-009	*
1.20350000E-010	-8.21990000E-011	5.00000000E-001	5.00000000E+000	5.53000000E-011	-4.63510000E-011	-8.00000000E-001	-2.94490000E-009	2.93000000E-009	*
1.04750000E-010	1.29100000E-010	5.00000000E-001	5.00000000E+000	7.60990000E-011	7.88490000E-011	-7.00000000E-001	-2.94010000E-009	-3.18500000E-009	*
-1.03650000E-010	1.34000000E-010	5.00000000E-001	5.00000000E+000	-6.73990000E-011	7.87500000E-011	-6.00000000E-001	2.74000000E-009	-2.81000000E-009	*
9.76500000E-011	1.25500000E-010	5.00000000E-001	5.00000000E+000	7.52000000E-011	8.78520000E-011	-5.00000000E-001	1.29700000E-009	-3.14500000E-009	*
-9.09990000E-011	-7.72010000E-011	5.00000000E-001	5.00000000E+000	1.85000000E-012	-5.71510000E-011	-4.00000000E-001	1.41700000E-009	3.18500000E-009	*
-1.00950000E-010	-9.24990000E-011	5.00000000E-001	5.00000000E+000	-6.45490000E-011	-4.54000000E-011	-3.00000000E-001	1.66000000E-010	2.89000000E-009	*
-7.66000000E-011	1.35100000E-010	5.00000000E-001	5.00000000E+000	-1.06900000E-010	7.82980000E-011	-2.00000000E-001	-6.53980000E-010	-2.83500000E-009	*
-4.48000000E-011	-7.33990000E-011	5.00000000E-001	5.00000000E+000	-9.29500000E-011	-5.64490000E-011	-1.00000000E-001	-7.99990000E-010	2.53500000E-009	*
-7.52500000E-011	1.27250000E-010	5.00000000E-001	5.00000000E+000	-1.04750000E-010	8.70490000E-011	0.00000000E+000	-6.14480000E-010	-3.39500000E-009	*
-5.83000000E-011	-7.52500000E-011	5.00000000E-001	5.00000000E+000	-9.89500000E-011	-5.22500000E-011	1.00000000E-001	-8.28490000E-010	3.02000000E-009	*
-7.12500000E-011	1.35800000E-010	5.00000000E-001	5.00000000E+000	-1.02450000E-010	7.89490000E-011	2.00000000E-001	-6.22490000E-010	-3.21990000E-009	*
-5.97990000E-011	1.30450000E-010	5.00000000E-001	5.00000000E+000	-1.01650000E-010	8.41500000E-011	3.00000000E-001	-7.46500000E-010	-3.06500000E-009	*
-8.45010000E-011	1.23000000E-010	5.00000000E-001	5.00000000E+000	-1.10100000E-010	8.97490000E-011	4.00000000E-001	-5.32000000E-010	-1.98000000E-009	*
-9.50990000E-011	1.06200000E-010	5.00000000E-001	5.00000000E+000	-9.69010000E-011	1.04600000E-010	5.00000000E-001	-3.48990000E-010	-3.03500000E-009	*
-1.15450000E-010	-3.39750000E-010	5.00000000E-001	5.00000000E+000	-7.54490000E-011	2.03950000E-010	6.00000000E-001	-5.31480000E-010	3.03000000E-009	*
-1.13450000E-010	-1.02390000E-009	5.00000000E-001	5.00000000E+000	-5.19500000E-011	1.12100000E-009	7.00000000E-001	-7.57980000E-010	-7.55000000E-010	*
-1.58850000E-010	-5.25850000E-009	5.00000000E-001	5.00000000E+000	-4.01000000E-011	5.47950000E-009	8.00000000E-001	-5.07500000E-010	-2.73000000E-009	*
-1.68500000E-010	-1.50400000E-008	5.00000000E-001	5.00000000E+000	-6.90000000E-012	1.44000000E-008	9.00000000E-001	-7.19980000E-010	-2.67000000E-009	*
-2.11650000E-010	-3.62450000E-008	5.00000000E-001	5.00000000E+000	1.95500000E-011	3.62800000E-008	1.00000000E+000	-5.00990000E-010	2.44990000E-010	*
-2.57240000E-010	-7.42800000E-008	5.00000000E-001	5.00000000E+000	9.36000000E-011	7.42910000E-008	1.10000000E+000	-7.99480000E-010	3.80000000E-010	*
-3.61690000E-010	-1.20500000E-007	5.00000000E-001	5.00000000E+000	1.70200000E-010	1.19650000E-007	1.20000000E+000	-6.88490000E-010	1.66500000E-009	*
-4.65300000E-010	-1.97050000E-007	5.00000000E-001	5.00000000E+000	3.08940000E-010	1.97000000E-007	1.30000000E+000	-9.66960000E-010	7.95010000E-010	*
-6.37840000E-010	-3.05550000E-007	5.00000000E-001	5.00000000E+000	4.25300000E-010	3.05300000E-007	1.40000000E+000	-8.66970000E-010	3.25000000E-010	*
-8.24490000E-010	-4.47690000E-007	5.00000000E-001	5.00000000E+000	6.09840000E-010	4.46990000E-007	1.50000000E+000	-7.64970000E-010	-1.01500000E-009	*
-5.65310000E-010	-6.22590000E-007	5.00000000E-001	5.00000000E+000	6.89510000E-010	6.21630000E-007	1.60000000E+000	-2.82000000E-010	-4.55000000E-010	*
-8.99550000E-010	-8.38190000E-007	5.00000000E-001	5.00000000E+000	7.14750000E-010	8.36330000E-007	1.70000000E+000	1.52700000E-009	-2.74990000E-010	*
-8.72490000E-010	-1.02250000E-006	5.00000000E-001	5.00000000E+000	8.29660000E-010	1.00660000E-006	1.80000000E+000	-1.16050000E-009	-9.64970000E-010	*
-1.29450000E-009	-1.23900000E-006	5.00000000E-001	5.00000000E+000	1.31050000E-009	1.24050000E-006	1.90000000E+000	9.53490000E-010	1.66500000E-009	*
-1.94640000E-009	-1.55400000E-006	5.00000000E-001	5.00000000E+000	1.92550000E-009	1.55400000E-006	2.00000000E+000	7.45990000E-010	-8.50010000E-010	*
-2.85300000E-009	-1.90250000E-006	5.00000000E-001	5.00000000E+000	2.70690000E-009	1.89650000E-006	2.10000000E+000	6.48500000E-010	-1.35000000E-010	*
-4.33280000E-009	-2.29050000E-006	5.00000000E-001	5.00000000E+000	4.05540000E-009	2.29000000E-006	2.20000000E+000	1.08000000E-009	6.14990000E-010	*
-6.20730000E-009	-2.72800000E-006	5.00000000E-001	5.00000000E+000	5.68430000E-009	2.72950000E-006	2.30000000E+000	2.25900000E-009	5.25010000E-010	*
-8.96490000E-009	-3.21450000E-006	5.00000000E-001	5.00000000E+000	8.02220000E-009	3.20790000E-006	2.40000000E+000	2.34150000E-009	-1.20000000E-010	*
-1.09150000E-008	-3.73490000E-006	5.00000000E-001	5.00000000E+000	9.90530000E-009	3.73450000E-006	2.50000000E+000	-2.40990000E-010	1.10500000E-009	*
-1.25150000E-008	-4.32650000E-006	5.00000000E-001	5.00000000E+000	1.17250000E-008	4.31780000E-006	2.60000000E+000	1.88340000E-009	1.95000000E-010	*
-1.90950000E-008	-4.96260000E-006	5.00000000E-001	5.00000000E+000	1.72200000E-008	4.96950000E-006	2.70000000E+000	3.06690000E-009	2.50500000E-009	*
-2.64300000E-008	-5.66940000E-006	5.00000000E-001	5.00000000E+000	2.49750000E-008	5.65640000E-006	2.80000000E+000	2.96640000E-009	2.09500000E-009	*
-3.84750000E-008	-6.36090000E-006	5.00000000E-001	5.00000000E+000	3.46550000E-008	6.35140000E-006	2.90000000E+000	1.52400000E-009	3.98990000E-009	*
-4.58690000E-008	-7.17050000E-006	5.00000000E-001	5.00000000E+000	4.58290000E-008	7.15930000E-006	3.00000000E+000	-2.66000000E-010	4.81510000E-009	*
-6.43810000E-008	-8.05550000E-006	5.00000000E-001	5.00000000E+000	6.27190000E-008	8.03410000E-006	3.10000000E+000	-9.05490000E-010	5.28510000E-009	*
-8.24980000E-008	-8.97890000E-006	5.00000000E-001	5.00000000E+000	7.93010000E-008	8.95610000E-006	3.20000000E+000	-6.36480000E-010	6.49990000E-009	*
-5.80060000E-008	-9.92140000E-006	5.00000000E-001	5.00000000E+000	5.59100000E-008	9.91250000E-006	3.30000000E+000	2.25000000E-010	6.32010000E-009	*
-8.06100000E-008	-1.00710000E-005	5.00000000E-001	5.00000000E+000	7.45490000E-008	9.92790000E-006	3.40000000E+000	1.05000000E-009	1.19000000E-009	*
-9.14010000E-008	-1.02000000E-005	5.00000000E-001	5.00000000E+000	8.72390000E-008	1.00940000E-005	3.50000000E+000	-2.90000000E-009	-1.86000000E-009	*
-1.14500000E-007	-1.08900000E-005	5.00000000E-001	5.00000000E+000	1.16900000E-007	1.08800000E-005	3.60000000E+000	-1.10000000E-009	6.35000000E-010	*
-1.78400000E-007	-1.21250000E-005	5.00000000E-001	5.00000000E+000	1.70450000E-007	1.21250000E-005	3.70000000E+000	1.03500000E-009	1.70500000E-009	*
-2.30150000E-007	-1.33200000E-005	5.00000000E-001	5.00000000E+000	2.23840000E-007	1.33200000E-005	3.80000000E+000	9.35020000E-010	1.80500000E-009	*
-3.30040000E-007	-1.46750000E-005	5.00000000E-001	5.00000000E+000	3.28090000E-007	1.46650000E-005	3.90000000E+000	2.55000000E-010	8.79990000E-010	*
-4.12490000E-007	-1.60640000E-005	5.00000000E-001	5.00000000E+000	4.09390000E-007	1.60400000E-005	4.00000000E+000	-1.04000000E-009	-5.20000000E-010	*

TEST RESULTS:  TRANSFER  04/30/2025  16:46:06


SETUP:OUTPUT  04/30/2025  16:46:36
DATE:04/30/2025
TIME:16:46:36

CONDITIONS:

ID:	D	
UNIT:	SMU2	
MODE: SWEEP	
START:	0	
STOP:	5	
PNTS:	51	
STEP:	0.1

ID:	G	
UNIT:	SMU4	
MODE: STEP	
START:	-2	
STOP:	4	
PNTS:	3	
STEP:	3

ID:	S	
UNIT:	SMU1	
MODE: CONST	
VALUE:	0

DATA:  OUTPUT  04/30/2025  16:46:36

IS	IS2	IS3	VD	ID	ID2	ID3	VG	VG2	VG3	IG	IG2	IG3	ACCSTRESS
1.46600000E-010	-4.56510000E-011	9.16000000E-009	0.00000000E+000	1.23500000E-010	-1.53400000E-010	-5.87490000E-009	-2.00000000E+000	1.00000000E+000	4.00000000E+000	8.74990000E-010	2.32000000E-009	1.78500000E-009	0.00000000E+000
-1.63600000E-010	-2.09900000E-009	-3.74290000E-007	1.00000000E-001	-9.60020000E-011	1.81550000E-009	3.54690000E-007	-2.00000000E+000	1.00000000E+000	4.00000000E+000	4.60000000E-009	2.94010000E-009	-1.30500000E-009	*
1.67700000E-010	-3.81740000E-009	-6.27270000E-007	2.00000000E-001	1.08600000E-010	4.09640000E-009	6.28530000E-007	-2.00000000E+000	1.00000000E+000	4.00000000E+000	-4.60000000E-009	-9.55030000E-010	-2.26500000E-009	*
-1.57200000E-010	-5.61340000E-009	-9.53120000E-007	3.00000000E-001	-9.89500000E-011	5.35900000E-009	9.48430000E-007	-2.00000000E+000	1.00000000E+000	4.00000000E+000	4.43990000E-009	5.16000000E-009	2.53500000E-009	*
1.71550000E-010	-7.58740000E-009	-1.21900000E-006	4.00000000E-001	1.12700000E-010	7.42580000E-009	1.22500000E-006	-2.00000000E+000	1.00000000E+000	4.00000000E+000	-4.80510000E-009	4.64000000E-009	-5.61000000E-009	*
-1.56850000E-010	-9.36500000E-009	-1.53800000E-006	5.00000000E-001	-9.30990000E-011	9.67470000E-009	1.54100000E-006	-2.00000000E+000	1.00000000E+000	4.00000000E+000	4.54500000E-009	-4.93490000E-009	1.30000000E-010	*
1.65850000E-010	-1.14100000E-008	-1.83400000E-006	6.00000000E-001	1.13950000E-010	1.12450000E-008	1.83800000E-006	-2.00000000E+000	1.00000000E+000	4.00000000E+000	-4.74510000E-009	8.25000000E-010	-2.41500000E-009	*
-1.54400000E-010	-1.33800000E-008	-2.10900000E-006	7.00000000E-001	-9.33510000E-011	1.33350000E-008	2.10050000E-006	-2.00000000E+000	1.00000000E+000	4.00000000E+000	4.45990000E-009	-4.99990000E-010	1.25500000E-009	*
6.59990000E-011	-1.57650000E-008	-2.39090000E-006	8.00000000E-001	1.51500000E-010	1.57150000E-008	2.39350000E-006	-2.00000000E+000	1.00000000E+000	4.00000000E+000	-1.45000000E-010	-4.84010000E-009	4.45990000E-009	*
1.74700000E-010	-1.80350000E-008	-2.63900000E-006	9.00000000E-001	1.00300000E-010	1.85450000E-008	2.65600000E-006	-2.00000000E+000	1.00000000E+000	4.00000000E+000	-4.70500000E-009	-1.87000000E-009	9.50020000E-010	*
1.68900000E-010	-2.09200000E-008	-2.92200000E-006	1.00000000E+000	1.03650000E-010	2.11850000E-008	2.90700000E-006	-2.00000000E+000	1.00000000E+000	4.00000000E+000	-4.60500000E-009	2.12500000E-009	-5.93490000E-009	*
1.66500000E-010	-2.42150000E-008	-3.15850000E-006	1.10000000E+000	1.09600000E-010	2.36650000E-008	3.15040000E-006	-2.00000000E+000	1.00000000E+000	4.00000000E+000	-4.74510000E-009	2.09500000E-009	-1.58500000E-009	*
1.65400000E-010	-2.64300000E-008	-3.39550000E-006	1.20000000E+000	1.13200000E-010	2.57150000E-008	3.39900000E-006	-2.00000000E+000	1.00000000E+000	4.00000000E+000	-4.07000000E-009	1.30500000E-009	2.82500000E-009	*
-3.29500000E-011	-2.93250000E-008	-3.62950000E-006	1.30000000E+000	-1.47750000E-010	2.84700000E-008	3.62750000E-006	-2.00000000E+000	1.00000000E+000	4.00000000E+000	-1.25000000E-010	-5.32510000E-009	2.78000000E-009	*
7.13490000E-011	-3.24140000E-008	-3.84590000E-006	1.40000000E+000	1.57400000E-010	3.27400000E-008	3.84850000E-006	-2.00000000E+000	1.00000000E+000	4.00000000E+000	-2.50000000E-010	-1.68500000E-009	1.20000000E-010	*
5.47490000E-011	-3.60340000E-008	-4.05410000E-006	1.50000000E+000	1.60800000E-010	3.60650000E-008	4.05760000E-006	-2.00000000E+000	1.00000000E+000	4.00000000E+000	-1.25000000E-010	-1.03000000E-009	2.00000000E-011	*
1.83750000E-010	-4.09250000E-008	-4.24750000E-006	1.60000000E+000	9.74510000E-011	4.09750000E-008	4.25240000E-006	-2.00000000E+000	1.00000000E+000	4.00000000E+000	-4.62000000E-009	1.17500000E-009	2.85000000E-010	*
-1.68450000E-010	-4.43250000E-008	-4.46150000E-006	1.70000000E+000	-8.25010000E-011	4.36560000E-008	4.44710000E-006	-2.00000000E+000	1.00000000E+000	4.00000000E+000	4.73510000E-009	1.27500000E-009	4.89990000E-009	*
1.80800000E-010	-4.80560000E-008	-4.64850000E-006	1.80000000E+000	1.01800000E-010	4.80650000E-008	4.65410000E-006	-2.00000000E+000	1.00000000E+000	4.00000000E+000	-4.83010000E-009	-2.56500000E-009	1.93990000E-009	*
-1.63900000E-010	-5.26650000E-008	-4.85590000E-006	1.90000000E+000	-8.48500000E-011	5.25800000E-008	4.85550000E-006	-2.00000000E+000	1.00000000E+000	4.00000000E+000	4.64000000E-009	-1.49000000E-009	1.60500000E-009	*
1.77500000E-010	-5.70940000E-008	-5.05290000E-006	2.00000000E+000	1.08700000E-010	5.65140000E-008	5.05060000E-006	-2.00000000E+000	1.00000000E+000	4.00000000E+000	-4.81510000E-009	9.45020000E-010	3.20000000E-010	*
1.71150000E-010	-6.15510000E-008	-5.25990000E-006	2.10000000E+000	1.11100000E-010	6.20490000E-008	5.28460000E-006	-2.00000000E+000	1.00000000E+000	4.00000000E+000	-4.51000000E-009	1.34500000E-009	1.60000000E-010	*
-7.00490000E-011	-6.65090000E-008	-5.45690000E-006	2.20000000E+000	-1.55300000E-010	6.66110000E-008	5.47250000E-006	-2.00000000E+000	1.00000000E+000	4.00000000E+000	1.40500000E-009	-1.43500000E-009	-1.99990000E-011	*
1.82650000E-010	-7.12600000E-008	-5.65800000E-006	2.30000000E+000	1.09950000E-010	7.17990000E-008	5.63200000E-006	-2.00000000E+000	1.00000000E+000	4.00000000E+000	-4.77010000E-009	-1.44000000E-009	7.70000000E-010	*
1.72300000E-010	-7.61250000E-008	-5.80700000E-006	2.40000000E+000	1.07700000E-010	7.64340000E-008	5.81240000E-006	-2.00000000E+000	1.00000000E+000	4.00000000E+000	-4.90990000E-009	1.41000000E-009	-1.88500000E-009	*
1.82100000E-010	-8.07190000E-008	-5.99100000E-006	2.50000000E+000	1.03750000E-010	8.12210000E-008	5.99450000E-006	-2.00000000E+000	1.00000000E+000	4.00000000E+000	-4.96490000E-009	-1.17000000E-009	2.12000000E-009	*
-1.65950000E-010	-8.57510000E-008	-6.20010000E-006	2.60000000E+000	-7.97510000E-011	8.61250000E-008	6.20240000E-006	-2.00000000E+000	1.00000000E+000	4.00000000E+000	4.48490000E-009	-7.39990000E-010	1.07000000E-009	*
1.82100000E-010	-9.17710000E-008	-6.35650000E-006	2.70000000E+000	1.00150000E-010	9.19350000E-008	6.36140000E-006	-2.00000000E+000	1.00000000E+000	4.00000000E+000	-4.74510000E-009	2.70990000E-009	-3.42000000E-009	*
-1.72900000E-010	-9.69040000E-008	-6.49900000E-006	2.80000000E+000	-7.58510000E-011	9.71160000E-008	6.51250000E-006	-2.00000000E+000	1.00000000E+000	4.00000000E+000	4.74010000E-009	-1.44000000E-009	-7.90010000E-010	*
5.25000000E-011	-9.98110000E-008	-6.64900000E-006	2.90000000E+000	1.64900000E-010	1.00860000E-007	6.64030000E-006	-2.00000000E+000	1.00000000E+000	4.00000000E+000	-7.50020000E-011	1.76500000E-009	-3.75000000E-010	*
-5.15500000E-011	-1.07950000E-007	-6.83800000E-006	3.00000000E+000	-1.54300000E-010	1.08150000E-007	6.83680000E-006	-2.00000000E+000	1.00000000E+000	4.00000000E+000	8.00000000E-011	-1.43500000E-009	-3.19990000E-010	*
1.73300000E-010	-1.12200000E-007	-6.97650000E-006	3.10000000E+000	1.12550000E-010	1.12200000E-007	6.99350000E-006	-2.00000000E+000	1.00000000E+000	4.00000000E+000	-4.79010000E-009	1.43500000E-009	4.69500000E-009	*
5.95010000E-011	-1.16200000E-007	-7.14700000E-006	3.20000000E+000	1.60950000E-010	1.16350000E-007	7.13350000E-006	-2.00000000E+000	1.00000000E+000	4.00000000E+000	-3.15000000E-010	7.25010000E-010	1.41000000E-009	*
-8.41000000E-011	-1.21540000E-007	-7.28850000E-006	3.30000000E+000	-1.50150000E-010	1.21400000E-007	7.28600000E-006	-2.00000000E+000	1.00000000E+000	4.00000000E+000	9.99990000E-010	-5.58500000E-009	9.29990000E-010	*
-4.17500000E-011	-1.26150000E-007	-7.46430000E-006	3.40000000E+000	-1.40450000E-010	1.25100000E-007	7.45040000E-006	-2.00000000E+000	1.00000000E+000	4.00000000E+000	1.35000000E-010	-5.20000000E-010	-3.09990000E-010	*
6.38990000E-011	-1.32000000E-007	-7.60450000E-006	3.50000000E+000	1.53400000E-010	1.31550000E-007	7.62990000E-006	-2.00000000E+000	1.00000000E+000	4.00000000E+000	-2.50000000E-010	-9.99990000E-010	-8.14990000E-010	*
1.92950000E-010	-1.36000000E-007	-7.73700000E-006	3.60000000E+000	8.77480000E-011	1.35750000E-007	7.75230000E-006	-2.00000000E+000	1.00000000E+000	4.00000000E+000	-6.14000000E-009	-1.65000000E-009	-9.50000000E-011	*
-1.59250000E-010	-1.40640000E-007	-7.89390000E-006	3.70000000E+000	-9.33010000E-011	1.41200000E-007	7.89950000E-006	-2.00000000E+000	1.00000000E+000	4.00000000E+000	4.41990000E-009	-1.60000000E-009	1.54500000E-009	*
1.92050000E-010	-1.46200000E-007	-8.04290000E-006	3.80000000E+000	8.89000000E-011	1.46400000E-007	8.06150000E-006	-2.00000000E+000	1.00000000E+000	4.00000000E+000	-5.98490000E-009	-8.90000000E-010	-2.10500000E-009	*
-3.73500000E-011	-1.50500000E-007	-8.18080000E-006	3.90000000E+000	-1.42700000E-010	1.50200000E-007	8.21430000E-006	-2.00000000E+000	1.00000000E+000	4.00000000E+000	1.25000000E-010	-2.90500000E-009	2.25000000E-009	*
6.86990000E-011	-1.54250000E-007	-8.36980000E-006	4.00000000E+000	1.63450000E-010	1.54850000E-007	8.34890000E-006	-2.00000000E+000	1.00000000E+000	4.00000000E+000	-1.10000000E-010	-5.40010000E-010	-6.05010000E-010	*
1.81700000E-010	-1.60050000E-007	-8.55230000E-006	4.10000000E+000	1.09400000E-010	1.60540000E-007	8.56260000E-006	-2.00000000E+000	1.00000000E+000	4.00000000E+000	-4.61500000E-009	9.94980000E-010	-9.25010000E-010	*
-1.56750000E-010	-1.63000000E-007	-8.69300000E-006	4.20000000E+000	-8.16480000E-011	1.63100000E-007	8.69490000E-006	-2.00000000E+000	1.00000000E+000	4.00000000E+000	4.39990000E-009	8.20000000E-010	-6.05010000E-010	*
1.65200000E-010	-1.67500000E-007	-8.80990000E-006	4.30000000E+000	1.25450000E-010	1.67150000E-007	8.82010000E-006	-2.00000000E+000	1.00000000E+000	4.00000000E+000	-4.79510000E-009	-5.34510000E-009	-6.50010000E-010	*
-1.48750000E-010	-1.73200000E-007	-8.92070000E-006	4.40000000E+000	-8.47500000E-011	1.73550000E-007	8.92910000E-006	-2.00000000E+000	1.00000000E+000	4.00000000E+000	4.16000000E-009	-8.00010000E-010	1.95000000E-010	*
5.50000000E-011	-1.77290000E-007	-9.05010000E-006	4.50000000E+000	1.78200000E-010	1.76800000E-007	9.08180000E-006	-2.00000000E+000	1.00000000E+000	4.00000000E+000	-1.15000000E-010	-4.34990000E-010	4.00000000E-011	*
-5.15000000E-011	-1.82550000E-007	-9.17030000E-006	4.60000000E+000	-1.16550000E-010	1.83750000E-007	9.19030000E-006	-2.00000000E+000	1.00000000E+000	4.00000000E+000	1.30000000E-010	6.02990000E-009	-4.45000000E-010	*
-1.71250000E-010	-1.88400000E-007	-9.41200000E-006	4.70000000E+000	-3.75010000E-011	1.88600000E-007	9.44220000E-006	-2.00000000E+000	1.00000000E+000	4.00000000E+000	4.71000000E-009	2.29000000E-009	2.15000000E-010	*
-1.57600000E-010	-1.92700000E-007	-9.50700000E-006	4.80000000E+000	-3.97990000E-011	1.92540000E-007	9.50830000E-006	-2.00000000E+000	1.00000000E+000	4.00000000E+000	4.47490000E-009	-6.06000000E-009	-4.15000000E-010	*
-1.59150000E-010	-1.96400000E-007	-9.65370000E-006	4.90000000E+000	-2.53500000E-011	1.96800000E-007	9.66990000E-006	-2.00000000E+000	1.00000000E+000	4.00000000E+000	4.54500000E-009	-4.84990000E-010	-1.80000000E-009	*
-1.64350000E-010	-2.00950000E-007	-9.78770000E-006	5.00000000E+000	4.79990000E-012	2.01090000E-007	9.81480000E-006	-2.00000000E+000	1.00000000E+000	4.00000000E+000	4.45990000E-009	7.65000000E-010	1.21000000E-009	*

TEST RESULTS:  OUTPUT  04/30/2025  16:46:36


