ATTRIBUTES:

Attribute #1:C:\Metrics\ics\projects\6.2600J_S25\transistor_measurement.ics
Attribute #2:Test
Attribute #3:dev1
Attribute #4:PASSED
SETUP:TRANSFER  04/30/2025  16:34:21
DATE:04/30/2025
TIME:16:34:21

CONDITIONS:

ID:	D	
UNIT:	SMU2	
MODE: STEP	
START:	0.5	
STOP:	5	
PNTS:	2	
STEP:	4.5

ID:	G	
UNIT:	SMU4	
MODE: SWEEP	
START:	-2	
STOP:	4	
PNTS:	61	
STEP:	0.1

ID:	S	
UNIT:	SMU1	
MODE: CONST	
VALUE:	0

DATA:  TRANSFER  04/30/2025  16:34:21

IS	IS2	VD	VD2	ID	ID2	VG	IG	IG2	ACCSTRESS
-1.52000000E-011	5.42000000E-011	5.00000000E-001	5.00000000E+000	-1.33500000E-011	1.30750000E-010	-2.00000000E+000	-2.18900000E-010	4.18000000E-010	0.00000000E+000
-4.69490000E-011	-2.42000000E-011	5.00000000E-001	5.00000000E+000	-2.44500000E-011	4.07990000E-011	-1.90000000E+000	4.65800000E-010	-6.15000000E-012	*
-4.07000000E-011	1.44000000E-011	5.00000000E-001	5.00000000E+000	-4.58500000E-011	1.97000000E-011	-1.80000000E+000	8.02490000E-011	-4.10350000E-010	*
-7.99970000E-013	4.59000000E-011	5.00000000E-001	5.00000000E+000	-4.20500000E-011	2.36490000E-011	-1.70000000E+000	-2.96150000E-010	-5.67500000E-010	*
-2.50000000E-011	5.77490000E-011	5.00000000E-001	5.00000000E+000	-3.74000000E-011	5.31510000E-011	-1.60000000E+000	1.70050000E-010	-3.20400000E-010	*
-2.76500000E-011	2.60500000E-011	5.00000000E-001	5.00000000E+000	-4.56510000E-011	6.23500000E-011	-1.50000000E+000	-9.77000000E-011	2.64190000E-010	*
-5.29000000E-011	-2.72500000E-011	5.00000000E-001	5.00000000E+000	-8.49980000E-012	3.31500000E-011	-1.40000000E+000	4.39450000E-010	6.04590000E-010	*
-5.97500000E-011	-4.65990000E-011	5.00000000E-001	5.00000000E+000	-1.97000000E-011	-6.79990000E-012	-1.30000000E+000	4.37300000E-010	4.12140000E-010	*
-3.97990000E-011	-1.25500000E-011	5.00000000E-001	5.00000000E+000	-5.10510000E-011	-4.23500000E-011	-1.20000000E+000	1.32000000E-011	-9.31980000E-011	*
-4.57500000E-011	-3.55010000E-011	5.00000000E-001	5.00000000E+000	-1.45500000E-011	-1.06500000E-011	-1.10000000E+000	4.78200000E-010	5.25490000E-010	*
-5.56000000E-011	-1.88000000E-011	5.00000000E-001	5.00000000E+000	-3.18000000E-011	-2.99990000E-011	-1.00000000E+000	2.94090000E-010	9.11980000E-011	*
-2.22500000E-011	1.27500000E-011	5.00000000E-001	5.00000000E+000	-5.02000000E-011	-3.57490000E-011	-9.00000000E-001	-1.09900000E-010	-3.01750000E-010	*
-4.51500000E-011	-1.23000000E-011	5.00000000E-001	5.00000000E+000	-2.17000000E-011	-2.19500000E-011	-8.00000000E-001	4.65250000E-010	2.77950000E-010	*
-3.25000000E-011	-1.23500000E-011	5.00000000E-001	5.00000000E+000	-4.53500000E-011	-3.74490000E-011	-7.00000000E-001	7.16020000E-011	-1.11450000E-010	*
-4.48000000E-011	-3.18000000E-011	5.00000000E-001	5.00000000E+000	-1.45500000E-011	-1.59000000E-011	-6.00000000E-001	4.77200000E-010	5.28160000E-010	*
-4.72000000E-011	-1.60500000E-011	5.00000000E-001	5.00000000E+000	-3.15000000E-011	-3.19990000E-011	-5.00000000E-001	2.79750000E-010	5.97000000E-011	*
-1.66000000E-011	2.54990000E-011	5.00000000E-001	5.00000000E+000	-4.78990000E-011	-2.88990000E-011	-4.00000000E-001	-1.26300000E-010	-3.76640000E-010	*
-4.57000000E-011	-5.45010000E-012	5.00000000E-001	5.00000000E+000	-9.05010000E-012	-2.96490000E-011	-3.00000000E-001	4.28000000E-010	1.27200000E-010	*
-4.48000000E-011	1.16000000E-011	5.00000000E-001	5.00000000E+000	-3.04500000E-011	-3.52000000E-011	-2.00000000E-001	2.40110000E-010	-2.47500000E-010	*
-1.06000000E-011	-2.01000000E-011	5.00000000E-001	5.00000000E+000	-4.58000000E-011	-2.81500000E-011	-1.00000000E-001	-1.66350000E-010	3.90860000E-010	*
-3.32000000E-011	-1.19500000E-011	5.00000000E-001	5.00000000E+000	-2.10500000E-011	-4.07990000E-011	0.00000000E+000	4.48550000E-010	1.59500000E-011	*
-2.91500000E-011	2.62500000E-011	5.00000000E-001	5.00000000E+000	-4.99500000E-011	-3.45500000E-011	1.00000000E-001	3.66500000E-011	-3.95540000E-010	*
1.13500000E-011	-4.75000000E-012	5.00000000E-001	5.00000000E+000	-3.47490000E-011	-3.66000000E-011	2.00000000E-001	-2.85200000E-010	1.11900000E-010	*
-2.77000000E-011	9.05010000E-012	5.00000000E-001	5.00000000E+000	-2.69000000E-011	-4.00000000E-011	3.00000000E-001	3.55750000E-010	-2.33000000E-010	*
-2.61500000E-011	-2.44000000E-011	5.00000000E-001	5.00000000E+000	-4.56510000E-011	-1.08500000E-011	4.00000000E-001	3.24010000E-011	4.89650000E-010	*
-4.17500000E-011	-9.30010000E-012	5.00000000E-001	5.00000000E+000	-1.76000000E-011	-3.75010000E-011	5.00000000E-001	4.64690000E-010	6.53980000E-011	*
-3.62000000E-011	2.47000000E-011	5.00000000E-001	5.00000000E+000	-3.80500000E-011	-2.62000000E-011	6.00000000E-001	1.31850000E-010	-3.10800000E-010	*
4.15000000E-012	-4.40000000E-012	5.00000000E-001	5.00000000E+000	-3.82010000E-011	-2.10000000E-011	7.00000000E-001	-2.26950000E-010	2.87140000E-010	*
-1.94500000E-011	-2.70000000E-012	5.00000000E-001	5.00000000E+000	-2.97500000E-011	-4.09500000E-011	8.00000000E-001	3.03150000E-010	-1.06750000E-010	*
-2.08000000E-011	3.56000000E-011	5.00000000E-001	5.00000000E+000	-4.89490000E-011	-3.47490000E-011	9.00000000E-001	-4.28490000E-011	-4.69550000E-010	*
-4.19510000E-011	6.45490000E-011	5.00000000E-001	5.00000000E+000	-1.09500000E-011	1.46500000E-011	1.00000000E+000	4.42300000E-010	-4.87090000E-010	*
-5.43990000E-011	4.40500000E-011	5.00000000E-001	5.00000000E+000	-1.92500000E-011	4.83510000E-011	1.10000000E+000	2.68400000E-010	5.77990000E-011	*
-1.76150000E-010	-1.49000000E-011	5.00000000E-001	5.00000000E+000	1.02800000E-010	3.60000000E-011	1.20000000E+000	-1.24600000E-010	5.55590000E-010	*
-3.67050000E-010	-1.44400000E-010	5.00000000E-001	5.00000000E+000	3.06760000E-010	1.10050000E-010	1.30000000E+000	4.96160000E-010	5.93250000E-010	*
-5.48400000E-010	-1.05180000E-009	5.00000000E-001	5.00000000E+000	4.46750000E-010	1.04800000E-009	1.40000000E+000	1.72100000E-010	-1.19300000E-010	*
-6.33550000E-010	-5.39240000E-009	5.00000000E-001	5.00000000E+000	6.04900000E-010	5.52040000E-009	1.50000000E+000	5.89950000E-010	-5.60650000E-010	*
-9.70880000E-010	-1.66050000E-008	5.00000000E-001	5.00000000E+000	8.15850000E-010	1.64900000E-008	1.60000000E+000	6.10410000E-010	-5.65310000E-010	*
-7.00790000E-010	-3.98850000E-008	5.00000000E-001	5.00000000E+000	6.59410000E-010	3.97300000E-008	1.70000000E+000	1.21500000E-010	-5.67810000E-010	*
-8.94740000E-010	-7.92460000E-008	5.00000000E-001	5.00000000E+000	8.76810000E-010	7.90060000E-008	1.80000000E+000	4.82600000E-010	7.26000000E-011	*
-1.06250000E-009	-1.36000000E-007	5.00000000E-001	5.00000000E+000	8.73600000E-010	1.35940000E-007	1.90000000E+000	-5.20290000E-010	5.04940000E-010	*
-1.18600000E-009	-2.20450000E-007	5.00000000E-001	5.00000000E+000	1.05050000E-009	2.19840000E-007	2.00000000E+000	-2.43500000E-011	4.22050000E-010	*
-1.50600000E-009	-3.31350000E-007	5.00000000E-001	5.00000000E+000	1.52040000E-009	3.31350000E-007	2.10000000E+000	-4.81550000E-010	3.61100000E-010	*
-2.27650000E-009	-4.76300000E-007	5.00000000E-001	5.00000000E+000	2.17200000E-009	4.75850000E-007	2.20000000E+000	-3.37510000E-011	7.42090000E-010	*
-3.32490000E-009	-6.51980000E-007	5.00000000E-001	5.00000000E+000	3.16950000E-009	6.52100000E-007	2.30000000E+000	6.51650000E-010	-6.38490000E-011	*
-4.67230000E-009	-8.63070000E-007	5.00000000E-001	5.00000000E+000	4.58340000E-009	8.62370000E-007	2.40000000E+000	-3.77400000E-010	-5.16650000E-010	*
-6.40490000E-009	-1.08400000E-006	5.00000000E-001	5.00000000E+000	6.20280000E-009	1.08900000E-006	2.50000000E+000	-1.83950000E-010	-7.03510000E-011	*
-8.94400000E-009	-1.36000000E-006	5.00000000E-001	5.00000000E+000	8.59200000E-009	1.36050000E-006	2.60000000E+000	7.99990000E-010	6.46340000E-010	*
-1.21800000E-008	-1.68200000E-006	5.00000000E-001	5.00000000E+000	1.17400000E-008	1.68050000E-006	2.70000000E+000	5.73500000E-010	-3.66700000E-010	*
-1.85550000E-008	-2.03700000E-006	5.00000000E-001	5.00000000E+000	1.76300000E-008	2.03340000E-006	2.80000000E+000	7.82990000E-010	-6.03000000E-011	*
-2.70000000E-008	-2.42300000E-006	5.00000000E-001	5.00000000E+000	2.63000000E-008	2.42140000E-006	2.90000000E+000	7.17990000E-010	8.13290000E-010	*
-3.99790000E-008	-2.83900000E-006	5.00000000E-001	5.00000000E+000	3.83040000E-008	2.84100000E-006	3.00000000E+000	8.26470000E-010	-4.21850000E-010	*
-5.74890000E-008	-3.29790000E-006	5.00000000E-001	5.00000000E+000	5.58190000E-008	3.29550000E-006	3.10000000E+000	6.08990000E-010	-7.07490000E-011	*
-8.01990000E-008	-3.78290000E-006	5.00000000E-001	5.00000000E+000	7.84490000E-008	3.78440000E-006	3.20000000E+000	2.34000000E-010	5.51640000E-010	*
-9.25940000E-008	-4.31950000E-006	5.00000000E-001	5.00000000E+000	8.82100000E-008	4.32090000E-006	3.30000000E+000	-3.53100000E-010	-5.05710000E-010	*
-1.08650000E-007	-4.87730000E-006	5.00000000E-001	5.00000000E+000	1.08700000E-007	4.87200000E-006	3.40000000E+000	-2.63950000E-010	1.70500000E-011	*
-1.38150000E-007	-5.47150000E-006	5.00000000E-001	5.00000000E+000	1.38100000E-007	5.47250000E-006	3.50000000E+000	5.17560000E-010	4.38900000E-010	*
-1.74550000E-007	-6.08850000E-006	5.00000000E-001	5.00000000E+000	1.74150000E-007	6.09290000E-006	3.60000000E+000	-5.01900000E-010	-5.23810000E-010	*
-2.18640000E-007	-6.75440000E-006	5.00000000E-001	5.00000000E+000	2.18290000E-007	6.74000000E-006	3.70000000E+000	1.63900000E-010	1.06000000E-011	*
-2.74000000E-007	-7.44900000E-006	5.00000000E-001	5.00000000E+000	2.73590000E-007	7.44850000E-006	3.80000000E+000	1.15600000E-010	3.21610000E-010	*
-3.42150000E-007	-8.20170000E-006	5.00000000E-001	5.00000000E+000	3.43790000E-007	8.19750000E-006	3.90000000E+000	-4.99990000E-010	-5.04710000E-010	*
-4.17390000E-007	-8.97100000E-006	5.00000000E-001	5.00000000E+000	4.15400000E-007	8.96210000E-006	4.00000000E+000	4.89450000E-010	3.72490000E-010	*

TEST RESULTS:  TRANSFER  04/30/2025  16:34:21


SETUP:OUTPUT  04/30/2025  16:35:08
DATE:04/30/2025
TIME:16:35:08

CONDITIONS:

ID:	D	
UNIT:	SMU2	
MODE: SWEEP	
START:	0	
STOP:	5	
PNTS:	51	
STEP:	0.1

ID:	G	
UNIT:	SMU4	
MODE: STEP	
START:	-2	
STOP:	4	
PNTS:	3	
STEP:	3

ID:	S	
UNIT:	SMU1	
MODE: CONST	
VALUE:	0

DATA:  OUTPUT  04/30/2025  16:35:08

IS	IS2	IS3	VD	ID	ID2	ID3	VG	VG2	VG3	IG	IG2	IG3	ACCSTRESS
1.25500000E-011	-4.35010000E-012	-1.93040000E-009	0.00000000E+000	1.29000000E-011	-8.95020000E-012	1.13650000E-009	-2.00000000E+000	1.00000000E+000	4.00000000E+000	1.43300000E-010	-6.68020000E-011	-1.36350000E-010	0.00000000E+000
-3.11000000E-011	1.66000000E-011	-2.71740000E-007	1.00000000E-001	3.06490000E-011	3.67000000E-011	2.57290000E-007	-2.00000000E+000	1.00000000E+000	4.00000000E+000	5.76700000E-010	2.97400000E-010	4.60640000E-010	*
-5.25000000E-011	-2.14500000E-011	-3.96040000E-007	2.00000000E-001	-1.29000000E-011	2.32000000E-011	3.96250000E-007	-2.00000000E+000	1.00000000E+000	4.00000000E+000	5.14090000E-010	5.90600000E-010	1.53950000E-010	*
-2.43500000E-011	-4.04990000E-011	-5.80450000E-007	3.00000000E-001	-3.83000000E-011	-1.82500000E-011	5.74630000E-007	-2.00000000E+000	1.00000000E+000	4.00000000E+000	-4.45490000E-011	4.57110000E-010	-2.32940000E-010	*
1.69000000E-011	-1.68500000E-011	-7.46340000E-007	4.00000000E-001	-2.44000000E-011	-3.59000000E-011	7.45930000E-007	-2.00000000E+000	1.00000000E+000	4.00000000E+000	-4.72260000E-010	-3.40000000E-012	-4.93150000E-010	*
4.99990000E-011	2.47000000E-011	-9.03530000E-007	5.00000000E-001	7.95010000E-012	-2.45500000E-011	9.06670000E-007	-2.00000000E+000	1.00000000E+000	4.00000000E+000	-5.07440000E-010	-4.38350000E-010	-3.53050000E-010	*
4.50010000E-011	5.06490000E-011	-1.05300000E-006	6.00000000E-001	3.07010000E-011	-1.39000000E-011	1.05450000E-006	-2.00000000E+000	1.00000000E+000	4.00000000E+000	-2.36990000E-010	-5.81710000E-010	-1.17500000E-011	*
4.24990000E-012	6.31990000E-011	-1.19750000E-006	7.00000000E-001	4.42510000E-011	2.07000000E-011	1.19100000E-006	-2.00000000E+000	1.00000000E+000	4.00000000E+000	3.19600000E-010	-3.98760000E-010	-5.04660000E-010	*
-2.56500000E-011	3.53990000E-011	-1.36150000E-006	8.00000000E-001	2.94500000E-011	4.74500000E-011	1.35650000E-006	-2.00000000E+000	1.00000000E+000	4.00000000E+000	5.89950000E-010	6.87980000E-011	-5.92850000E-010	*
-5.18000000E-011	-9.69980000E-012	-1.48550000E-006	9.00000000E-001	-1.39500000E-011	3.38010000E-011	1.48250000E-006	-2.00000000E+000	1.00000000E+000	4.00000000E+000	5.16590000E-010	5.03660000E-010	-1.71500000E-010	*
-2.10990000E-011	-4.04000000E-011	-1.61200000E-006	1.00000000E+000	-2.84500000E-011	-4.60010000E-012	1.61550000E-006	-2.00000000E+000	1.00000000E+000	4.00000000E+000	-1.43000000E-011	5.22790000E-010	2.40800000E-010	*
6.74990000E-012	-2.22500000E-011	-1.75350000E-006	1.10000000E+000	-3.12500000E-011	-2.99000000E-011	1.75050000E-006	-2.00000000E+000	1.00000000E+000	4.00000000E+000	-3.90300000E-010	3.72500000E-011	4.23990000E-010	*
4.53500000E-011	1.89000000E-011	-1.89600000E-006	1.20000000E+000	-7.54990000E-012	-3.24500000E-011	1.88150000E-006	-2.00000000E+000	1.00000000E+000	4.00000000E+000	-5.50050000E-010	-3.87150000E-010	1.85100000E-010	*
4.88000000E-011	4.85000000E-011	-1.99350000E-006	1.30000000E+000	2.81990000E-011	-5.45010000E-012	1.98900000E-006	-2.00000000E+000	1.00000000E+000	4.00000000E+000	-2.92540000E-010	-5.74460000E-010	-2.84540000E-010	*
1.49000000E-011	6.31000000E-011	-2.11100000E-006	1.40000000E+000	4.24000000E-011	2.73500000E-011	2.11050000E-006	-2.00000000E+000	1.00000000E+000	4.00000000E+000	2.53810000E-010	-3.48850000E-010	-6.29910000E-010	*
-3.43000000E-011	2.70000000E-011	-2.24150000E-006	1.50000000E+000	2.21000000E-011	4.90010000E-011	2.24250000E-006	-2.00000000E+000	1.00000000E+000	4.00000000E+000	5.87310000E-010	2.20750000E-010	-6.28090000E-010	*
-4.90500000E-011	-2.68000000E-011	-2.35890000E-006	1.60000000E+000	-1.46000000E-011	3.18000000E-011	2.35000000E-006	-2.00000000E+000	1.00000000E+000	4.00000000E+000	3.97090000E-010	5.99500000E-010	-1.10750000E-010	*
-2.15500000E-011	-4.43010000E-011	-2.45850000E-006	1.70000000E+000	-3.85510000E-011	-9.49990000E-012	2.45850000E-006	-2.00000000E+000	1.00000000E+000	4.00000000E+000	-1.49700000E-010	4.60350000E-010	3.65100000E-010	*
2.89500000E-011	-1.99000000E-011	-2.56850000E-006	1.80000000E+000	-2.50500000E-011	-2.97010000E-011	2.56000000E-006	-2.00000000E+000	1.00000000E+000	4.00000000E+000	-5.53940000E-010	1.63500000E-011	3.95050000E-010	*
4.88000000E-011	2.37990000E-011	-2.67200000E-006	1.90000000E+000	1.62000000E-011	-3.10510000E-011	2.67500000E-006	-2.00000000E+000	1.00000000E+000	4.00000000E+000	-5.33450000E-010	-4.20040000E-010	6.46490000E-011	*
2.91500000E-011	5.56000000E-011	-2.78550000E-006	2.00000000E+000	4.21990000E-011	8.10020000E-012	2.78400000E-006	-2.00000000E+000	1.00000000E+000	4.00000000E+000	-1.71000000E-011	-5.08550000E-010	-3.95440000E-010	*
-1.14500000E-011	4.44500000E-011	-2.88900000E-006	2.10000000E+000	3.08000000E-011	3.55500000E-011	2.89790000E-006	-2.00000000E+000	1.00000000E+000	4.00000000E+000	4.49740000E-010	-2.01300000E-010	-5.93700000E-010	*
-4.87010000E-011	2.00000000E-011	-2.96890000E-006	2.20000000E+000	-7.50010000E-013	4.78000000E-011	2.97000000E-006	-2.00000000E+000	1.00000000E+000	4.00000000E+000	4.82000000E-010	2.85590000E-010	-4.34350000E-010	*
-3.77000000E-011	-2.86500000E-011	-3.09500000E-006	2.30000000E+000	-2.90500000E-011	1.97000000E-011	3.09700000E-006	-2.00000000E+000	1.00000000E+000	4.00000000E+000	1.01800000E-010	5.71160000E-010	6.71500000E-011	*
5.69990000E-012	-4.54000000E-011	-3.16950000E-006	2.40000000E+000	-3.29500000E-011	-1.01000000E-011	3.16850000E-006	-2.00000000E+000	1.00000000E+000	4.00000000E+000	-3.44400000E-010	3.99750000E-010	5.30550000E-010	*
3.23000000E-011	-1.44500000E-011	-3.26800000E-006	2.50000000E+000	-1.68500000E-011	-3.12500000E-011	3.26500000E-006	-2.00000000E+000	1.00000000E+000	4.00000000E+000	-6.21100000E-010	-1.25700000E-010	4.68700000E-010	*
6.29010000E-011	3.42000000E-011	-3.34600000E-006	2.60000000E+000	2.35500000E-011	-2.54990000E-011	3.36000000E-006	-2.00000000E+000	1.00000000E+000	4.00000000E+000	-5.06960000E-010	-5.62290000E-010	-6.32990000E-011	*
2.79000000E-011	6.09500000E-011	-3.41990000E-006	2.70000000E+000	5.17510000E-011	1.32000000E-011	3.43100000E-006	-2.00000000E+000	1.00000000E+000	4.00000000E+000	5.75010000E-011	-5.54310000E-010	-5.39360000E-010	*
-2.16000000E-011	3.82010000E-011	-3.52840000E-006	2.80000000E+000	2.85000000E-011	4.21490000E-011	3.53300000E-006	-2.00000000E+000	1.00000000E+000	4.00000000E+000	5.38140000E-010	-2.86000000E-011	-5.69910000E-010	*
-4.78990000E-011	-6.30010000E-012	-3.59640000E-006	2.90000000E+000	1.10000000E-012	3.46000000E-011	3.60140000E-006	-2.00000000E+000	1.00000000E+000	4.00000000E+000	5.25290000E-010	4.23350000E-010	-1.64000000E-010	*
-2.58000000E-011	-3.70990000E-011	-3.72490000E-006	3.00000000E+000	-3.49000000E-011	7.10010000E-012	3.71750000E-006	-2.00000000E+000	1.00000000E+000	4.00000000E+000	8.80000000E-012	4.74840000E-010	2.90400000E-010	*
2.20000000E-011	-3.41510000E-011	-3.75890000E-006	3.10000000E+000	-2.54000000E-011	-1.65000000E-011	3.76800000E-006	-2.00000000E+000	1.00000000E+000	4.00000000E+000	-4.48400000E-010	1.89350000E-010	4.85700000E-010	*
4.52000000E-011	-9.05010000E-012	-3.82540000E-006	3.20000000E+000	-3.45000000E-012	-4.20500000E-011	3.83190000E-006	-2.00000000E+000	1.00000000E+000	4.00000000E+000	-5.51350000E-010	-1.62300000E-010	2.31150000E-010	*
5.56000000E-011	3.66000000E-011	-3.90640000E-006	3.30000000E+000	3.02000000E-011	-1.90500000E-011	3.90850000E-006	-2.00000000E+000	1.00000000E+000	4.00000000E+000	-3.41150000E-010	-5.82110000E-010	-2.61250000E-010	*
2.10990000E-011	6.04500000E-011	-3.97260000E-006	3.40000000E+000	5.35500000E-011	1.73500000E-011	3.96740000E-006	-2.00000000E+000	1.00000000E+000	4.00000000E+000	2.23250000E-010	-5.59540000E-010	-5.60500000E-010	*
-3.12500000E-011	3.11000000E-011	-4.02800000E-006	3.50000000E+000	3.22500000E-011	4.93510000E-011	4.02890000E-006	-2.00000000E+000	1.00000000E+000	4.00000000E+000	5.87360000E-010	-1.95000000E-012	-5.28100000E-010	*
-5.35500000E-011	-1.26000000E-011	-4.13000000E-006	3.60000000E+000	-1.25500000E-011	3.05990000E-011	4.13440000E-006	-2.00000000E+000	1.00000000E+000	4.00000000E+000	4.25540000E-010	4.74700000E-010	-7.28490000E-011	*
-1.59500000E-011	-3.84490000E-011	-4.17880000E-006	3.70000000E+000	-3.38500000E-011	2.45000000E-012	4.17440000E-006	-2.00000000E+000	1.00000000E+000	4.00000000E+000	-1.05050000E-010	4.91810000E-010	4.11010000E-010	*
2.96490000E-011	-2.91000000E-011	-4.26800000E-006	3.80000000E+000	-1.91500000E-011	-2.18000000E-011	4.27380000E-006	-2.00000000E+000	1.00000000E+000	4.00000000E+000	-5.56040000E-010	5.52000000E-011	4.96190000E-010	*
5.39500000E-011	7.04990000E-012	-4.34090000E-006	3.90000000E+000	1.58000000E-011	-3.39500000E-011	4.36000000E-006	-2.00000000E+000	1.00000000E+000	4.00000000E+000	-5.18610000E-010	-3.44000000E-010	5.97000000E-011	*
3.49000000E-011	4.29510000E-011	-4.42540000E-006	4.00000000E+000	4.40000000E-011	-1.59500000E-011	4.41700000E-006	-2.00000000E+000	1.00000000E+000	4.00000000E+000	-7.19500000E-011	-6.12010000E-010	-4.72310000E-010	*
-3.45000000E-012	5.98990000E-011	-4.50300000E-006	4.10000000E+000	4.73510000E-011	2.13000000E-011	4.50160000E-006	-2.00000000E+000	1.00000000E+000	4.00000000E+000	3.86550000E-010	-5.24890000E-010	-5.24640000E-010	*
-4.31000000E-011	3.36500000E-011	-4.58300000E-006	4.20000000E+000	1.87500000E-011	4.60010000E-011	4.59540000E-006	-2.00000000E+000	1.00000000E+000	4.00000000E+000	5.16760000E-010	4.98500000E-011	-1.32250000E-010	*
-4.52000000E-011	-1.89000000E-011	-4.68110000E-006	4.30000000E+000	-8.65000000E-012	4.40500000E-011	4.68740000E-006	-2.00000000E+000	1.00000000E+000	4.00000000E+000	2.04400000E-010	5.42710000E-010	3.49050000E-010	*
-7.29990000E-012	-4.44500000E-011	-4.75300000E-006	4.40000000E+000	-1.92500000E-011	-2.60000000E-012	4.75190000E-006	-2.00000000E+000	1.00000000E+000	4.00000000E+000	-2.64390000E-010	5.37110000E-010	4.52150000E-010	*
3.69500000E-011	-2.13000000E-011	-4.81490000E-006	4.50000000E+000	-6.99990000E-013	-2.36000000E-011	4.81450000E-006	-2.00000000E+000	1.00000000E+000	4.00000000E+000	-6.35000000E-010	3.83000000E-011	1.09950000E-010	*
5.40490000E-011	4.45000000E-012	-4.90160000E-006	4.60000000E+000	4.60510000E-011	-3.01500000E-011	4.90550000E-006	-2.00000000E+000	1.00000000E+000	4.00000000E+000	-5.74880000E-010	-3.33860000E-010	-3.10800000E-010	*
2.86500000E-011	3.97990000E-011	-4.95740000E-006	4.70000000E+000	8.55500000E-011	-1.74500000E-011	4.96540000E-006	-2.00000000E+000	1.00000000E+000	4.00000000E+000	-6.98500000E-011	-6.01690000E-010	-5.38850000E-010	*
-8.24980000E-012	5.85980000E-011	-5.02940000E-006	4.80000000E+000	9.03990000E-011	2.52000000E-011	5.03800000E-006	-2.00000000E+000	1.00000000E+000	4.00000000E+000	3.69650000E-010	-5.40150000E-010	-3.05600000E-010	*
-4.30000000E-011	3.44510000E-011	-5.11300000E-006	4.90000000E+000	8.16980000E-011	4.41000000E-011	5.11860000E-006	-2.00000000E+000	1.00000000E+000	4.00000000E+000	3.98000000E-010	-1.71990000E-011	2.08200000E-010	*
-3.07010000E-011	-1.57000000E-011	-5.19100000E-006	5.00000000E+000	7.34490000E-011	3.51510000E-011	5.18750000E-006	-2.00000000E+000	1.00000000E+000	4.00000000E+000	-7.95010000E-012	4.98860000E-010	5.16140000E-010	*

TEST RESULTS:  OUTPUT  04/30/2025  16:35:08


