ATTRIBUTES:

Attribute #1:C:\Metrics\ics\projects\6.2600J_S25\transistor_measurement.ics
Attribute #2:Test
Attribute #3:dev1
Attribute #4:PASSED
SETUP:TRANSFER  04/30/2025  16:03:44
DATE:04/30/2025
TIME:16:03:44

CONDITIONS:

ID:	D	
UNIT:	SMU2	
MODE: STEP	
START:	0.5	
STOP:	5	
PNTS:	2	
STEP:	4.5

ID:	G	
UNIT:	SMU4	
MODE: SWEEP	
START:	-2	
STOP:	4	
PNTS:	61	
STEP:	0.1

ID:	S	
UNIT:	SMU1	
MODE: CONST	
VALUE:	0

DATA:  TRANSFER  04/30/2025  16:03:44

IS	IS2	VD	VD2	ID	ID2	VG	IG	IG2	ACCSTRESS
-3.72500000E-011	2.76000000E-011	5.00000000E-001	5.00000000E+000	-2.10500000E-011	1.68350000E-010	-2.00000000E+000	-2.71460000E-010	-4.20500000E-011	0.00000000E+000
3.45000000E-011	1.42500000E-011	5.00000000E-001	5.00000000E+000	1.01000000E-011	8.75000000E-011	-1.90000000E+000	-2.02400000E-010	-2.76300000E-010	*
1.63000000E-011	4.28490000E-011	5.00000000E-001	5.00000000E+000	2.53500000E-011	8.95990000E-011	-1.80000000E+000	1.68500000E-011	-3.90900000E-010	*
-1.25000000E-011	4.82000000E-011	5.00000000E-001	5.00000000E+000	2.21500000E-011	9.90500000E-011	-1.70000000E+000	2.03350000E-010	-2.45050000E-010	*
-4.06500000E-011	1.26500000E-011	5.00000000E-001	5.00000000E+000	3.15000000E-012	9.43500000E-011	-1.60000000E+000	2.99290000E-010	7.15520000E-011	*
-4.32510000E-011	-2.39500000E-011	5.00000000E-001	5.00000000E+000	-1.66000000E-011	7.73500000E-011	-1.50000000E+000	2.68240000E-010	2.89000000E-010	*
-1.48500000E-011	-3.73000000E-011	5.00000000E-001	5.00000000E+000	-3.11500000E-011	2.80000000E-011	-1.40000000E+000	4.14000000E-011	2.52550000E-010	*
1.35000000E-011	-8.39990000E-012	5.00000000E-001	5.00000000E+000	-2.35500000E-011	1.82000000E-011	-1.30000000E+000	-1.49450000E-010	-3.14500000E-011	*
3.53990000E-011	3.07010000E-011	5.00000000E-001	5.00000000E+000	1.02500000E-011	2.55500000E-011	-1.20000000E+000	-1.66350000E-010	-2.91850000E-010	*
2.43000000E-011	4.96000000E-011	5.00000000E-001	5.00000000E+000	3.05990000E-011	5.08500000E-011	-1.10000000E+000	-3.95510000E-011	-2.81450000E-010	*
-1.07000000E-011	3.57490000E-011	5.00000000E-001	5.00000000E+000	2.71000000E-011	6.71500000E-011	-1.00000000E+000	2.08350000E-010	-1.25050000E-010	*
-3.78510000E-011	2.84990000E-012	5.00000000E-001	5.00000000E+000	9.44970000E-012	6.43510000E-011	-9.00000000E-001	3.02710000E-010	1.76750000E-010	*
-3.90500000E-011	-2.86000000E-011	5.00000000E-001	5.00000000E+000	-1.46000000E-011	3.80000000E-011	-8.00000000E-001	1.95750000E-010	2.93300000E-010	*
-1.28500000E-011	-3.29000000E-011	5.00000000E-001	5.00000000E+000	-2.12500000E-011	1.96500000E-011	-7.00000000E-001	-3.34010000E-011	1.62400000E-010	*
2.38500000E-011	3.50000000E-013	5.00000000E-001	5.00000000E+000	-4.10010000E-012	2.80000000E-012	-6.00000000E-001	-2.29700000E-010	-1.18850000E-010	*
3.53000000E-011	4.03000000E-011	5.00000000E-001	5.00000000E+000	2.42000000E-011	2.88500000E-011	-5.00000000E-001	-2.23550000E-010	-3.30640000E-010	*
1.22000000E-011	5.28010000E-011	5.00000000E-001	5.00000000E+000	4.55490000E-011	5.83500000E-011	-4.00000000E-001	3.42500000E-011	-2.92400000E-010	*
-2.67500000E-011	2.99990000E-011	5.00000000E-001	5.00000000E+000	2.98000000E-011	6.52990000E-011	-3.00000000E-001	2.85950000E-010	-2.22000000E-011	*
-4.23010000E-011	-1.46000000E-011	5.00000000E-001	5.00000000E+000	4.65010000E-012	5.77000000E-011	-2.00000000E-001	2.98600000E-010	2.50790000E-010	*
-2.69500000E-011	-3.24500000E-011	5.00000000E-001	5.00000000E+000	-6.39980000E-012	2.87000000E-011	-1.00000000E-001	7.05000000E-011	2.68440000E-010	*
-1.26500000E-011	-1.80500000E-011	5.00000000E-001	5.00000000E+000	2.90000000E-012	1.51500000E-011	0.00000000E+000	-1.11650000E-010	5.39500000E-011	*
-1.68500000E-011	1.00000000E-011	5.00000000E-001	5.00000000E+000	3.36990000E-011	2.14000000E-011	1.00000000E-001	-1.72850000E-010	-1.78700000E-010	*
-5.02500000E-011	1.91000000E-011	5.00000000E-001	5.00000000E+000	7.71010000E-011	5.80500000E-011	2.00000000E-001	-7.93000000E-011	-2.60550000E-010	*
-6.60490000E-011	5.60000000E-012	5.00000000E-001	5.00000000E+000	6.80980000E-011	8.28990000E-011	3.00000000E-001	-2.39500000E-010	-1.27200000E-010	*
-1.62250000E-010	-4.75500000E-011	5.00000000E-001	5.00000000E+000	8.15490000E-011	1.23850000E-010	4.00000000E-001	2.43840000E-010	1.40250000E-010	*
-2.18100000E-010	-1.27200000E-010	5.00000000E-001	5.00000000E+000	1.48650000E-010	1.31250000E-010	5.00000000E-001	1.83200000E-010	3.63900000E-010	*
-2.09550000E-010	-1.98850000E-010	5.00000000E-001	5.00000000E+000	2.04950000E-010	1.48450000E-010	6.00000000E-001	-2.18800000E-010	2.92700000E-010	*
-3.12300000E-010	-2.79500000E-010	5.00000000E-001	5.00000000E+000	2.29150000E-010	2.11800000E-010	7.00000000E-001	-1.19000000E-011	4.06500000E-011	*
-4.61400000E-010	-3.90040000E-010	5.00000000E-001	5.00000000E+000	3.23390000E-010	3.38740000E-010	8.00000000E-001	3.47700000E-010	2.87000000E-010	*
-5.39960000E-010	-5.91060000E-010	5.00000000E-001	5.00000000E+000	4.78790000E-010	4.69750000E-010	9.00000000E-001	-8.84480000E-011	2.38500000E-010	*
-7.13560000E-010	-7.87450000E-010	5.00000000E-001	5.00000000E+000	6.01890000E-010	7.12840000E-010	1.00000000E+000	-9.09990000E-011	3.22960000E-010	*
-9.06910000E-010	-7.37490000E-010	5.00000000E-001	5.00000000E+000	7.71500000E-010	7.46690000E-010	1.10000000E+000	1.21250000E-010	3.16450000E-010	*
-9.66450000E-010	-1.02000000E-009	5.00000000E-001	5.00000000E+000	8.60350000E-010	1.06850000E-009	1.20000000E+000	-9.23990000E-011	-5.09990000E-011	*
-1.18500000E-009	-1.56190000E-009	5.00000000E-001	5.00000000E+000	1.19550000E-009	1.58640000E-009	1.30000000E+000	-2.26000000E-010	-3.02290000E-010	*
-1.73640000E-009	-2.34190000E-009	5.00000000E-001	5.00000000E+000	1.60340000E-009	2.27690000E-009	1.40000000E+000	5.61510000E-011	1.18850000E-010	*
-2.47190000E-009	-3.44850000E-009	5.00000000E-001	5.00000000E+000	2.32690000E-009	3.38950000E-009	1.50000000E+000	3.23390000E-010	2.51010000E-010	*
-3.34300000E-009	-4.91080000E-009	5.00000000E-001	5.00000000E+000	3.23140000E-009	4.96240000E-009	1.60000000E+000	-1.39100000E-010	-2.82040000E-010	*
-4.72890000E-009	-7.03840000E-009	5.00000000E-001	5.00000000E+000	4.50450000E-009	7.01380000E-009	1.70000000E+000	1.61200000E-010	-5.45010000E-011	*
-6.48200000E-009	-1.02930000E-008	5.00000000E-001	5.00000000E+000	6.31140000E-009	1.02810000E-008	1.80000000E+000	1.79650000E-010	3.29250000E-010	*
-8.51830000E-009	-1.27850000E-008	5.00000000E-001	5.00000000E+000	8.46740000E-009	1.23000000E-008	1.90000000E+000	-2.58150000E-010	2.64150000E-010	*
-1.12500000E-008	-1.70350000E-008	5.00000000E-001	5.00000000E+000	1.11600000E-008	1.71600000E-008	2.00000000E+000	4.09010000E-011	-3.99500000E-011	*
-1.52150000E-008	-2.45450000E-008	5.00000000E-001	5.00000000E+000	1.51400000E-008	2.44400000E-008	2.10000000E+000	1.10100000E-010	-3.00840000E-010	*
-2.05500000E-008	-3.51300000E-008	5.00000000E-001	5.00000000E+000	2.03100000E-008	3.48700000E-008	2.20000000E+000	-2.48190000E-010	1.92000000E-010	*
-2.82000000E-008	-4.78790000E-008	5.00000000E-001	5.00000000E+000	2.81800000E-008	4.74990000E-008	2.30000000E+000	2.58200000E-010	1.42550000E-010	*
-3.76950000E-008	-6.73720000E-008	5.00000000E-001	5.00000000E+000	3.76490000E-008	6.79940000E-008	2.40000000E+000	-2.77790000E-010	-2.88690000E-010	*
-4.89450000E-008	-9.21680000E-008	5.00000000E-001	5.00000000E+000	4.87200000E-008	9.12040000E-008	2.50000000E+000	5.80000000E-011	-2.52500000E-011	*
-6.56980000E-008	-1.12600000E-007	5.00000000E-001	5.00000000E+000	6.56690000E-008	1.08650000E-007	2.60000000E+000	9.96000000E-011	1.01700000E-010	*
-8.56990000E-008	-1.43750000E-007	5.00000000E-001	5.00000000E+000	8.59040000E-008	1.43250000E-007	2.70000000E+000	-2.32750000E-010	-3.03000000E-010	*
-1.09800000E-007	-1.98150000E-007	5.00000000E-001	5.00000000E+000	1.10500000E-007	1.97300000E-007	2.80000000E+000	2.82350000E-010	-2.78000000E-011	*
-1.42900000E-007	-2.70590000E-007	5.00000000E-001	5.00000000E+000	1.44350000E-007	2.72300000E-007	2.90000000E+000	-2.40150000E-010	2.10000000E-010	*
-1.78540000E-007	-3.62940000E-007	5.00000000E-001	5.00000000E+000	1.78800000E-007	3.62790000E-007	3.00000000E+000	1.40600000E-010	-3.04950000E-010	*
-2.27950000E-007	-4.77860000E-007	5.00000000E-001	5.00000000E+000	2.27500000E-007	4.74040000E-007	3.10000000E+000	2.25000000E-012	-1.22600000E-010	*
-2.94890000E-007	-6.22530000E-007	5.00000000E-001	5.00000000E+000	2.95590000E-007	6.26140000E-007	3.20000000E+000	-1.30150000E-010	2.47790000E-010	*
-3.77390000E-007	-8.16190000E-007	5.00000000E-001	5.00000000E+000	3.75600000E-007	8.20840000E-007	3.30000000E+000	2.27800000E-010	-2.37050000E-010	*
-4.75400000E-007	-9.36040000E-007	5.00000000E-001	5.00000000E+000	4.71850000E-007	9.04280000E-007	3.40000000E+000	-1.95850000E-010	-2.43740000E-010	*
-6.04600000E-007	-9.91160000E-007	5.00000000E-001	5.00000000E+000	5.98750000E-007	9.60540000E-007	3.50000000E+000	1.06700000E-010	-2.36800000E-010	*
-7.35830000E-007	-1.22250000E-006	5.00000000E-001	5.00000000E+000	7.38280000E-007	1.15400000E-006	3.60000000E+000	6.55510000E-011	2.99490000E-011	*
-8.97470000E-007	-1.47900000E-006	5.00000000E-001	5.00000000E+000	8.96890000E-007	1.46350000E-006	3.70000000E+000	-1.88450000E-010	-3.08600000E-010	*
-1.03250000E-006	-1.90200000E-006	5.00000000E-001	5.00000000E+000	1.02350000E-006	1.91400000E-006	3.80000000E+000	-1.93250000E-010	3.72500000E-011	*
-1.27250000E-006	-2.52450000E-006	5.00000000E-001	5.00000000E+000	1.25500000E-006	2.52290000E-006	3.90000000E+000	1.98250000E-010	1.18900000E-010	*
-1.48750000E-006	-3.22300000E-006	5.00000000E-001	5.00000000E+000	1.48600000E-006	3.19050000E-006	4.00000000E+000	6.99990000E-013	-2.66450000E-010	*

TEST RESULTS:  TRANSFER  04/30/2025  16:03:44


SETUP:OUTPUT  04/30/2025  16:04:33
DATE:04/30/2025
TIME:16:04:33

CONDITIONS:

ID:	D	
UNIT:	SMU2	
MODE: SWEEP	
START:	0	
STOP:	5	
PNTS:	51	
STEP:	0.1

ID:	G	
UNIT:	SMU4	
MODE: STEP	
START:	-2	
STOP:	4	
PNTS:	3	
STEP:	3

ID:	S	
UNIT:	SMU1	
MODE: CONST	
VALUE:	0

DATA:  OUTPUT  04/30/2025  16:04:33

IS	IS2	IS3	VD	ID	ID2	ID3	VG	VG2	VG3	IG	IG2	IG3	ACCSTRESS
-1.35500000E-011	-9.22500000E-011	6.71890000E-009	0.00000000E+000	-1.79000000E-011	-7.87000000E-011	-5.31100000E-009	-2.00000000E+000	1.00000000E+000	4.00000000E+000	-2.14200000E-010	-3.14300000E-010	4.06010000E-011	0.00000000E+000
1.37500000E-011	-5.23000000E-011	-3.88590000E-007	1.00000000E-001	3.51010000E-011	3.88150000E-010	3.67840000E-007	-2.00000000E+000	1.00000000E+000	4.00000000E+000	6.73990000E-011	-4.76800000E-010	2.47300000E-010	*
-2.24500000E-011	-1.41700000E-010	-5.67990000E-007	2.00000000E-001	2.58000000E-011	1.55800000E-010	5.68080000E-007	-2.00000000E+000	1.00000000E+000	4.00000000E+000	2.99810000E-010	-1.52350000E-010	1.43000000E-010	*
-3.81510000E-011	-2.37050000E-010	-7.96280000E-007	3.00000000E-001	-7.45000000E-012	2.60000000E-010	7.94680000E-007	-2.00000000E+000	1.00000000E+000	4.00000000E+000	2.72100000E-010	2.40650000E-010	-1.16400000E-010	*
-1.27000000E-011	-2.23300000E-010	-9.79520000E-007	4.00000000E-001	-2.26500000E-011	3.31690000E-010	9.80620000E-007	-2.00000000E+000	1.00000000E+000	4.00000000E+000	-1.37500000E-011	-7.03010000E-011	-2.62000000E-010	*
2.60500000E-011	-2.35740000E-010	-1.04800000E-006	5.00000000E-001	-1.36000000E-011	2.95340000E-010	1.03200000E-006	-2.00000000E+000	1.00000000E+000	4.00000000E+000	-2.61100000E-010	-3.82850000E-010	-1.66450000E-010	*
4.65500000E-011	-3.23650000E-010	-1.05050000E-006	6.00000000E-001	1.12500000E-011	3.17340000E-010	1.05500000E-006	-2.00000000E+000	1.00000000E+000	4.00000000E+000	-2.72150000E-010	2.51000000E-011	6.89010000E-011	*
3.04500000E-011	-3.65050000E-010	-1.16600000E-006	7.00000000E-001	2.94500000E-011	4.09400000E-010	1.17850000E-006	-2.00000000E+000	1.00000000E+000	4.00000000E+000	-9.55500000E-011	2.29350000E-010	2.24250000E-010	*
1.20000000E-012	-3.25750000E-010	-1.27500000E-006	8.00000000E-001	3.47000000E-011	4.24610000E-010	1.29400000E-006	-2.00000000E+000	1.00000000E+000	4.00000000E+000	1.75650000E-010	-2.99250000E-010	2.65960000E-010	*
-2.67500000E-011	-3.49150000E-010	-1.38550000E-006	9.00000000E-001	2.14500000E-011	3.90000000E-010	1.37050000E-006	-2.00000000E+000	1.00000000E+000	4.00000000E+000	3.16840000E-010	-2.20800000E-010	5.15500000E-011	*
-3.49000000E-011	-4.23950000E-010	-1.47050000E-006	1.00000000E+000	-7.29990000E-012	4.09600000E-010	1.46800000E-006	-2.00000000E+000	1.00000000E+000	4.00000000E+000	2.60040000E-010	2.39550000E-010	-1.98250000E-010	*
-1.03500000E-011	-3.73700000E-010	-1.54950000E-006	1.10000000E+000	-2.49000000E-011	4.69550000E-010	1.55200000E-006	-2.00000000E+000	1.00000000E+000	4.00000000E+000	-2.13500000E-011	-1.95000000E-011	-3.06040000E-010	*
2.92990000E-011	-3.44950000E-010	-1.62600000E-006	1.20000000E+000	-1.55000000E-011	4.21350000E-010	1.62050000E-006	-2.00000000E+000	1.00000000E+000	4.00000000E+000	-2.76700000E-010	-3.44140000E-010	-2.19600000E-010	*
4.73510000E-011	-3.86650000E-010	-1.70400000E-006	1.30000000E+000	1.34500000E-011	3.82600000E-010	1.69650000E-006	-2.00000000E+000	1.00000000E+000	4.00000000E+000	-2.92350000E-010	1.53000000E-011	-4.10010000E-012	*
2.96000000E-011	-4.10000000E-010	-1.75300000E-006	1.40000000E+000	3.47490000E-011	4.19350000E-010	1.75500000E-006	-2.00000000E+000	1.00000000E+000	4.00000000E+000	-6.58000000E-011	3.21550000E-010	2.14000000E-010	*
-7.39980000E-012	-3.61490000E-010	-1.79550000E-006	1.50000000E+000	3.03510000E-011	4.24450000E-010	1.80600000E-006	-2.00000000E+000	1.00000000E+000	4.00000000E+000	2.06000000E-010	-2.39500000E-011	1.24800000E-010	*
-3.36000000E-011	-3.32150000E-010	-1.85700000E-006	1.60000000E+000	3.99990000E-012	3.90660000E-010	1.85150000E-006	-2.00000000E+000	1.00000000E+000	4.00000000E+000	2.75550000E-010	-3.14440000E-010	-2.40350000E-010	*
-3.85510000E-011	-3.52540000E-010	-1.90350000E-006	1.70000000E+000	-1.22500000E-011	3.46000000E-010	1.90000000E-006	-2.00000000E+000	1.00000000E+000	4.00000000E+000	2.08900000E-010	-1.64000000E-010	-5.65760000E-010	*
-4.99990000E-013	-3.29750000E-010	-1.91200000E-006	1.80000000E+000	-2.30500000E-011	5.47540000E-010	1.92050000E-006	-2.00000000E+000	1.00000000E+000	4.00000000E+000	-8.08990000E-011	-3.31150000E-010	-6.08510000E-010	*
2.83000000E-011	-3.67250000E-010	-1.93600000E-006	1.90000000E+000	-8.70010000E-012	3.50300000E-010	1.95100000E-006	-2.00000000E+000	1.00000000E+000	4.00000000E+000	-3.06800000E-010	7.70000000E-012	-3.50300000E-010	*
4.90010000E-011	-3.39990000E-010	-1.95690000E-006	2.00000000E+000	1.61000000E-011	5.38760000E-010	1.94950000E-006	-2.00000000E+000	1.00000000E+000	4.00000000E+000	-3.04400000E-010	-2.32000000E-010	-8.08990000E-011	*
2.00500000E-011	-3.10550000E-010	-1.96300000E-006	2.10000000E+000	3.74000000E-011	5.71650000E-010	1.95690000E-006	-2.00000000E+000	1.00000000E+000	4.00000000E+000	-3.60990000E-011	-2.90750000E-010	3.01500000E-011	*
-1.41000000E-011	-3.23060000E-010	-1.96150000E-006	2.20000000E+000	2.77000000E-011	5.80910000E-010	1.96150000E-006	-2.00000000E+000	1.00000000E+000	4.00000000E+000	2.23250000E-010	-9.81010000E-011	-1.30950000E-010	*
-3.17510000E-011	-3.57700000E-010	-1.98300000E-006	2.30000000E+000	6.90000000E-012	5.56700000E-010	1.98450000E-006	-2.00000000E+000	1.00000000E+000	4.00000000E+000	2.51400000E-010	1.86000000E-010	-4.27900000E-010	*
-3.08000000E-011	-3.89800000E-010	-1.96350000E-006	2.40000000E+000	-1.32000000E-011	5.33390000E-010	1.96040000E-006	-2.00000000E+000	1.00000000E+000	4.00000000E+000	1.21800000E-010	2.78110000E-010	-6.29800000E-010	*
-1.95000000E-012	-3.79300000E-010	-1.96650000E-006	2.50000000E+000	-2.24500000E-011	5.19210000E-010	1.96850000E-006	-2.00000000E+000	1.00000000E+000	4.00000000E+000	-1.33650000E-010	8.59010000E-011	-6.54840000E-010	*
3.53000000E-011	-3.46840000E-010	-1.97100000E-006	2.60000000E+000	-1.07000000E-011	5.37460000E-010	1.96540000E-006	-2.00000000E+000	1.00000000E+000	4.00000000E+000	-3.53200000E-010	-2.00500000E-010	-2.97350000E-010	*
4.70010000E-011	-3.13290000E-010	-1.93900000E-006	2.70000000E+000	2.43000000E-011	5.33700000E-010	1.94250000E-006	-2.00000000E+000	1.00000000E+000	4.00000000E+000	-2.99050000E-010	-3.20000000E-010	2.33000000E-011	*
1.83000000E-011	-3.13050000E-010	-1.92350000E-006	2.80000000E+000	3.45000000E-011	5.74290000E-010	1.91950000E-006	-2.00000000E+000	1.00000000E+000	4.00000000E+000	8.65000000E-012	-1.62250000E-010	4.05510000E-011	*
-2.26000000E-011	-3.50990000E-010	-1.91550000E-006	2.90000000E+000	3.12990000E-011	5.51440000E-010	1.92550000E-006	-2.00000000E+000	1.00000000E+000	4.00000000E+000	2.79650000E-010	1.38850000E-010	-1.56850000E-010	*
-3.75010000E-011	-3.83650000E-010	-1.88350000E-006	3.00000000E+000	-1.15000000E-012	5.50160000E-010	1.87950000E-006	-2.00000000E+000	1.00000000E+000	4.00000000E+000	2.76960000E-010	3.02090000E-010	-4.58340000E-010	*
-1.30000000E-011	-3.92940000E-010	-1.84850000E-006	3.10000000E+000	-1.27000000E-011	5.03550000E-010	1.84750000E-006	-2.00000000E+000	1.00000000E+000	4.00000000E+000	1.91000000E-011	1.56450000E-010	-6.18600000E-010	*
1.92000000E-011	-3.56190000E-010	-1.82850000E-006	3.20000000E+000	-1.54000000E-011	5.30350000E-010	1.83750000E-006	-2.00000000E+000	1.00000000E+000	4.00000000E+000	-2.13300000E-010	-1.60150000E-010	-5.61500000E-010	*
4.47010000E-011	-3.11800000E-010	-1.82550000E-006	3.30000000E+000	6.79990000E-012	5.19290000E-010	1.82150000E-006	-2.00000000E+000	1.00000000E+000	4.00000000E+000	-3.02750000E-010	-3.27100000E-010	-2.08050000E-010	*
4.08490000E-011	-3.08400000E-010	-1.80800000E-006	3.40000000E+000	3.16000000E-011	5.28760000E-010	1.81050000E-006	-2.00000000E+000	1.00000000E+000	4.00000000E+000	-1.65500000E-010	-2.27850000E-010	5.75010000E-011	*
5.05000000E-012	-3.35650000E-010	-1.75300000E-006	3.50000000E+000	4.48500000E-011	5.34810000E-010	1.76050000E-006	-2.00000000E+000	1.00000000E+000	4.00000000E+000	1.29050000E-010	4.77500000E-011	1.33100000E-010	*
-3.08000000E-011	-3.80450000E-010	-1.74950000E-006	3.60000000E+000	1.90000000E-011	5.24890000E-010	1.75150000E-006	-2.00000000E+000	1.00000000E+000	4.00000000E+000	2.89300000E-010	2.99910000E-010	-1.23050000E-010	*
-3.28010000E-011	-3.90300000E-010	-1.73150000E-006	3.70000000E+000	-6.70000000E-012	5.26340000E-010	1.73600000E-006	-2.00000000E+000	1.00000000E+000	4.00000000E+000	1.95000000E-010	2.69490000E-010	-4.03050000E-010	*
-1.21000000E-011	-3.65800000E-010	-1.71400000E-006	3.80000000E+000	-1.34500000E-011	4.99090000E-010	1.70950000E-006	-2.00000000E+000	1.00000000E+000	4.00000000E+000	-4.96490000E-011	-5.27510000E-011	-5.80400000E-010	*
3.01000000E-011	-3.17990000E-010	-1.67550000E-006	3.90000000E+000	-8.70010000E-012	4.83400000E-010	1.67600000E-006	-2.00000000E+000	1.00000000E+000	4.00000000E+000	-3.03300000E-010	-3.14340000E-010	-4.46350000E-010	*
4.24500000E-011	-2.97210000E-010	-1.65350000E-006	4.00000000E+000	2.36490000E-011	5.31710000E-010	1.65950000E-006	-2.00000000E+000	1.00000000E+000	4.00000000E+000	-2.90950000E-010	-3.16110000E-010	-1.47100000E-010	*
2.85000000E-011	-3.29810000E-010	-1.63750000E-006	4.10000000E+000	3.75010000E-011	5.11140000E-010	1.63500000E-006	-2.00000000E+000	1.00000000E+000	4.00000000E+000	-6.18990000E-011	5.09990000E-012	1.42150000E-010	*
-3.74990000E-012	-3.54540000E-010	-1.61850000E-006	4.20000000E+000	4.38500000E-011	4.80810000E-010	1.61800000E-006	-2.00000000E+000	1.00000000E+000	4.00000000E+000	1.72700000E-010	2.24500000E-010	1.38850000E-010	*
-3.60490000E-011	-3.84150000E-010	-1.57500000E-006	4.30000000E+000	2.58490000E-011	4.72910000E-010	1.56950000E-006	-2.00000000E+000	1.00000000E+000	4.00000000E+000	2.74600000E-010	2.57850000E-010	-9.05520000E-011	*
-3.42000000E-011	-3.66950000E-010	-1.56000000E-006	4.40000000E+000	6.70000000E-012	4.73050000E-010	1.55850000E-006	-2.00000000E+000	1.00000000E+000	4.00000000E+000	1.23300000E-010	3.52000000E-011	-3.58950000E-010	*
-6.60010000E-012	-3.25000000E-010	-1.52850000E-006	4.50000000E+000	8.55000000E-012	4.79960000E-010	1.54200000E-006	-2.00000000E+000	1.00000000E+000	4.00000000E+000	-1.11550000E-010	-2.29550000E-010	-4.47900000E-010	*
2.92990000E-011	-3.01500000E-010	-1.52300000E-006	4.60000000E+000	3.29990000E-011	4.87740000E-010	1.52500000E-006	-2.00000000E+000	1.00000000E+000	4.00000000E+000	-3.34750000E-010	-2.81200000E-010	-3.42100000E-010	*
4.84500000E-011	-3.10390000E-010	-1.51100000E-006	4.70000000E+000	7.21980000E-011	4.99940000E-010	1.51250000E-006	-2.00000000E+000	1.00000000E+000	4.00000000E+000	-3.63000000E-010	-1.09200000E-010	-6.39980000E-012	*
2.07490000E-011	-3.41540000E-010	-1.48650000E-006	4.80000000E+000	1.13500000E-010	5.02640000E-010	1.48550000E-006	-2.00000000E+000	1.00000000E+000	4.00000000E+000	-9.92980000E-011	1.86800000E-010	2.71500000E-010	*
-1.35500000E-011	-3.75290000E-010	-1.48550000E-006	4.90000000E+000	1.29400000E-010	4.64750000E-010	1.49150000E-006	-2.00000000E+000	1.00000000E+000	4.00000000E+000	1.41550000E-010	3.13850000E-010	1.97650000E-010	*
-4.13500000E-011	-3.75590000E-010	-1.48450000E-006	5.00000000E+000	1.38850000E-010	4.57940000E-010	1.48000000E-006	-2.00000000E+000	1.00000000E+000	4.00000000E+000	1.33900000E-010	1.50500000E-010	-1.26650000E-010	*

TEST RESULTS:  OUTPUT  04/30/2025  16:04:33


