ATTRIBUTES:

Attribute #1:C:\Metrics\ics\projects\6.2600J_S25\buonato_UP_NOT.ics
Attribute #2:Test
Attribute #3:dev1
Attribute #4:PASSED
SETUP:NOT  04/30/2025  15:40:45
DATE:04/30/2025
TIME:15:40:45

CONDITIONS:

ID:	VDD	
UNIT:	SMU4	
MODE: STEP	
START:	1	
STOP:	5	
PNTS:	4	
STEP:	1.33333

ID:	I0P	
UNIT:	SMU1	
MODE: SWEEP	
START:	0	
STOP:	3	
PNTS:	36	
STEP:	0.0857143

ID:	VSS	
UNIT:	SMU2	
START:	0	
STOP:	1	
PNTS:	1	
	STEP:	0

ID:	OUT	
UNIT:	SMU3	
MODE: CONST	
VALUE:	0

DATA:  NOT  04/30/2025  15:40:45

VI0P	II0P	II0P2	II0P3	II0P4	IVSS	IVSS2	IVSS3	IVSS4	VOUT	VOUT2	VOUT3	VOUT4	VVDD	VVDD2	VVDD3	VVDD4	IVDD	IVDD2	IVDD3	IVDD4
0.00000000E+000	-3.78510000E-011	3.70990000E-011	2.87000000E-011	-3.84000000E-011	-2.94500000E-011	1.74000000E-011	1.61500000E-011	-1.92000000E-011	9.99970000E-001	2.33300000E+000	3.66590000E+000	5.00000000E+000	1.00000000E+000	2.33333333E+000	3.66666667E+000	5.00000000E+000	-5.98990000E-011	6.99990000E-012	4.91000000E-011	-2.29500000E-011
8.57142857E-002	2.37000000E-011	-3.00000000E-013	-2.32000000E-011	1.85000000E-011	-2.27990000E-011	1.90500000E-011	-1.30000000E-012	-1.56500000E-011	1.00100000E+000	2.33300000E+000	3.66590000E+000	5.00000000E+000	1.00000000E+000	2.33333333E+000	3.66666667E+000	5.00000000E+000	1.61000000E-011	-2.47000000E-011	2.61500000E-011	1.06500000E-011
1.71428571E-001	-1.28500000E-011	2.96000000E-011	-8.49980000E-013	-8.05000000E-012	-3.91490000E-011	1.62500000E-011	1.81500000E-011	-2.07490000E-011	9.99970000E-001	2.33300000E+000	3.66590000E+000	5.00000000E+000	1.00000000E+000	2.33333333E+000	3.66666667E+000	5.00000000E+000	6.15510000E-011	-5.40000000E-011	-7.99980000E-012	4.30500000E-011
2.57142857E-001	-3.89000000E-011	4.10500000E-011	3.15000000E-011	-3.22000000E-011	-2.88990000E-011	6.55010000E-012	1.13500000E-011	-2.17500000E-011	9.99970000E-001	2.33300000E+000	3.66590000E+000	5.00000000E+000	1.00000000E+000	2.33333333E+000	3.66666667E+000	5.00000000E+000	1.28500000E-010	-5.93520000E-011	-3.29500000E-011	4.60010000E-011
3.42857143E-001	-3.07510000E-011	2.77000000E-011	3.21010000E-011	-2.88990000E-011	-1.93990000E-011	-2.54500000E-011	-5.15010000E-012	-3.00000000E-013	9.99970000E-001	2.33300000E+000	3.66590000E+000	5.00000000E+000	1.00000000E+000	2.33333333E+000	3.66666667E+000	5.00000000E+000	7.85010000E-011	-1.28500000E-011	-3.50000000E-011	4.34500000E-011
4.28571429E-001	-1.10000000E-011	-1.10500000E-011	2.76500000E-011	3.65000000E-012	-2.37500000E-011	-4.33500000E-011	-2.29500000E-011	4.90010000E-012	9.99970000E-001	2.33300000E+000	3.66590000E+000	5.00000000E+000	1.00000000E+000	2.33333333E+000	3.66666667E+000	5.00000000E+000	4.70500000E-011	5.89500000E-011	7.35010000E-012	1.67500000E-011
5.14285714E-001	1.87500000E-011	-3.86500000E-011	3.40000000E-012	1.83500000E-011	-3.73000000E-011	-3.93500000E-011	-4.34500000E-011	-3.65000000E-012	9.99970000E-001	2.33300000E+000	3.66590000E+000	5.00000000E+000	1.00000000E+000	2.33333333E+000	3.66666667E+000	5.00000000E+000	1.78000000E-011	8.43490000E-011	4.63010000E-011	8.24980000E-012
6.00000000E-001	3.75510000E-011	-3.13490000E-011	-2.59500000E-011	3.53990000E-011	-7.69480000E-011	-2.94500000E-011	-5.28010000E-011	-2.56500000E-011	9.99970000E-001	2.33300000E+000	3.66590000E+000	5.00000000E+000	1.00000000E+000	2.33333333E+000	3.66666667E+000	5.00000000E+000	2.85000000E-011	8.38020000E-011	7.27490000E-011	-1.63000000E-011
6.85714286E-001	3.18000000E-011	6.35000000E-012	-3.32500000E-011	2.84500000E-011	-1.38400000E-010	-3.64490000E-011	-5.09000000E-011	-5.16500000E-011	9.99970000E-001	2.33300000E+000	3.66590000E+000	5.00000000E+000	1.00000000E+000	2.33333333E+000	3.66666667E+000	5.00000000E+000	8.76490000E-011	4.32510000E-011	7.93000000E-011	3.67490000E-011
7.71428571E-001	1.62000000E-011	3.77000000E-011	-1.70000000E-011	9.40000000E-012	-2.11400000E-010	-7.46500000E-011	-6.18990000E-011	-8.39010000E-011	9.99970000E-001	2.33300000E+000	3.66590000E+000	5.00000000E+000	1.00000000E+000	2.33333333E+000	3.66666667E+000	5.00000000E+000	2.03650000E-010	3.48500000E-011	8.09490000E-011	8.88500000E-011
8.57142857E-001	-1.29000000E-011	4.00000000E-011	9.30010000E-012	-1.34500000E-011	-3.04400000E-010	-1.21300000E-010	-8.34500000E-011	-1.18350000E-010	9.99970000E-001	2.33300000E+000	3.66590000E+000	5.00000000E+000	1.00000000E+000	2.33333333E+000	3.66666667E+000	5.00000000E+000	3.23150000E-010	7.07490000E-011	6.66490000E-011	1.42900000E-010
9.42857143E-001	-3.79500000E-011	2.86000000E-011	3.21010000E-011	-3.40000000E-011	-4.17900000E-010	-1.98700000E-010	-1.33400000E-010	-1.48950000E-010	9.99970000E-001	2.33300000E+000	3.66590000E+000	5.00000000E+000	1.00000000E+000	2.33333333E+000	3.66666667E+000	5.00000000E+000	4.58460000E-010	1.67150000E-010	1.11700000E-010	1.87700000E-010
1.02857143E+000	-3.01500000E-011	-1.90000000E-012	3.76000000E-011	-2.85490000E-011	-5.76110000E-010	-3.01890000E-010	-2.03850000E-010	-1.99050000E-010	9.99970000E-001	2.33190000E+000	3.66590000E+000	5.00000000E+000	1.00000000E+000	2.33333333E+000	3.66666667E+000	5.00000000E+000	6.30650000E-010	2.99550000E-010	1.67950000E-010	2.33700000E-010
1.11428571E+000	-1.78500000E-011	-2.01000000E-011	3.16990000E-011	-9.49990000E-012	-8.12300000E-010	-4.09580000E-010	-3.09450000E-010	-2.71700000E-010	9.99970000E-001	2.33300000E+000	3.66590000E+000	5.00000000E+000	1.00000000E+000	2.33333333E+000	3.66666667E+000	5.00000000E+000	8.34350000E-010	4.51350000E-010	2.89700000E-010	2.99200000E-010
1.20000000E+000	1.05000000E-012	-4.11490000E-011	6.35000000E-012	9.34980000E-012	-7.68100000E-010	-5.83160000E-010	-4.54850000E-010	-3.86850000E-010	9.99970000E-001	2.33300000E+000	3.66590000E+000	5.00000000E+000	1.00000000E+000	2.33333333E+000	3.66666667E+000	5.00000000E+000	6.62140000E-010	6.67710000E-010	4.51850000E-010	3.80150000E-010
1.28571429E+000	-3.09000000E-011	-2.71990000E-011	-2.14000000E-011	3.57490000E-011	-1.00780000E-009	-8.12660000E-010	-6.39200000E-010	-5.70450000E-010	9.99970000E-001	2.33300000E+000	3.66590000E+000	5.00000000E+000	1.00000000E+000	2.33333333E+000	3.66666667E+000	5.00000000E+000	1.05550000E-009	8.51690000E-010	6.55090000E-010	5.34410000E-010
1.37142857E+000	-3.62500000E-011	-3.53000000E-011	-3.09500000E-011	3.84000000E-011	-1.43150000E-009	-8.60810000E-010	-8.95930000E-010	-8.25940000E-010	9.99970000E-001	2.33300000E+000	3.66590000E+000	5.00000000E+000	1.00000000E+000	2.33333333E+000	3.66666667E+000	5.00000000E+000	1.47840000E-009	7.80150000E-010	9.32630000E-010	7.86000000E-010
1.45714286E+000	-3.08500000E-011	3.16990000E-011	-3.09500000E-011	3.54510000E-011	-2.03150000E-009	-1.03250000E-009	-9.34510000E-010	-8.23600000E-010	9.99970000E-001	2.33300000E+000	3.66590000E+000	5.00100000E+000	1.00000000E+000	2.33333333E+000	3.66666667E+000	5.00000000E+000	2.07590000E-009	1.08750000E-009	8.66630000E-010	8.52200000E-010
1.54285714E+000	3.00000000E-013	-3.27510000E-011	2.81500000E-011	-3.73000000E-011	-2.88240000E-009	-1.54550000E-009	-1.11450000E-009	-1.06400000E-009	9.99970000E-001	2.33300000E+000	3.66590000E+000	5.00000000E+000	1.00000000E+000	2.33333333E+000	3.66666667E+000	5.00000000E+000	2.88840000E-009	1.58600000E-009	1.14250000E-009	9.82990000E-010
1.62857143E+000	2.58490000E-011	-1.52000000E-011	-1.76990000E-011	2.25000000E-012	-4.08930000E-009	-2.26290000E-009	-1.63500000E-009	-1.53150000E-009	9.98990000E-001	2.33300000E+000	3.66590000E+000	5.00000000E+000	1.00000000E+000	2.33333333E+000	3.66666667E+000	5.00000000E+000	4.03500000E-009	2.27440000E-009	1.65540000E-009	1.53350000E-009
1.71428571E+000	3.86500000E-011	8.35020000E-012	7.95010000E-012	-2.27990000E-011	-5.76390000E-009	-3.31400000E-009	-2.40800000E-009	-2.24850000E-009	9.98990000E-001	2.33300000E+000	3.66590000E+000	5.00000000E+000	1.00000000E+000	2.33333333E+000	3.66666667E+000	5.00000000E+000	5.66640000E-009	3.29590000E-009	2.37490000E-009	2.26690000E-009
1.80000000E+000	3.34010000E-011	3.50000000E-011	3.65010000E-011	-3.28010000E-011	-7.94210000E-009	-4.80280000E-009	-3.52840000E-009	-3.24140000E-009	9.98990000E-001	2.33190000E+000	3.66590000E+000	5.00000000E+000	1.00000000E+000	2.33333333E+000	3.66666667E+000	5.00000000E+000	7.89670000E-009	4.74640000E-009	3.46490000E-009	3.27440000E-009
1.88571429E+000	1.91000000E-011	3.31500000E-011	3.21010000E-011	-2.53000000E-011	-7.18770000E-009	-6.93630000E-009	-5.07250000E-009	-4.66680000E-009	9.98990000E-001	2.33190000E+000	3.66490000E+000	5.00000000E+000	1.00000000E+000	2.33333333E+000	3.66666667E+000	5.00000000E+000	6.77940000E-009	6.86490000E-009	5.02880000E-009	4.66840000E-009
1.97142857E+000	-5.34990000E-012	1.79500000E-011	1.33500000E-011	5.09990000E-012	-9.66430000E-009	-9.87620000E-009	-7.26340000E-009	-6.61130000E-009	9.98990000E-001	2.33190000E+000	3.66490000E+000	5.00000000E+000	1.00000000E+000	2.33333333E+000	3.66666667E+000	5.00000000E+000	9.64610000E-009	9.85750000E-009	7.23440000E-009	6.60380000E-009
2.05714286E+000	3.55500000E-011	-3.07510000E-011	-1.86500000E-011	3.69000000E-011	-9.75290000E-009	-1.02050000E-008	-1.03740000E-008	-9.45830000E-009	9.98990000E-001	2.33190000E+000	3.66490000E+000	5.00000000E+000	1.00000000E+000	2.33333333E+000	3.66666667E+000	5.00000000E+000	9.26730000E-009	9.65020000E-009	1.03830000E-008	9.42510000E-009
2.14285714E+000	-9.80010000E-012	-3.24500000E-011	-3.14010000E-011	2.99990000E-011	-1.06250000E-008	-1.34300000E-008	-1.08250000E-008	-9.56790000E-009	9.98990000E-001	2.33190000E+000	3.66490000E+000	5.00000000E+000	1.00000000E+000	2.33333333E+000	3.66666667E+000	5.00000000E+000	1.05350000E-008	1.35000000E-008	1.06900000E-008	9.16270000E-009
2.22857143E+000	-1.61500000E-011	-3.37510000E-011	-3.33490000E-011	2.28500000E-011	-1.48950000E-008	-1.95050000E-008	-1.52600000E-008	-1.11400000E-008	9.97990000E-001	2.33090000E+000	3.66390000E+000	5.00000000E+000	1.00000000E+000	2.33333333E+000	3.66666667E+000	5.00000000E+000	1.49300000E-008	1.95900000E-008	1.53300000E-008	1.07700000E-008
2.31428571E+000	1.07000000E-011	-2.10990000E-011	-2.53000000E-011	1.80000000E-011	-2.15100000E-008	-2.79800000E-008	-2.18150000E-008	-1.57650000E-008	9.96980000E-001	2.33000000E+000	3.66300000E+000	4.99800000E+000	1.00000000E+000	2.33333333E+000	3.66666667E+000	5.00000000E+000	2.13700000E-008	2.79850000E-008	2.18750000E-008	1.58000000E-008
2.40000000E+000	3.49500000E-011	9.15000000E-012	3.20000000E-012	3.72500000E-011	-3.05550000E-008	-4.01250000E-008	-3.12160000E-008	-2.27350000E-008	9.96000000E-001	2.32800000E+000	3.66300000E+000	4.99800000E+000	1.00000000E+000	2.33333333E+000	3.66666667E+000	5.00000000E+000	3.04210000E-008	3.99650000E-008	3.10500000E-008	2.27250000E-008
2.48571429E+000	4.13500000E-011	3.32000000E-011	2.90500000E-011	3.51510000E-011	-4.28410000E-008	-5.61590000E-008	-4.39500000E-008	-3.26050000E-008	9.93990000E-001	2.32590000E+000	3.66100000E+000	4.99580000E+000	1.00000000E+000	2.33333333E+000	3.66666667E+000	5.00000000E+000	4.29010000E-008	5.59760000E-008	4.37560000E-008	3.27050000E-008
2.57142857E+000	2.91500000E-011	3.90000000E-011	3.68510000E-011	1.92000000E-011	-5.94590000E-008	-7.74630000E-008	-6.16890000E-008	-4.62350000E-008	9.91000000E-001	2.32300000E+000	3.65890000E+000	4.99490000E+000	1.00000000E+000	2.33333333E+000	3.66666667E+000	5.00000000E+000	5.92500000E-008	7.66810000E-008	6.15040000E-008	4.61750000E-008
2.65714286E+000	-3.85000000E-012	2.09000000E-011	2.88000000E-011	-4.29990000E-012	-8.19490000E-008	-7.50260000E-008	-8.54450000E-008	-6.45960000E-008	9.88980000E-001	2.32300000E+000	3.65700000E+000	4.99290000E+000	1.00000000E+000	2.33333333E+000	3.66666667E+000	5.00000000E+000	8.13560000E-008	7.16130000E-008	8.51000000E-008	6.45450000E-008
2.74285714E+000	-2.66500000E-011	3.22000000E-011	-3.40490000E-011	-3.11000000E-011	-7.51640000E-008	-1.02530000E-007	-8.00610000E-008	-8.96800000E-008	9.89990000E-001	2.31900000E+000	3.65800000E+000	4.99000000E+000	1.00000000E+000	2.33333333E+000	3.66666667E+000	5.00000000E+000	7.07040000E-008	1.02000000E-007	7.66950000E-008	8.95450000E-008
2.82857143E+000	-1.98000000E-011	-1.95500000E-011	-3.87500000E-011	-7.04990000E-012	-1.00710000E-007	-9.49040000E-008	-8.65550000E-008	-8.21490000E-008	9.87000000E-001	2.32200000E+000	3.65700000E+000	4.99100000E+000	1.00000000E+000	2.33333333E+000	3.66666667E+000	5.00000000E+000	9.99130000E-008	9.25140000E-008	8.36440000E-008	7.95190000E-008
2.91428571E+000	-1.33000000E-011	-3.64490000E-011	-3.39500000E-011	-3.30000000E-012	-1.02000000E-007	-1.00030000E-007	-8.98830000E-008	-9.02800000E-008	9.85990000E-001	2.32200000E+000	3.65600000E+000	4.99000000E+000	1.00000000E+000	2.33333333E+000	3.66666667E+000	5.00000000E+000	9.76900000E-008	9.68140000E-008	8.75730000E-008	8.71730000E-008
3.00000000E+000	2.44000000E-011	-1.36000000E-011	1.95000000E-012	2.37990000E-011	-1.32500000E-007	-1.09350000E-007	-9.92190000E-008	-9.80220000E-008	9.83000000E-001	2.32090000E+000	3.65490000E+000	4.99000000E+000	1.00000000E+000	2.33333333E+000	3.66666667E+000	5.00000000E+000	1.31750000E-007	1.06800000E-007	9.66750000E-008	9.50710000E-008

TEST RESULTS:  NOT  04/30/2025  15:40:45


