ATTRIBUTES:

Attribute #1:C:\Metrics\ics\projects\6.2600J_S25\transistor_measurement.ics
Attribute #2:Test
Attribute #3:dev1
Attribute #4:PASSED
SETUP:TRANSFER  04/30/2025  16:36:18
DATE:04/30/2025
TIME:16:36:18

CONDITIONS:

ID:	D	
UNIT:	SMU2	
MODE: STEP	
START:	0.5	
STOP:	5	
PNTS:	2	
STEP:	4.5

ID:	G	
UNIT:	SMU4	
MODE: SWEEP	
START:	-2	
STOP:	4	
PNTS:	61	
STEP:	0.1

ID:	S	
UNIT:	SMU1	
MODE: CONST	
VALUE:	0

DATA:  TRANSFER  04/30/2025  16:36:18

IS	IS2	VD	VD2	ID	ID2	VG	IG	IG2	ACCSTRESS
3.76000000E-011	3.12990000E-011	5.00000000E-001	5.00000000E+000	3.15000000E-011	1.22550000E-010	-2.00000000E+000	2.33400000E-010	1.22050000E-010	0.00000000E+000
-4.70010000E-011	-4.31500000E-011	5.00000000E-001	5.00000000E+000	-1.66000000E-011	6.36010000E-011	-1.90000000E+000	2.45850000E-010	1.90450000E-010	*
-2.28500000E-011	-1.92000000E-011	5.00000000E-001	5.00000000E+000	-3.48500000E-011	3.68510000E-011	-1.80000000E+000	4.40500000E-011	1.78000000E-011	*
1.62000000E-011	1.08000000E-011	5.00000000E-001	5.00000000E+000	-2.04000000E-011	1.86500000E-011	-1.70000000E+000	-1.31600000E-010	-1.60650000E-010	*
2.80000000E-011	3.36000000E-011	5.00000000E-001	5.00000000E+000	2.00000000E-012	3.25000000E-011	-1.60000000E+000	-1.26050000E-010	-2.39790000E-010	*
1.30000000E-011	3.58010000E-011	5.00000000E-001	5.00000000E+000	1.82000000E-011	3.62500000E-011	-1.50000000E+000	-1.90000000E-012	-1.57550000E-010	*
-1.42500000E-011	1.71000000E-011	5.00000000E-001	5.00000000E+000	1.81500000E-011	4.39510000E-011	-1.40000000E+000	1.92100000E-010	9.79480000E-011	*
-4.48990000E-011	-2.14500000E-011	5.00000000E-001	5.00000000E+000	-1.59990000E-012	3.11000000E-011	-1.30000000E+000	2.99150000E-010	2.68340000E-010	*
-4.27000000E-011	-2.98000000E-011	5.00000000E-001	5.00000000E+000	-2.47000000E-011	-1.75000000E-012	-1.20000000E+000	2.23850000E-010	2.66690000E-010	*
-1.67000000E-011	4.15000000E-012	5.00000000E-001	5.00000000E+000	-3.05500000E-011	-1.49000000E-011	-1.10000000E+000	1.49000000E-011	2.72500000E-011	*
1.49000000E-011	3.08500000E-011	5.00000000E-001	5.00000000E+000	-1.79000000E-011	-2.30000000E-012	-1.00000000E+000	-1.46550000E-010	-1.73750000E-010	*
2.72500000E-011	4.99500000E-011	5.00000000E-001	5.00000000E+000	3.74990000E-012	8.65000000E-012	-9.00000000E-001	-1.54850000E-010	-1.74200000E-010	*
5.99990000E-013	3.53990000E-011	5.00000000E-001	5.00000000E+000	2.58490000E-011	3.70000000E-011	-8.00000000E-001	5.82010000E-011	-6.05010000E-012	*
-1.93000000E-011	-2.20000000E-012	5.00000000E-001	5.00000000E+000	9.15000000E-012	2.08500000E-011	-7.00000000E-001	2.22600000E-010	2.02200000E-010	*
-5.28010000E-011	-1.79000000E-011	5.00000000E-001	5.00000000E+000	-2.40000000E-012	8.39990000E-012	-6.00000000E-001	2.96200000E-010	2.79600000E-010	*
-4.24990000E-011	-1.68500000E-011	5.00000000E-001	5.00000000E+000	-2.86000000E-011	-2.80000000E-012	-5.00000000E-001	1.75200000E-010	1.60500000E-010	*
-4.24990000E-012	1.26000000E-011	5.00000000E-001	5.00000000E+000	-2.46490000E-011	-2.47000000E-011	-4.00000000E-001	-2.14500000E-011	-5.67490000E-011	*
1.92000000E-011	4.95000000E-011	5.00000000E-001	5.00000000E+000	-1.41500000E-011	-5.00000000E-012	-3.00000000E-001	-1.38000000E-010	-2.42100000E-010	*
2.50000000E-011	5.53500000E-011	5.00000000E-001	5.00000000E+000	1.22000000E-011	2.39000000E-011	-2.00000000E-001	-1.10000000E-010	-2.21600000E-010	*
8.10020000E-012	2.88000000E-011	5.00000000E-001	5.00000000E+000	2.41490000E-011	3.05000000E-011	-1.00000000E-001	1.00200000E-010	3.53500000E-011	*
-2.15000000E-011	-7.99980000E-012	5.00000000E-001	5.00000000E+000	1.38000000E-011	2.10000000E-011	0.00000000E+000	2.58790000E-010	2.61590000E-010	*
-3.34510000E-011	-2.01000000E-011	5.00000000E-001	5.00000000E+000	-1.63000000E-011	9.00000000E-013	1.00000000E-001	2.68040000E-010	2.54450000E-010	*
-1.66500000E-011	1.30000000E-012	5.00000000E-001	5.00000000E+000	-2.18500000E-011	-1.64500000E-011	2.00000000E-001	1.04550000E-010	7.17010000E-011	*
1.58490000E-011	3.38500000E-011	5.00000000E-001	5.00000000E+000	-2.04000000E-011	-5.55000000E-012	3.00000000E-001	-7.28490000E-011	-1.32450000E-010	*
3.90000000E-011	5.75510000E-011	5.00000000E-001	5.00000000E+000	-9.24990000E-012	3.35000000E-012	4.00000000E-001	-1.59150000E-010	-2.12600000E-010	*
4.43500000E-011	5.46500000E-011	5.00000000E-001	5.00000000E+000	1.79000000E-011	3.13490000E-011	5.00000000E-001	-8.41990000E-011	-1.19300000E-010	*
9.55010000E-012	2.46000000E-011	5.00000000E-001	5.00000000E+000	2.26000000E-011	3.84000000E-011	6.00000000E-001	1.35000000E-010	1.40750000E-010	*
-2.10000000E-011	-1.05000000E-011	5.00000000E-001	5.00000000E+000	1.12000000E-011	1.34500000E-011	7.00000000E-001	3.12300000E-010	2.94410000E-010	*
-2.92000000E-011	-9.74990000E-012	5.00000000E-001	5.00000000E+000	-1.72500000E-011	-8.74990000E-012	8.00000000E-001	2.68240000E-010	2.27350000E-010	*
-4.29990000E-012	1.65500000E-011	5.00000000E-001	5.00000000E+000	-2.68490000E-011	-1.35000000E-011	9.00000000E-001	5.01500000E-011	5.50000000E-012	*
3.51510000E-011	4.55990000E-011	5.00000000E-001	5.00000000E+000	-2.25500000E-011	-1.08500000E-011	1.00000000E+000	-1.56350000E-010	-1.85900000E-010	*
4.48990000E-011	6.85000000E-011	5.00000000E-001	5.00000000E+000	1.56500000E-011	1.81500000E-011	1.10000000E+000	-1.63600000E-010	-2.13450000E-010	*
1.95500000E-011	4.90010000E-011	5.00000000E-001	5.00000000E+000	2.05500000E-011	2.89500000E-011	1.20000000E+000	4.07990000E-011	-4.36010000E-011	*
-4.88000000E-011	1.96000000E-011	5.00000000E-001	5.00000000E+000	3.46500000E-011	3.21500000E-011	1.30000000E+000	2.66650000E-010	1.65200000E-010	*
-3.29850000E-010	-3.27510000E-011	5.00000000E-001	5.00000000E+000	2.63990000E-010	2.16000000E-011	1.40000000E+000	3.21750000E-010	2.79650000E-010	*
-4.13950000E-010	-2.36160000E-010	5.00000000E-001	5.00000000E+000	4.57800000E-010	2.04100000E-010	1.50000000E+000	-1.75000000E-011	2.50850000E-010	*
-4.59550000E-010	-1.32450000E-009	5.00000000E-001	5.00000000E+000	5.30660000E-010	1.40900000E-009	1.60000000E+000	-2.49340000E-010	2.01400000E-010	*
-6.52960000E-010	-5.30850000E-009	5.00000000E-001	5.00000000E+000	6.24990000E-010	5.31900000E-009	1.70000000E+000	9.24990000E-012	3.46300000E-010	*
-8.60100000E-010	-1.39200000E-008	5.00000000E-001	5.00000000E+000	8.15510000E-010	1.40000000E-008	1.80000000E+000	2.44400000E-010	2.15600000E-010	*
-7.80400000E-010	-2.99700000E-008	5.00000000E-001	5.00000000E+000	7.64460000E-010	3.00240000E-008	1.90000000E+000	2.54700000E-010	1.12350000E-010	*
-9.70940000E-010	-5.52500000E-008	5.00000000E-001	5.00000000E+000	9.84700000E-010	5.54150000E-008	2.00000000E+000	-9.87020000E-011	-2.38500000E-010	*
-1.18750000E-009	-9.20300000E-008	5.00000000E-001	5.00000000E+000	1.10850000E-009	9.18840000E-008	2.10000000E+000	6.21510000E-011	-1.36550000E-010	*
-1.59650000E-009	-1.39150000E-007	5.00000000E-001	5.00000000E+000	1.50150000E-009	1.38900000E-007	2.20000000E+000	2.45610000E-010	2.40110000E-010	*
-2.19540000E-009	-2.02550000E-007	5.00000000E-001	5.00000000E+000	2.13550000E-009	2.02600000E-007	2.30000000E+000	-1.11500000E-010	1.22300000E-010	*
-3.23540000E-009	-2.83500000E-007	5.00000000E-001	5.00000000E+000	3.02540000E-009	2.83340000E-007	2.40000000E+000	1.23300000E-010	-1.58750000E-010	*
-4.50630000E-009	-3.82340000E-007	5.00000000E-001	5.00000000E+000	4.19730000E-009	3.81700000E-007	2.50000000E+000	4.81550000E-010	8.12510000E-011	*
-6.16430000E-009	-4.99680000E-007	5.00000000E-001	5.00000000E+000	5.91380000E-009	4.99330000E-007	2.60000000E+000	-1.08000000E-011	4.27550000E-010	*
-8.34820000E-009	-6.37840000E-007	5.00000000E-001	5.00000000E+000	8.04450000E-009	6.37290000E-007	2.70000000E+000	1.69800000E-010	9.96000000E-011	*
-1.04750000E-008	-7.96130000E-007	5.00000000E-001	5.00000000E+000	1.03900000E-008	7.95230000E-007	2.80000000E+000	1.89300000E-010	-6.14510000E-011	*
-1.40550000E-008	-9.75210000E-007	5.00000000E-001	5.00000000E+000	1.39800000E-008	9.74570000E-007	2.90000000E+000	8.39500000E-011	2.88390000E-010	*
-1.89650000E-008	-1.14950000E-006	5.00000000E-001	5.00000000E+000	1.87550000E-008	1.15250000E-006	3.00000000E+000	-1.84200000E-010	1.99700000E-010	*
-2.56300000E-008	-1.37000000E-006	5.00000000E-001	5.00000000E+000	2.53200000E-008	1.36400000E-006	3.10000000E+000	2.51010000E-010	-1.09750000E-010	*
-3.32060000E-008	-1.60600000E-006	5.00000000E-001	5.00000000E+000	3.32860000E-008	1.60650000E-006	3.20000000E+000	-2.11600000E-010	-1.87350000E-010	*
-4.43250000E-008	-1.86900000E-006	5.00000000E-001	5.00000000E+000	4.39760000E-008	1.86950000E-006	3.30000000E+000	6.50010000E-011	1.94500000E-010	*
-5.72140000E-008	-2.14750000E-006	5.00000000E-001	5.00000000E+000	5.70200000E-008	2.14750000E-006	3.40000000E+000	8.46010000E-011	-1.71950000E-010	*
-7.50400000E-008	-2.45000000E-006	5.00000000E-001	5.00000000E+000	7.45460000E-008	2.44900000E-006	3.50000000E+000	-2.01100000E-010	-9.34010000E-011	*
-9.71810000E-008	-2.76850000E-006	5.00000000E-001	5.00000000E+000	9.75560000E-008	2.76540000E-006	3.60000000E+000	2.20750000E-010	2.32900000E-010	*
-1.12200000E-007	-3.11750000E-006	5.00000000E-001	5.00000000E+000	1.07650000E-007	3.11640000E-006	3.70000000E+000	1.88100000E-010	-2.45450000E-010	*
-1.32900000E-007	-3.49200000E-006	5.00000000E-001	5.00000000E+000	1.32840000E-007	3.48740000E-006	3.80000000E+000	-1.98800000E-010	1.93990000E-011	*
-1.71490000E-007	-3.86990000E-006	5.00000000E-001	5.00000000E+000	1.70150000E-007	3.87150000E-006	3.90000000E+000	1.42700000E-010	1.68850000E-010	*
-2.20200000E-007	-4.28460000E-006	5.00000000E-001	5.00000000E+000	2.19800000E-007	4.28460000E-006	4.00000000E+000	-3.05000000E-012	-2.31300000E-010	*

TEST RESULTS:  TRANSFER  04/30/2025  16:36:18


SETUP:OUTPUT  04/30/2025  16:37:04
DATE:04/30/2025
TIME:16:37:04

CONDITIONS:

ID:	D	
UNIT:	SMU2	
MODE: SWEEP	
START:	0	
STOP:	5	
PNTS:	51	
STEP:	0.1

ID:	G	
UNIT:	SMU4	
MODE: STEP	
START:	-2	
STOP:	4	
PNTS:	3	
STEP:	3

ID:	S	
UNIT:	SMU1	
MODE: CONST	
VALUE:	0

DATA:  OUTPUT  04/30/2025  16:37:04

IS	IS2	IS3	VD	ID	ID2	ID3	VG	VG2	VG3	IG	IG2	IG3	ACCSTRESS
-3.76500000E-011	2.03000000E-011	3.09240000E-009	0.00000000E+000	-2.70000000E-011	8.65000000E-012	-2.71350000E-009	-2.00000000E+000	1.00000000E+000	4.00000000E+000	-2.52750000E-010	8.49980000E-012	-1.91900000E-010	0.00000000E+000
3.79500000E-011	-1.60500000E-011	-1.97240000E-007	1.00000000E-001	1.55000000E-011	1.60500000E-011	1.89600000E-007	-2.00000000E+000	1.00000000E+000	4.00000000E+000	-1.99300000E-010	2.19100000E-010	7.65010000E-011	*
6.15000000E-012	-2.47500000E-011	-2.96640000E-007	2.00000000E-001	3.65010000E-011	-7.85010000E-012	2.94940000E-007	-2.00000000E+000	1.00000000E+000	4.00000000E+000	3.48010000E-011	2.26800000E-010	2.03000000E-010	*
-2.69000000E-011	-7.85010000E-012	-4.13100000E-007	3.00000000E-001	1.16000000E-011	-1.70500000E-011	4.11190000E-007	-2.00000000E+000	1.00000000E+000	4.00000000E+000	2.32250000E-010	1.09500000E-011	1.60150000E-010	*
-3.89500000E-011	2.29500000E-011	-5.20640000E-007	4.00000000E-001	-5.00000000E-012	-1.89000000E-011	5.17990000E-007	-2.00000000E+000	1.00000000E+000	4.00000000E+000	2.20350000E-010	-1.83800000E-010	-8.08490000E-011	*
-2.22500000E-011	4.34500000E-011	-6.20000000E-007	5.00000000E-001	-2.17000000E-011	8.30000000E-012	6.20550000E-007	-2.00000000E+000	1.00000000E+000	4.00000000E+000	4.00000000E-011	-2.37610000E-010	-2.85000000E-010	*
9.05010000E-012	3.63990000E-011	-7.15630000E-007	6.00000000E-001	-2.01000000E-011	2.32000000E-011	7.15290000E-007	-2.00000000E+000	1.00000000E+000	4.00000000E+000	-1.39700000E-010	-1.03150000E-010	-2.94900000E-010	*
3.46000000E-011	-1.35000000E-012	-7.96570000E-007	7.00000000E-001	-8.49980000E-013	2.87000000E-011	7.95090000E-007	-2.00000000E+000	1.00000000E+000	4.00000000E+000	-2.44750000E-010	1.30200000E-010	-1.27200000E-010	*
3.76500000E-011	-2.69000000E-011	-8.76900000E-007	8.00000000E-001	2.36490000E-011	7.85010000E-012	8.76720000E-007	-2.00000000E+000	1.00000000E+000	4.00000000E+000	-1.73450000E-010	2.42590000E-010	5.06490000E-011	*
5.20000000E-012	-2.85000000E-011	-9.51870000E-007	9.00000000E-001	3.08500000E-011	-1.04500000E-011	9.51140000E-007	-2.00000000E+000	1.00000000E+000	4.00000000E+000	5.34510000E-011	1.90900000E-010	1.01700000E-010	*
-2.80000000E-011	-2.10000000E-012	-1.02820000E-006	1.00000000E+000	1.80500000E-011	-2.39000000E-011	1.02870000E-006	-2.00000000E+000	1.00000000E+000	4.00000000E+000	2.45290000E-010	-3.93500000E-011	-4.15000000E-012	*
-4.07990000E-011	3.26000000E-011	-1.10150000E-006	1.10000000E+000	-1.00500000E-011	-1.16500000E-011	1.09750000E-006	-2.00000000E+000	1.00000000E+000	4.00000000E+000	2.21350000E-010	-2.09850000E-010	-7.65500000E-011	*
-2.10000000E-011	4.75500000E-011	-1.15700000E-006	1.20000000E+000	-2.07490000E-011	1.18500000E-011	1.15450000E-006	-2.00000000E+000	1.00000000E+000	4.00000000E+000	3.40000000E-011	-2.13400000E-010	1.03900000E-010	*
1.28000000E-011	2.98000000E-011	-1.21850000E-006	1.30000000E+000	-1.62000000E-011	2.77500000E-011	1.21400000E-006	-2.00000000E+000	1.00000000E+000	4.00000000E+000	-1.47800000E-010	-6.03000000E-011	1.26300000E-010	*
3.07010000E-011	-6.35000000E-012	-1.28200000E-006	1.40000000E+000	-6.00010000E-012	2.57500000E-011	1.28250000E-006	-2.00000000E+000	1.00000000E+000	4.00000000E+000	-2.59550000E-010	1.47700000E-010	-7.86500000E-011	*
3.46000000E-011	-3.04500000E-011	-1.34000000E-006	1.50000000E+000	1.73000000E-011	4.75000000E-012	1.34350000E-006	-2.00000000E+000	1.00000000E+000	4.00000000E+000	-2.10600000E-010	2.42690000E-010	-2.64090000E-010	*
4.45000000E-012	-2.73000000E-011	-1.39400000E-006	1.60000000E+000	3.46000000E-011	-8.59980000E-012	1.39000000E-006	-2.00000000E+000	1.00000000E+000	4.00000000E+000	3.56500000E-011	1.84550000E-010	-3.11840000E-010	*
-2.86500000E-011	-2.40000000E-012	-1.44600000E-006	1.70000000E+000	1.61000000E-011	-2.10000000E-011	1.44350000E-006	-2.00000000E+000	1.00000000E+000	4.00000000E+000	2.38600000E-010	-3.94000000E-011	-1.88800000E-010	*
-3.62500000E-011	3.48010000E-011	-1.49250000E-006	1.80000000E+000	-6.65000000E-012	-1.42500000E-011	1.50450000E-006	-2.00000000E+000	1.00000000E+000	4.00000000E+000	2.25300000E-010	-2.35840000E-010	-2.65500000E-011	*
-1.76500000E-011	4.52000000E-011	-1.55050000E-006	1.90000000E+000	-1.80000000E-011	1.89000000E-011	1.54650000E-006	-2.00000000E+000	1.00000000E+000	4.00000000E+000	2.45000000E-011	-2.31450000E-010	1.49600000E-010	*
1.63000000E-011	2.21500000E-011	-1.60300000E-006	2.00000000E+000	-1.90000000E-011	1.90000000E-011	1.60150000E-006	-2.00000000E+000	1.00000000E+000	4.00000000E+000	-1.52650000E-010	-2.01000000E-011	1.35550000E-010	*
3.77490000E-011	-6.74990000E-012	-1.64800000E-006	2.10000000E+000	2.49990000E-013	2.81990000E-011	1.64700000E-006	-2.00000000E+000	1.00000000E+000	4.00000000E+000	-2.46200000E-010	1.61600000E-010	-1.01750000E-010	*
3.63500000E-011	-3.05500000E-011	-1.69350000E-006	2.20000000E+000	2.33000000E-011	9.05010000E-012	1.69550000E-006	-2.00000000E+000	1.00000000E+000	4.00000000E+000	-1.61000000E-010	2.42390000E-010	-2.64650000E-010	*
3.74990000E-012	-2.54000000E-011	-1.74350000E-006	2.30000000E+000	3.07510000E-011	-1.14000000E-011	1.73700000E-006	-2.00000000E+000	1.00000000E+000	4.00000000E+000	7.70020000E-011	1.84500000E-010	-2.97150000E-010	*
-3.50000000E-011	-4.15000000E-012	-1.78300000E-006	2.40000000E+000	1.81500000E-011	-1.48500000E-011	1.77300000E-006	-2.00000000E+000	1.00000000E+000	4.00000000E+000	2.58550000E-010	-4.16500000E-011	-1.25350000E-010	*
-3.83000000E-011	3.35000000E-011	-1.83500000E-006	2.50000000E+000	-1.37000000E-011	-1.08500000E-011	1.83300000E-006	-2.00000000E+000	1.00000000E+000	4.00000000E+000	2.20750000E-010	-2.41650000E-010	3.77490000E-011	*
-2.34000000E-011	4.34500000E-011	-1.87450000E-006	2.60000000E+000	-1.50500000E-011	1.86500000E-011	1.86750000E-006	-2.00000000E+000	1.00000000E+000	4.00000000E+000	4.26500000E-011	-2.36850000E-010	1.69300000E-010	*
1.30500000E-011	1.46500000E-011	-1.92000000E-006	2.70000000E+000	-1.82500000E-011	3.01000000E-011	1.92100000E-006	-2.00000000E+000	1.00000000E+000	4.00000000E+000	-1.54900000E-010	-1.19000000E-011	1.34750000E-010	*
3.67490000E-011	-1.47500000E-011	-1.95500000E-006	2.80000000E+000	3.05000000E-012	2.00000000E-011	1.95950000E-006	-2.00000000E+000	1.00000000E+000	4.00000000E+000	-2.39050000E-010	1.81150000E-010	-9.07010000E-011	*
3.26000000E-011	-3.41010000E-011	-1.99650000E-006	2.90000000E+000	2.99490000E-011	2.00000000E-013	2.00500000E-006	-2.00000000E+000	1.00000000E+000	4.00000000E+000	-1.34700000E-010	1.90550000E-010	-2.96990000E-010	*
1.45000000E-012	-2.31500000E-011	-2.04790000E-006	3.00000000E+000	2.64500000E-011	-1.47000000E-011	2.04400000E-006	-2.00000000E+000	1.00000000E+000	4.00000000E+000	1.03550000E-010	1.00950000E-010	-2.72290000E-010	*
-3.21010000E-011	6.49990000E-012	-2.09000000E-006	3.10000000E+000	1.55000000E-011	-1.51000000E-011	2.09900000E-006	-2.00000000E+000	1.00000000E+000	4.00000000E+000	2.45610000E-010	-9.65490000E-011	-7.36510000E-011	*
-3.86000000E-011	3.56000000E-011	-2.13750000E-006	3.20000000E+000	-8.80000000E-012	-6.15000000E-012	2.13800000E-006	-2.00000000E+000	1.00000000E+000	4.00000000E+000	2.19700000E-010	-2.71140000E-010	1.31300000E-010	*
-1.37000000E-011	4.53500000E-011	-2.17350000E-006	3.30000000E+000	-1.35500000E-011	2.07490000E-011	2.17150000E-006	-2.00000000E+000	1.00000000E+000	4.00000000E+000	4.29990000E-012	-2.23000000E-010	1.81300000E-010	*
1.75500000E-011	1.41000000E-011	-2.21100000E-006	3.40000000E+000	-1.51000000E-011	2.94010000E-011	2.20790000E-006	-2.00000000E+000	1.00000000E+000	4.00000000E+000	-1.65150000E-010	1.58000000E-011	1.85490000E-011	*
3.70000000E-011	-2.40000000E-011	-2.24690000E-006	3.50000000E+000	1.45000000E-012	2.76500000E-011	2.25100000E-006	-2.00000000E+000	1.00000000E+000	4.00000000E+000	-2.47990000E-010	2.30200000E-010	-1.49750000E-010	*
3.18500000E-011	-3.14500000E-011	-2.29440000E-006	3.60000000E+000	2.74000000E-011	-3.15000000E-012	2.29590000E-006	-2.00000000E+000	1.00000000E+000	4.00000000E+000	-1.53200000E-010	1.92550000E-010	-2.50000000E-010	*
7.04990000E-012	-2.56500000E-011	-2.32990000E-006	3.70000000E+000	3.34010000E-011	-1.18500000E-011	2.33800000E-006	-2.00000000E+000	1.00000000E+000	4.00000000E+000	7.31010000E-011	9.81010000E-011	-1.68950000E-010	*
-3.28500000E-011	4.54990000E-012	-2.38500000E-006	3.80000000E+000	2.03500000E-011	-1.86500000E-011	2.38650000E-006	-2.00000000E+000	1.00000000E+000	4.00000000E+000	2.54700000E-010	-1.02100000E-010	4.11000000E-011	*
-3.86000000E-011	3.66500000E-011	-2.42490000E-006	3.90000000E+000	-1.17500000E-011	-3.10000000E-012	2.42140000E-006	-2.00000000E+000	1.00000000E+000	4.00000000E+000	2.09650000E-010	-2.73800000E-010	2.25250000E-010	*
-1.04000000E-011	4.27500000E-011	-2.44690000E-006	4.00000000E+000	-4.24990000E-012	1.83500000E-011	2.45390000E-006	-2.00000000E+000	1.00000000E+000	4.00000000E+000	7.25000000E-012	-2.30550000E-010	1.83150000E-010	*
1.63000000E-011	1.49500000E-011	-2.49500000E-006	4.10000000E+000	-7.95010000E-012	4.04000000E-011	2.49590000E-006	-2.00000000E+000	1.00000000E+000	4.00000000E+000	-1.81250000E-010	1.73000000E-011	-3.51510000E-011	*
3.94990000E-011	-1.81000000E-011	-2.52990000E-006	4.20000000E+000	2.06000000E-011	2.12500000E-011	2.53800000E-006	-2.00000000E+000	1.00000000E+000	4.00000000E+000	-2.34090000E-010	2.30750000E-010	-2.47450000E-010	*
2.62000000E-011	-3.21500000E-011	-2.56190000E-006	4.30000000E+000	4.47010000E-011	8.20010000E-012	2.56740000E-006	-2.00000000E+000	1.00000000E+000	4.00000000E+000	-9.56000000E-011	1.93100000E-010	-2.53290000E-010	*
-1.70000000E-012	-2.13000000E-011	-2.58550000E-006	4.40000000E+000	4.56510000E-011	-9.30010000E-012	2.58740000E-006	-2.00000000E+000	1.00000000E+000	4.00000000E+000	1.12000000E-010	6.96010000E-011	-8.24520000E-011	*
-3.09990000E-011	1.28000000E-011	-2.61750000E-006	4.50000000E+000	3.47490000E-011	-1.40500000E-011	2.61400000E-006	-2.00000000E+000	1.00000000E+000	4.00000000E+000	2.16500000E-010	-1.36000000E-010	1.16650000E-010	*
-4.01000000E-011	3.93000000E-011	-2.62840000E-006	4.60000000E+000	2.41490000E-011	-1.90000000E-012	2.63140000E-006	-2.00000000E+000	1.00000000E+000	4.00000000E+000	1.88850000E-010	-2.51740000E-010	2.25900000E-010	*
-7.35010000E-012	3.79000000E-011	-2.68650000E-006	4.70000000E+000	1.98000000E-011	2.75500000E-011	2.69550000E-006	-2.00000000E+000	1.00000000E+000	4.00000000E+000	-5.33490000E-011	-1.95450000E-010	2.03700000E-010	*
1.67000000E-011	1.14500000E-011	-2.72750000E-006	4.80000000E+000	4.39510000E-011	3.43000000E-011	2.72490000E-006	-2.00000000E+000	1.00000000E+000	4.00000000E+000	-2.41200000E-010	4.34500000E-011	4.90010000E-012	*
3.87000000E-011	-2.57000000E-011	-2.76650000E-006	4.90000000E+000	7.99010000E-011	2.25000000E-011	2.76650000E-006	-2.00000000E+000	1.00000000E+000	4.00000000E+000	-2.76760000E-010	2.38340000E-010	-1.77850000E-010	*
2.66990000E-011	-3.46000000E-011	-2.78300000E-006	5.00000000E+000	1.21800000E-010	-2.95000000E-012	2.78440000E-006	-2.00000000E+000	1.00000000E+000	4.00000000E+000	-1.31050000E-010	1.96250000E-010	-2.43010000E-010	*

TEST RESULTS:  OUTPUT  04/30/2025  16:37:04


