ATTRIBUTES:

Attribute #1:C:\Metrics\ics\projects\6.2600J_S25\res.ics
Attribute #2:Test
Attribute #3:dev1
Attribute #4:PASSED
SETUP:RES  04/28/2025  15:02:03
DATE:04/28/2025
TIME:15:02:03

CONDITIONS:

ID:	A	
UNIT:	SMU1	
MODE: CONST	
VALUE:	0

ID:	K	
UNIT:	SMU3	
MODE: SWEEP	
START:	-1	
STOP:	1	
PNTS:	51	
STEP:	0.04

DATA:  RES  04/28/2025  15:02:03

IA	VK	IK	
4.88400000E-008	-1.00000000E+000	-5.22340000E-008	
4.99750000E-008	-9.60000000E-001	-4.69500000E-008	
4.45650000E-008	-9.20000000E-001	-4.59000000E-008	
4.21600000E-008	-8.80000000E-001	-4.40160000E-008	
4.03450000E-008	-8.40000000E-001	-4.17950000E-008	
3.65850000E-008	-8.00000000E-001	-3.96100000E-008	
3.54190000E-008	-7.60000000E-001	-3.66310000E-008	
3.28690000E-008	-7.20000000E-001	-3.45810000E-008	
3.22340000E-008	-6.80000000E-001	-3.10300000E-008	
3.12900000E-008	-6.40000000E-001	-2.90450000E-008	
2.85500000E-008	-6.00000000E-001	-2.72500000E-008	
2.67650000E-008	-5.60000000E-001	-2.51600000E-008	
2.50950000E-008	-5.20000000E-001	-2.24150000E-008	
2.16950000E-008	-4.80000000E-001	-2.05900000E-008	
1.69900000E-008	-4.40000000E-001	-1.94600000E-008	
1.73950000E-008	-4.00000000E-001	-1.84250000E-008	
1.74350000E-008	-3.60000000E-001	-1.50550000E-008	
1.22150000E-008	-3.20000000E-001	-1.32550000E-008	
1.22000000E-008	-2.80000000E-001	-1.32550000E-008	
1.23400000E-008	-2.40000000E-001	-1.08000000E-008	
8.50510000E-009	-2.00000000E-001	-8.81480000E-009	
6.96490000E-009	-1.60000000E-001	-7.68980000E-009	
5.51490000E-009	-1.20000000E-001	-6.08430000E-009	
6.50580000E-009	-8.00000000E-002	-5.19980000E-009	
1.89800000E-009	-4.00000000E-002	-2.72740000E-009	
8.72490000E-010	0.00000000E+000	-1.45650000E-010	
-4.13590000E-009	4.00000000E-002	4.03380000E-009	
-6.53040000E-009	8.00000000E-002	6.09130000E-009	
-8.59520000E-009	1.20000000E-001	9.73250000E-009	
-1.19100000E-008	1.60000000E-001	1.16250000E-008	
-1.33500000E-008	2.00000000E-001	1.27350000E-008	
-1.28000000E-008	2.40000000E-001	1.44800000E-008	
-1.80950000E-008	2.80000000E-001	1.80100000E-008	
-2.03750000E-008	3.20000000E-001	1.80450000E-008	
-1.69250000E-008	3.60000000E-001	1.94150000E-008	
-2.23100000E-008	4.00000000E-001	2.31600000E-008	
-2.64950000E-008	4.40000000E-001	2.39300000E-008	
-2.39100000E-008	4.80000000E-001	2.53550000E-008	
-2.77900000E-008	5.20000000E-001	2.84050000E-008	
-3.27650000E-008	5.60000000E-001	3.09190000E-008	
-3.35890000E-008	6.00000000E-001	3.21140000E-008	
-3.37260000E-008	6.40000000E-001	3.67340000E-008	
-4.08450000E-008	6.80000000E-001	3.79090000E-008	
-3.92790000E-008	7.20000000E-001	3.87550000E-008	
-4.02140000E-008	7.60000000E-001	4.21600000E-008	
-4.68700000E-008	8.00000000E-001	4.55200000E-008	
-4.93260000E-008	8.40000000E-001	4.73300000E-008	
-4.77760000E-008	8.80000000E-001	4.94000000E-008	
-5.39350000E-008	9.20000000E-001	5.39950000E-008	
-6.18640000E-008	9.60000000E-001	5.93950000E-008	
-5.98700000E-008	1.00000000E+000	6.05900000E-008	

TEST RESULTS:  RES  04/28/2025  15:02:03


