ATTRIBUTES:

Attribute #1:C:\Metrics\ics\projects\6.2600J_S25\transistor_measurement.ics
Attribute #2:Test
Attribute #3:dev1
Attribute #4:PASSED
SETUP:TRANSFER  04/28/2025  16:33:26
DATE:04/28/2025
TIME:16:33:26

CONDITIONS:

ID:	D	
UNIT:	SMU2	
MODE: STEP	
START:	0.5	
STOP:	5	
PNTS:	2	
STEP:	4.5

ID:	G	
UNIT:	SMU4	
MODE: SWEEP	
START:	-2	
STOP:	4	
PNTS:	61	
STEP:	0.1

ID:	S	
UNIT:	SMU1	
MODE: CONST	
VALUE:	0

DATA:  TRANSFER  04/28/2025  16:33:26

IS	IS2	VD	VD2	ID	ID2	VG	IG	IG2	ACCSTRESS
-1.45000000E-012	-2.70500000E-011	5.00000000E-001	5.00000000E+000	2.14990000E-012	2.63000000E-011	-2.00000000E+000	-4.48000000E-011	-7.48980000E-011	0.00000000E+000
-9.80010000E-012	3.38010000E-011	5.00000000E-001	5.00000000E+000	1.15500000E-011	3.58500000E-011	-1.90000000E+000	3.74000000E-011	-4.27500000E-011	*
-3.51010000E-011	1.45000000E-011	5.00000000E-001	5.00000000E+000	-3.74990000E-012	3.19000000E-011	-1.80000000E+000	7.59500000E-011	-1.25500000E-011	*
-3.20510000E-011	-6.39980000E-012	5.00000000E-001	5.00000000E+000	-1.45000000E-011	2.54500000E-011	-1.70000000E+000	8.85020000E-011	3.02500000E-011	*
-1.12500000E-011	-2.61500000E-011	5.00000000E-001	5.00000000E+000	-1.37500000E-011	9.55010000E-012	-1.60000000E+000	4.88500000E-011	6.07510000E-011	*
1.62000000E-011	-1.46000000E-011	5.00000000E-001	5.00000000E+000	-1.10000000E-012	-3.35000000E-012	-1.50000000E+000	1.37000000E-011	5.97990000E-011	*
2.34000000E-011	1.29000000E-011	5.00000000E-001	5.00000000E+000	5.75010000E-012	7.15000000E-012	-1.40000000E+000	1.14000000E-011	1.85000000E-011	*
6.55010000E-012	4.06010000E-011	5.00000000E-001	5.00000000E+000	1.58000000E-011	-3.40000000E-012	-1.30000000E+000	2.64500000E-011	-2.07490000E-011	*
-1.46500000E-011	4.60010000E-011	5.00000000E-001	5.00000000E+000	1.32000000E-011	1.25000000E-011	-1.20000000E+000	5.75510000E-011	-1.94500000E-011	*
-3.90000000E-011	1.70500000E-011	5.00000000E-001	5.00000000E+000	-3.50000000E-013	2.01000000E-011	-1.10000000E+000	9.30990000E-011	3.15000000E-012	*
-3.10510000E-011	-5.15010000E-012	5.00000000E-001	5.00000000E+000	-1.26500000E-011	9.65010000E-012	-1.00000000E+000	8.93510000E-011	5.23000000E-011	*
-2.35000000E-012	-9.05010000E-012	5.00000000E-001	5.00000000E+000	-1.34000000E-011	-1.30000000E-012	-9.00000000E-001	5.33990000E-011	6.46490000E-011	*
1.57500000E-011	-5.39990000E-012	5.00000000E-001	5.00000000E+000	-4.20000000E-012	-7.99970000E-013	-8.00000000E-001	2.24500000E-011	5.66500000E-011	*
2.37000000E-011	2.43000000E-011	5.00000000E-001	5.00000000E+000	8.39990000E-012	-1.27500000E-011	-7.00000000E-001	8.59980000E-012	1.68500000E-011	*
2.30000000E-012	5.12000000E-011	5.00000000E-001	5.00000000E+000	1.04000000E-011	2.10000000E-012	-6.00000000E-001	2.28500000E-011	-3.09000000E-011	*
-2.55500000E-011	4.96000000E-011	5.00000000E-001	5.00000000E+000	5.09990000E-012	2.06000000E-011	-5.00000000E-001	8.38510000E-011	-1.49000000E-011	*
-4.14500000E-011	2.73500000E-011	5.00000000E-001	5.00000000E+000	-5.85000000E-012	1.02000000E-011	-4.00000000E-001	9.57490000E-011	-3.99980000E-013	*
-2.63500000E-011	4.24990000E-012	5.00000000E-001	5.00000000E+000	-1.69500000E-011	1.81500000E-011	-3.00000000E-001	8.91480000E-011	3.79000000E-011	*
-2.00000000E-012	-8.49980000E-012	5.00000000E-001	5.00000000E+000	-8.49980000E-012	3.00000000E-013	-2.00000000E-001	5.11500000E-011	6.31500000E-011	*
1.47000000E-011	1.30000000E-012	5.00000000E-001	5.00000000E+000	9.99980000E-013	-9.74990000E-012	-1.00000000E-001	1.71500000E-011	5.26000000E-011	*
-1.07600000E-010	2.52000000E-011	5.00000000E-001	5.00000000E+000	1.34950000E-010	-5.34990000E-012	0.00000000E+000	2.89500000E-011	1.93000000E-011	*
-2.08000000E-010	-3.00010000E-012	5.00000000E-001	5.00000000E+000	2.15150000E-010	5.83500000E-011	1.00000000E-001	5.69500000E-011	-2.59000000E-011	*
-3.21190000E-010	-6.43010000E-010	5.00000000E-001	5.00000000E+000	2.94900000E-010	7.12360000E-010	2.00000000E-001	1.04700000E-010	-3.09990000E-011	*
-4.26650000E-010	-2.81240000E-009	5.00000000E-001	5.00000000E+000	3.77200000E-010	2.77290000E-009	3.00000000E-001	1.17050000E-010	-1.75000000E-011	*
-6.34000000E-010	-1.23700000E-008	5.00000000E-001	5.00000000E+000	5.94100000E-010	1.22700000E-008	4.00000000E-001	9.25490000E-011	-2.30000000E-012	*
-8.54100000E-010	-3.86240000E-008	5.00000000E-001	5.00000000E+000	8.56860000E-010	3.86500000E-008	5.00000000E-001	6.92490000E-011	7.04500000E-011	*
-6.89650000E-010	-9.04690000E-008	5.00000000E-001	5.00000000E+000	5.76110000E-010	9.04110000E-008	6.00000000E-001	-2.42500000E-011	8.54500000E-011	*
-8.50410000E-010	-1.61650000E-007	5.00000000E-001	5.00000000E+000	8.47340000E-010	1.60850000E-007	7.00000000E-001	8.71520000E-011	9.00000000E-013	*
-1.08100000E-009	-2.80140000E-007	5.00000000E-001	5.00000000E+000	9.89990000E-010	2.79890000E-007	8.00000000E-001	3.86500000E-011	7.30010000E-011	*
-1.55600000E-009	-4.49700000E-007	5.00000000E-001	5.00000000E+000	1.48750000E-009	4.49250000E-007	9.00000000E-001	1.83800000E-010	8.97990000E-011	*
-2.35340000E-009	-6.71340000E-007	5.00000000E-001	5.00000000E+000	2.28190000E-009	6.70840000E-007	1.00000000E+000	6.93990000E-011	5.34510000E-011	*
-3.51650000E-009	-9.49570000E-007	5.00000000E-001	5.00000000E+000	3.49840000E-009	9.48870000E-007	1.10000000E+000	-7.50010000E-013	2.55500000E-011	*
-5.17180000E-009	-1.21650000E-006	5.00000000E-001	5.00000000E+000	5.11550000E-009	1.21400000E-006	1.20000000E+000	4.99000000E-011	-5.52000000E-011	*
-7.49510000E-009	-1.60050000E-006	5.00000000E-001	5.00000000E+000	7.42490000E-009	1.59400000E-006	1.30000000E+000	1.19300000E-010	1.76200000E-010	*
-9.98990000E-009	-2.03640000E-006	5.00000000E-001	5.00000000E+000	1.00400000E-008	2.03700000E-006	1.40000000E+000	3.00510000E-011	-1.89000000E-011	*
-1.35000000E-008	-2.54450000E-006	5.00000000E-001	5.00000000E+000	1.35600000E-008	2.54650000E-006	1.50000000E+000	1.50850000E-010	8.42490000E-011	*
-1.73550000E-008	-3.10700000E-006	5.00000000E-001	5.00000000E+000	1.72150000E-008	3.10400000E-006	1.60000000E+000	1.19600000E-010	1.11900000E-010	*
-2.64700000E-008	-3.75700000E-006	5.00000000E-001	5.00000000E+000	2.65950000E-008	3.75890000E-006	1.70000000E+000	1.16150000E-010	5.51010000E-011	*
-3.49760000E-008	-4.43190000E-006	5.00000000E-001	5.00000000E+000	3.44100000E-008	4.43450000E-006	1.80000000E+000	2.02350000E-010	1.23400000E-010	*
-5.00200000E-008	-5.22290000E-006	5.00000000E-001	5.00000000E+000	4.94200000E-008	5.22050000E-006	1.90000000E+000	8.02990000E-011	2.04850000E-010	*
-6.92200000E-008	-6.08200000E-006	5.00000000E-001	5.00000000E+000	6.89610000E-008	6.07460000E-006	2.00000000E+000	2.75500000E-011	1.27100000E-010	*
-9.34700000E-008	-7.06080000E-006	5.00000000E-001	5.00000000E+000	9.48060000E-008	7.05900000E-006	2.10000000E+000	8.38510000E-011	1.29850000E-010	*
-1.19850000E-007	-8.04430000E-006	5.00000000E-001	5.00000000E+000	1.09300000E-007	8.02940000E-006	2.20000000E+000	4.41990000E-011	1.05100000E-010	*
-1.47690000E-007	-9.10740000E-006	5.00000000E-001	5.00000000E+000	1.50900000E-007	9.10460000E-006	2.30000000E+000	-4.40000000E-011	-2.16000000E-011	*
-1.99750000E-007	-1.02770000E-005	5.00000000E-001	5.00000000E+000	1.97450000E-007	1.02780000E-005	2.40000000E+000	3.76000000E-011	2.53500000E-011	*
-2.70040000E-007	-1.12500000E-005	5.00000000E-001	5.00000000E+000	2.72300000E-007	1.11750000E-005	2.50000000E+000	8.45010000E-012	-7.14490000E-011	*
-3.57700000E-007	-1.24300000E-005	5.00000000E-001	5.00000000E+000	3.64850000E-007	1.24600000E-005	2.60000000E+000	-2.63500000E-011	2.00000000E-011	*
-4.77040000E-007	-1.39100000E-005	5.00000000E-001	5.00000000E+000	4.79280000E-007	1.38800000E-005	2.70000000E+000	5.84990000E-011	2.10000000E-012	*
-6.14850000E-007	-1.54550000E-005	5.00000000E-001	5.00000000E+000	6.18340000E-007	1.54600000E-005	2.80000000E+000	-3.75510000E-011	-4.26500000E-011	*
-8.08820000E-007	-1.70250000E-005	5.00000000E-001	5.00000000E+000	8.03500000E-007	1.70200000E-005	2.90000000E+000	3.12000000E-011	4.78500000E-011	*
-1.00840000E-006	-1.87300000E-005	5.00000000E-001	5.00000000E+000	9.98260000E-007	1.86940000E-005	3.00000000E+000	1.14500000E-011	-4.12510000E-011	*
-1.14000000E-006	-2.04500000E-005	5.00000000E-001	5.00000000E+000	1.12100000E-006	2.04440000E-005	3.10000000E+000	3.59000000E-011	5.50000000E-012	*
-1.36300000E-006	-2.23690000E-005	5.00000000E-001	5.00000000E+000	1.34500000E-006	2.23840000E-005	3.20000000E+000	-3.25500000E-011	1.91000000E-011	*
-1.73050000E-006	-2.43400000E-005	5.00000000E-001	5.00000000E+000	1.73300000E-006	2.43200000E-005	3.30000000E+000	5.43000000E-011	-3.89500000E-011	*
-2.11950000E-006	-2.64050000E-005	5.00000000E-001	5.00000000E+000	2.12750000E-006	2.64050000E-005	3.40000000E+000	-2.25000000E-012	4.88000000E-011	*
-2.57200000E-006	-2.86300000E-005	5.00000000E-001	5.00000000E+000	2.56390000E-006	2.86050000E-005	3.50000000E+000	-1.80000000E-012	-8.74990000E-012	*
-3.09790000E-006	-3.09940000E-005	5.00000000E-001	5.00000000E+000	3.09440000E-006	3.10090000E-005	3.60000000E+000	4.67010000E-011	-1.70000000E-011	*
-3.67440000E-006	-3.33000000E-005	5.00000000E-001	5.00000000E+000	3.66740000E-006	3.32650000E-005	3.70000000E+000	-3.11000000E-011	4.10000000E-011	*
-4.35090000E-006	-3.58300000E-005	5.00000000E-001	5.00000000E+000	4.34210000E-006	3.58090000E-005	3.80000000E+000	4.68990000E-011	-3.49000000E-011	*
-5.05060000E-006	-3.83650000E-005	5.00000000E-001	5.00000000E+000	5.03050000E-006	3.83590000E-005	3.90000000E+000	1.47000000E-011	1.59000000E-011	*
-5.82150000E-006	-4.09580000E-005	5.00000000E-001	5.00000000E+000	5.82750000E-006	4.09690000E-005	4.00000000E+000	-1.09000000E-011	2.91500000E-011	*

TEST RESULTS:  TRANSFER  04/28/2025  16:33:26


SETUP:OUTPUT  04/28/2025  16:34:15
DATE:04/28/2025
TIME:16:34:15

CONDITIONS:

ID:	D	
UNIT:	SMU2	
MODE: SWEEP	
START:	0	
STOP:	5	
PNTS:	51	
STEP:	0.1

ID:	G	
UNIT:	SMU4	
MODE: STEP	
START:	-2	
STOP:	4	
PNTS:	3	
STEP:	3

ID:	S	
UNIT:	SMU1	
MODE: CONST	
VALUE:	0

DATA:  OUTPUT  04/28/2025  16:34:15

IS	IS2	IS3	VD	ID	ID2	ID3	VG	VG2	VG3	IG	IG2	IG3	ACCSTRESS
3.06490000E-011	-1.03400000E-010	-1.05300000E-008	0.00000000E+000	1.71000000E-011	9.23990000E-011	7.24000000E-009	-2.00000000E+000	1.00000000E+000	4.00000000E+000	1.48000000E-011	-1.42500000E-011	-1.60000000E-011	0.00000000E+000
-3.09000000E-011	-2.47300000E-008	-2.69240000E-006	1.00000000E-001	-1.35000000E-012	2.41100000E-008	2.64100000E-006	-2.00000000E+000	1.00000000E+000	4.00000000E+000	4.16500000E-011	5.64990000E-012	1.40000000E-012	*
-2.12000000E-011	-4.09110000E-008	-4.41800000E-006	2.00000000E-001	-1.13500000E-011	4.12200000E-008	4.41660000E-006	-2.00000000E+000	1.00000000E+000	4.00000000E+000	3.04010000E-011	1.48500000E-011	3.10510000E-011	*
1.53000000E-011	-6.44470000E-008	-6.11440000E-006	3.00000000E-001	-7.39980000E-012	6.44400000E-008	6.10040000E-006	-2.00000000E+000	1.00000000E+000	4.00000000E+000	-1.59500000E-011	-4.20000000E-012	7.17510000E-011	*
2.95000000E-011	-8.71580000E-008	-7.57400000E-006	4.00000000E-001	4.54990000E-012	8.83260000E-008	7.57630000E-006	-2.00000000E+000	1.00000000E+000	4.00000000E+000	-4.98000000E-011	-4.50010000E-011	3.12990000E-011	*
2.71500000E-011	-1.06700000E-007	-8.93370000E-006	5.00000000E-001	1.52000000E-011	1.10850000E-007	8.93890000E-006	-2.00000000E+000	1.00000000E+000	4.00000000E+000	-5.31510000E-011	-7.04010000E-011	-8.70010000E-012	*
-1.20000000E-012	-1.32300000E-007	-1.01370000E-005	6.00000000E-001	1.84500000E-011	1.31850000E-007	1.01310000E-005	-2.00000000E+000	1.00000000E+000	4.00000000E+000	-7.15000000E-012	-3.44510000E-011	-2.88990000E-011	*
-2.47500000E-011	-1.63450000E-007	-1.09100000E-005	7.00000000E-001	4.05010000E-012	1.64150000E-007	1.08300000E-005	-2.00000000E+000	1.00000000E+000	4.00000000E+000	2.95000000E-011	-3.50000000E-012	4.32510000E-011	*
-3.54510000E-011	-1.84250000E-007	-1.12900000E-005	8.00000000E-001	-2.90000000E-012	1.87650000E-007	1.12950000E-005	-2.00000000E+000	1.00000000E+000	4.00000000E+000	3.66000000E-011	3.10000000E-012	2.22000000E-011	*
-2.47500000E-011	-2.17940000E-007	-1.21900000E-005	9.00000000E-001	-7.20000000E-012	2.17050000E-007	1.21900000E-005	-2.00000000E+000	1.00000000E+000	4.00000000E+000	3.58500000E-011	-2.13500000E-011	-1.75500000E-011	*
5.00000000E-012	-2.43290000E-007	-1.29900000E-005	1.00000000E+000	-4.50000000E-012	2.34400000E-007	1.29900000E-005	-2.00000000E+000	1.00000000E+000	4.00000000E+000	-5.60000000E-012	-6.90010000E-011	-3.51510000E-011	*
2.66990000E-011	-2.75790000E-007	-1.37600000E-005	1.10000000E+000	2.65000000E-012	2.72050000E-007	1.37500000E-005	-2.00000000E+000	1.00000000E+000	4.00000000E+000	-4.53500000E-011	-7.63020000E-011	-3.24010000E-011	*
2.99490000E-011	-2.90690000E-007	-1.45500000E-005	1.20000000E+000	1.44000000E-011	2.91840000E-007	1.45200000E-005	-2.00000000E+000	1.00000000E+000	4.00000000E+000	-4.41990000E-011	-6.23000000E-011	-1.30000000E-012	*
8.70010000E-012	-3.27000000E-007	-1.51700000E-005	1.30000000E+000	2.11500000E-011	3.32950000E-007	1.51650000E-005	-2.00000000E+000	1.00000000E+000	4.00000000E+000	-1.80500000E-011	-2.16500000E-011	3.36000000E-011	*
-1.93990000E-011	-3.54440000E-007	-1.58050000E-005	1.40000000E+000	9.24990000E-012	3.54640000E-007	1.57900000E-005	-2.00000000E+000	1.00000000E+000	4.00000000E+000	2.29500000E-011	2.09500000E-011	4.25490000E-011	*
-3.08000000E-011	-3.76690000E-007	-1.64050000E-005	1.50000000E+000	6.99990000E-013	3.76090000E-007	1.64000000E-005	-2.00000000E+000	1.00000000E+000	4.00000000E+000	4.30500000E-011	1.57000000E-011	2.29000000E-011	*
-3.03510000E-011	-3.84640000E-007	-1.69700000E-005	1.60000000E+000	-6.19990000E-012	3.81190000E-007	1.69990000E-005	-2.00000000E+000	1.00000000E+000	4.00000000E+000	3.66500000E-011	-2.62500000E-011	-1.02000000E-011	*
1.85000000E-012	-4.16740000E-007	-1.74950000E-005	1.70000000E+000	-3.69990000E-012	4.17390000E-007	1.74800000E-005	-2.00000000E+000	1.00000000E+000	4.00000000E+000	-1.80000000E-012	-5.37510000E-011	-3.99010000E-011	*
2.57500000E-011	-4.34390000E-007	-1.79600000E-005	1.80000000E+000	4.65010000E-012	4.43500000E-007	1.79750000E-005	-2.00000000E+000	1.00000000E+000	4.00000000E+000	-3.51510000E-011	-5.55510000E-011	-4.33500000E-011	*
3.19000000E-011	-4.61190000E-007	-1.84400000E-005	1.90000000E+000	1.54000000E-011	4.61940000E-007	1.84300000E-005	-2.00000000E+000	1.00000000E+000	4.00000000E+000	-4.84010000E-011	-3.58010000E-011	-1.41500000E-011	*
1.68000000E-011	-4.68990000E-007	-1.89240000E-005	2.00000000E+000	2.10990000E-011	4.74190000E-007	1.89240000E-005	-2.00000000E+000	1.00000000E+000	4.00000000E+000	-3.86000000E-011	4.70000000E-012	4.35010000E-012	*
-1.37500000E-011	-5.04750000E-007	-1.93500000E-005	2.10000000E+000	1.30000000E-011	5.04980000E-007	1.93590000E-005	-2.00000000E+000	1.00000000E+000	4.00000000E+000	1.16000000E-011	2.75500000E-011	2.30000000E-012	*
-2.87500000E-011	-5.34000000E-007	-1.97900000E-005	2.20000000E+000	2.55000000E-012	5.22240000E-007	1.97550000E-005	-2.00000000E+000	1.00000000E+000	4.00000000E+000	3.74490000E-011	1.71990000E-011	-3.56500000E-011	*
-2.67500000E-011	-5.52830000E-007	-2.02100000E-005	2.30000000E+000	-1.13500000E-011	5.52800000E-007	2.02100000E-005	-2.00000000E+000	1.00000000E+000	4.00000000E+000	3.63000000E-011	-2.51500000E-011	-8.12010000E-011	*
-2.90000000E-012	-5.61240000E-007	-2.05900000E-005	2.40000000E+000	-2.84990000E-012	5.63130000E-007	2.06000000E-005	-2.00000000E+000	1.00000000E+000	4.00000000E+000	5.25000000E-012	-6.10500000E-011	-9.54510000E-011	*
2.80000000E-011	-5.75790000E-007	-2.09990000E-005	2.50000000E+000	-1.25000000E-012	5.70990000E-007	2.10100000E-005	-2.00000000E+000	1.00000000E+000	4.00000000E+000	-3.21500000E-011	-5.69000000E-011	-6.51990000E-011	*
2.92990000E-011	-5.78580000E-007	-2.14050000E-005	2.60000000E+000	9.15000000E-012	5.81140000E-007	2.13850000E-005	-2.00000000E+000	1.00000000E+000	4.00000000E+000	-4.74500000E-011	-1.09500000E-011	-3.55010000E-011	*
1.92500000E-011	-6.06990000E-007	-2.17550000E-005	2.70000000E+000	2.21500000E-011	6.04890000E-007	2.17700000E-005	-2.00000000E+000	1.00000000E+000	4.00000000E+000	-3.35500000E-011	1.24500000E-011	-3.95000000E-012	*
-1.26000000E-011	-6.04780000E-007	-2.20590000E-005	2.80000000E+000	1.54000000E-011	6.07750000E-007	2.20550000E-005	-2.00000000E+000	1.00000000E+000	4.00000000E+000	7.74980000E-012	3.44510000E-011	-5.25000000E-012	*
-3.29990000E-011	-6.31990000E-007	-2.23550000E-005	2.90000000E+000	3.69990000E-012	6.30040000E-007	2.24000000E-005	-2.00000000E+000	1.00000000E+000	4.00000000E+000	3.59500000E-011	1.55000000E-011	-4.21990000E-011	*
-2.65500000E-011	-6.42870000E-007	-2.26940000E-005	3.00000000E+000	-1.30500000E-011	6.41940000E-007	2.27050000E-005	-2.00000000E+000	1.00000000E+000	4.00000000E+000	3.69500000E-011	-3.99010000E-011	-8.09990000E-011	*
-1.85000000E-012	-6.59430000E-007	-2.29650000E-005	3.10000000E+000	-1.40000000E-012	6.54220000E-007	2.29750000E-005	-2.00000000E+000	1.00000000E+000	4.00000000E+000	4.45000000E-012	-5.88510000E-011	-8.74000000E-011	*
2.46490000E-011	-6.72880000E-007	-2.32450000E-005	3.20000000E+000	5.00000000E-014	6.68950000E-007	2.32390000E-005	-2.00000000E+000	1.00000000E+000	4.00000000E+000	-2.78500000E-011	-4.24500000E-011	-4.81000000E-011	*
3.15500000E-011	-6.82740000E-007	-2.35200000E-005	3.30000000E+000	1.60500000E-011	6.81930000E-007	2.35450000E-005	-2.00000000E+000	1.00000000E+000	4.00000000E+000	-5.26990000E-011	-2.49990000E-013	-4.35010000E-012	*
1.73000000E-011	-7.09580000E-007	-2.39050000E-005	3.40000000E+000	1.68000000E-011	7.12780000E-007	2.38740000E-005	-2.00000000E+000	1.00000000E+000	4.00000000E+000	-3.70000000E-011	2.56000000E-011	8.00000000E-013	*
-1.17500000E-011	-7.18830000E-007	-2.41400000E-005	3.50000000E+000	1.45500000E-011	7.16680000E-007	2.41150000E-005	-2.00000000E+000	1.00000000E+000	4.00000000E+000	8.70010000E-012	3.16990000E-011	5.60000000E-012	*
-3.10510000E-011	-7.31700000E-007	-2.45050000E-005	3.60000000E+000	5.34990000E-012	7.34380000E-007	2.44990000E-005	-2.00000000E+000	1.00000000E+000	4.00000000E+000	2.84000000E-011	-3.50000000E-012	-3.48010000E-011	*
-2.92990000E-011	-7.52680000E-007	-2.48000000E-005	3.70000000E+000	-1.10500000E-011	7.47940000E-007	2.48300000E-005	-2.00000000E+000	1.00000000E+000	4.00000000E+000	3.60000000E-011	-5.07010000E-011	-5.90000000E-011	*
1.50000000E-012	-7.65140000E-007	-2.51800000E-005	3.80000000E+000	1.90000000E-012	7.63680000E-007	2.51800000E-005	-2.00000000E+000	1.00000000E+000	4.00000000E+000	1.25000000E-012	-5.39500000E-011	-7.02020000E-011	*
2.91000000E-011	-7.85540000E-007	-2.54600000E-005	3.90000000E+000	4.24990000E-012	7.85420000E-007	2.55040000E-005	-2.00000000E+000	1.00000000E+000	4.00000000E+000	-3.67000000E-011	-4.41990000E-011	-3.47000000E-011	*
3.42500000E-011	-7.92320000E-007	-2.57500000E-005	4.00000000E+000	1.39000000E-011	7.93220000E-007	2.57150000E-005	-2.00000000E+000	1.00000000E+000	4.00000000E+000	-4.63510000E-011	-3.15000000E-012	3.40000000E-012	*
1.33000000E-011	-8.05130000E-007	-2.60400000E-005	4.10000000E+000	2.40500000E-011	8.09520000E-007	2.60650000E-005	-2.00000000E+000	1.00000000E+000	4.00000000E+000	-3.62000000E-011	2.12500000E-011	2.33500000E-011	*
-1.32500000E-011	-8.21340000E-007	-2.62550000E-005	4.20000000E+000	2.01500000E-011	8.21740000E-007	2.62800000E-005	-2.00000000E+000	1.00000000E+000	4.00000000E+000	6.44990000E-012	4.00000000E-011	1.99500000E-011	*
-2.99000000E-011	-8.37290000E-007	-2.65550000E-005	4.30000000E+000	8.70010000E-012	8.34170000E-007	2.65550000E-005	-2.00000000E+000	1.00000000E+000	4.00000000E+000	3.60490000E-011	-3.00010000E-012	-3.60490000E-011	*
-2.69000000E-011	-8.49220000E-007	-2.68840000E-005	4.40000000E+000	-3.65000000E-012	8.48490000E-007	2.69140000E-005	-2.00000000E+000	1.00000000E+000	4.00000000E+000	2.87500000E-011	-4.64500000E-011	-5.67000000E-011	*
-1.20000000E-012	-8.63740000E-007	-2.71800000E-005	4.50000000E+000	3.35000000E-012	8.64440000E-007	2.72200000E-005	-2.00000000E+000	1.00000000E+000	4.00000000E+000	-1.30000000E-012	-5.22500000E-011	-7.32500000E-011	*
2.63000000E-011	-8.73930000E-007	-2.73800000E-005	4.60000000E+000	1.23000000E-011	8.72040000E-007	2.73700000E-005	-2.00000000E+000	1.00000000E+000	4.00000000E+000	-3.80000000E-011	-2.74000000E-011	-1.60500000E-011	*
3.29500000E-011	-8.89380000E-007	-2.76190000E-005	4.70000000E+000	3.22500000E-011	8.90690000E-007	2.76250000E-005	-2.00000000E+000	1.00000000E+000	4.00000000E+000	-5.90990000E-011	2.04500000E-011	2.29500000E-011	*
1.09500000E-011	-8.95580000E-007	-2.78950000E-005	4.80000000E+000	4.04000000E-011	8.96570000E-007	2.79250000E-005	-2.00000000E+000	1.00000000E+000	4.00000000E+000	-4.45490000E-011	3.34510000E-011	1.59500000E-011	*
-1.19500000E-011	-9.09140000E-007	-2.80750000E-005	4.90000000E+000	3.97000000E-011	9.10050000E-007	2.80900000E-005	-2.00000000E+000	1.00000000E+000	4.00000000E+000	-1.45000000E-011	2.51000000E-011	6.50000000E-013	*
-3.68510000E-011	-9.15430000E-007	-2.84190000E-005	5.00000000E+000	3.73000000E-011	9.14530000E-007	2.84190000E-005	-2.00000000E+000	1.00000000E+000	4.00000000E+000	1.14000000E-011	-2.21000000E-011	-3.53990000E-011	*

TEST RESULTS:  OUTPUT  04/28/2025  16:34:15


