ATTRIBUTES:

Attribute #1:C:\Metrics\ics\projects\6.2600J_S25\transistor_measurement.ics
Attribute #2:Test
Attribute #3:dev1
Attribute #4:PASSED
SETUP:TRANSFER  04/28/2025  15:48:08
DATE:04/28/2025
TIME:15:48:08

CONDITIONS:

ID:	D	
UNIT:	SMU2	
MODE: STEP	
START:	0.5	
STOP:	5	
PNTS:	2	
STEP:	4.5

ID:	G	
UNIT:	SMU4	
MODE: SWEEP	
START:	-2	
STOP:	4	
PNTS:	61	
STEP:	0.1

ID:	S	
UNIT:	SMU1	
MODE: CONST	
VALUE:	0

DATA:  TRANSFER  04/28/2025  15:48:08

IS	IS2	VD	VD2	ID	ID2	VG	IG	IG2	ACCSTRESS
1.79000000E-011	2.99990000E-011	5.00000000E-001	5.00000000E+000	1.05500000E-011	9.65490000E-011	-2.00000000E+000	-3.15000000E-012	-6.86990000E-011	0.00000000E+000
-3.07010000E-011	-2.28500000E-011	5.00000000E-001	5.00000000E+000	6.24990000E-012	4.05510000E-011	-1.90000000E+000	4.53010000E-011	-3.54510000E-011	*
-3.45000000E-011	8.65000000E-012	5.00000000E-001	5.00000000E+000	-1.62000000E-011	3.42500000E-011	-1.80000000E+000	4.57000000E-011	-1.77500000E-011	*
-2.75000000E-011	2.56000000E-011	5.00000000E-001	5.00000000E+000	-1.73500000E-011	2.99990000E-011	-1.70000000E+000	4.94010000E-011	-8.65000000E-012	*
1.69000000E-011	2.37500000E-011	5.00000000E-001	5.00000000E+000	-6.99990000E-013	3.50000000E-011	-1.60000000E+000	5.23000000E-011	6.49990000E-012	*
2.09500000E-011	5.60000000E-012	5.00000000E-001	5.00000000E+000	-6.39980000E-012	2.48000000E-011	-1.50000000E+000	4.01000000E-011	1.68500000E-011	*
1.63500000E-011	-2.71990000E-011	5.00000000E-001	5.00000000E+000	1.15000000E-011	9.84990000E-012	-1.40000000E+000	4.72990000E-011	4.54500000E-011	*
-1.66500000E-011	-3.22500000E-011	5.00000000E-001	5.00000000E+000	1.90000000E-011	3.00000000E-013	-1.30000000E+000	5.94020000E-011	4.06500000E-011	*
-3.69500000E-011	-2.33500000E-011	5.00000000E-001	5.00000000E+000	-1.53500000E-011	6.99990000E-013	-1.20000000E+000	5.74490000E-011	4.24990000E-011	*
-3.43490000E-011	8.14990000E-012	5.00000000E-001	5.00000000E+000	-1.46000000E-011	1.30000000E-012	-1.10000000E+000	5.89500000E-011	3.66000000E-011	*
-6.70000000E-012	2.36490000E-011	5.00000000E-001	5.00000000E+000	-1.42500000E-011	1.70000000E-011	-1.00000000E+000	5.10510000E-011	3.01000000E-011	*
2.01500000E-011	1.51500000E-011	5.00000000E-001	5.00000000E+000	4.99990000E-013	2.61000000E-011	-9.00000000E-001	4.14500000E-011	3.60990000E-011	*
2.58490000E-011	-8.70010000E-012	5.00000000E-001	5.00000000E+000	9.34980000E-012	2.48500000E-011	-8.00000000E-001	4.46010000E-011	3.79000000E-011	*
1.17000000E-011	-2.57500000E-011	5.00000000E-001	5.00000000E+000	1.81500000E-011	8.59980000E-012	-7.00000000E-001	3.67490000E-011	3.19990000E-011	*
-2.38500000E-011	-1.86500000E-011	5.00000000E-001	5.00000000E+000	7.04990000E-012	5.00000000E-012	-6.00000000E-001	4.79490000E-011	2.69000000E-011	*
-3.42000000E-011	1.02500000E-011	5.00000000E-001	5.00000000E+000	9.00000000E-013	8.10020000E-012	-5.00000000E-001	4.67500000E-011	1.56000000E-011	*
-1.81500000E-011	4.19010000E-011	5.00000000E-001	5.00000000E+000	-1.05500000E-011	1.61000000E-011	-4.00000000E-001	3.47000000E-011	9.09980000E-012	*
1.28000000E-011	4.24500000E-011	5.00000000E-001	5.00000000E+000	1.45000000E-012	3.12990000E-011	-3.00000000E-001	3.62000000E-011	8.99990000E-012	*
3.67000000E-011	1.66000000E-011	5.00000000E-001	5.00000000E+000	6.95000000E-012	2.62000000E-011	-2.00000000E-001	2.05500000E-011	1.29500000E-011	*
3.62500000E-011	-9.20020000E-012	5.00000000E-001	5.00000000E+000	1.57500000E-011	1.99000000E-011	-1.00000000E-001	1.93500000E-011	1.99000000E-011	*
-9.99980000E-013	-1.47000000E-011	5.00000000E-001	5.00000000E+000	2.48000000E-011	7.45000000E-012	0.00000000E+000	2.99990000E-011	2.32000000E-011	*
-1.12950000E-010	-4.40000000E-012	5.00000000E-001	5.00000000E+000	9.20020000E-012	7.25000000E-012	1.00000000E-001	1.39250000E-010	1.60500000E-011	*
-1.81200000E-010	-8.74990000E-012	5.00000000E-001	5.00000000E+000	2.18450000E-010	8.80000000E-012	2.00000000E-001	-1.44000000E-011	3.82500000E-011	*
-9.64740000E-010	-6.25990000E-011	5.00000000E-001	5.00000000E+000	9.59570000E-010	2.71990000E-011	3.00000000E-001	-7.74980000E-012	1.31500000E-010	*
-2.80490000E-009	-2.27550000E-010	5.00000000E-001	5.00000000E+000	2.74440000E-009	2.40550000E-010	4.00000000E-001	-2.05000000E-011	-3.25000000E-012	*
-6.60290000E-009	-1.27900000E-009	5.00000000E-001	5.00000000E+000	6.67680000E-009	1.32650000E-009	5.00000000E-001	-6.50000000E-013	-4.99990000E-013	*
-1.20600000E-008	-4.26780000E-009	5.00000000E-001	5.00000000E+000	1.18200000E-008	4.33780000E-009	6.00000000E-001	-1.30000000E-011	-2.19500000E-011	*
-1.95750000E-008	-1.00260000E-008	5.00000000E-001	5.00000000E+000	1.94100000E-008	1.00790000E-008	7.00000000E-001	4.60010000E-011	8.00000000E-013	*
-2.91900000E-008	-1.89750000E-008	5.00000000E-001	5.00000000E+000	2.92750000E-008	1.89150000E-008	8.00000000E-001	3.51510000E-011	2.00000000E-012	*
-4.13690000E-008	-3.23940000E-008	5.00000000E-001	5.00000000E+000	4.12550000E-008	3.23850000E-008	9.00000000E-001	1.91500000E-011	1.85000000E-012	*
-5.54450000E-008	-5.08700000E-008	5.00000000E-001	5.00000000E+000	5.50900000E-008	5.09040000E-008	1.00000000E+000	3.25000000E-011	-1.46000000E-011	*
-7.27960000E-008	-7.51610000E-008	5.00000000E-001	5.00000000E+000	7.27990000E-008	7.50700000E-008	1.10000000E+000	1.80000000E-012	2.95000000E-012	*
-9.30810000E-008	-1.05400000E-007	5.00000000E-001	5.00000000E+000	9.27280000E-008	1.05200000E-007	1.20000000E+000	2.12000000E-011	6.55010000E-012	*
-1.16000000E-007	-1.42900000E-007	5.00000000E-001	5.00000000E+000	1.15900000E-007	1.42850000E-007	1.30000000E+000	-1.19500000E-011	-7.35010000E-012	*
-1.42250000E-007	-1.87950000E-007	5.00000000E-001	5.00000000E+000	1.42700000E-007	1.87840000E-007	1.40000000E+000	1.29500000E-011	-1.13500000E-011	*
-1.74050000E-007	-2.41240000E-007	5.00000000E-001	5.00000000E+000	1.73700000E-007	2.40990000E-007	1.50000000E+000	-3.99980000E-013	4.29990000E-012	*
-2.07300000E-007	-3.03190000E-007	5.00000000E-001	5.00000000E+000	2.07250000E-007	3.03040000E-007	1.60000000E+000	-2.28500000E-011	-4.99980000E-014	*
-2.44500000E-007	-3.74250000E-007	5.00000000E-001	5.00000000E+000	2.43600000E-007	3.74040000E-007	1.70000000E+000	1.52000000E-011	-1.19500000E-011	*
-2.86790000E-007	-4.55040000E-007	5.00000000E-001	5.00000000E+000	2.85990000E-007	4.54850000E-007	1.80000000E+000	-2.95000000E-012	2.95000000E-012	*
-3.29890000E-007	-5.46130000E-007	5.00000000E-001	5.00000000E+000	3.29750000E-007	5.45990000E-007	1.90000000E+000	-1.86500000E-011	8.05000000E-012	*
-3.76400000E-007	-6.47790000E-007	5.00000000E-001	5.00000000E+000	3.76440000E-007	6.47500000E-007	2.00000000E+000	4.38500000E-011	-2.27500000E-011	*
-4.27700000E-007	-7.60600000E-007	5.00000000E-001	5.00000000E+000	4.28190000E-007	7.60190000E-007	2.10000000E+000	-1.24000000E-011	2.90000000E-012	*
-4.81230000E-007	-8.84930000E-007	5.00000000E-001	5.00000000E+000	4.80880000E-007	8.84520000E-007	2.20000000E+000	1.32000000E-011	-9.40000000E-012	*
-5.38130000E-007	-1.02070000E-006	5.00000000E-001	5.00000000E+000	5.38390000E-007	1.02020000E-006	2.30000000E+000	2.56000000E-011	-3.25000000E-012	*
-5.97330000E-007	-1.16400000E-006	5.00000000E-001	5.00000000E+000	5.97180000E-007	1.16100000E-006	2.40000000E+000	-1.26500000E-011	-5.69000000E-011	*
-6.59140000E-007	-1.31900000E-006	5.00000000E-001	5.00000000E+000	6.59290000E-007	1.31850000E-006	2.50000000E+000	3.53500000E-011	-3.58010000E-011	*
-7.22530000E-007	-1.49400000E-006	5.00000000E-001	5.00000000E+000	7.22120000E-007	1.49350000E-006	2.60000000E+000	2.00000000E-012	-9.55010000E-012	*
-7.88620000E-007	-1.68650000E-006	5.00000000E-001	5.00000000E+000	7.88130000E-007	1.68100000E-006	2.70000000E+000	-1.40000000E-011	-1.39500000E-011	*
-8.56030000E-007	-1.88500000E-006	5.00000000E-001	5.00000000E+000	8.55330000E-007	1.88250000E-006	2.80000000E+000	2.52500000E-011	-1.44500000E-011	*
-9.24420000E-007	-2.09940000E-006	5.00000000E-001	5.00000000E+000	9.23700000E-007	2.09900000E-006	2.90000000E+000	-7.64990000E-012	3.55010000E-012	*
-9.94540000E-007	-2.32800000E-006	5.00000000E-001	5.00000000E+000	9.93900000E-007	2.32600000E-006	3.00000000E+000	1.75000000E-012	-3.10000000E-012	*
-1.06300000E-006	-2.57040000E-006	5.00000000E-001	5.00000000E+000	1.06250000E-006	2.56950000E-006	3.10000000E+000	-7.35010000E-012	-1.74500000E-011	*
-1.13550000E-006	-2.82950000E-006	5.00000000E-001	5.00000000E+000	1.13500000E-006	2.82550000E-006	3.20000000E+000	1.86000000E-011	1.27000000E-011	*
-1.20950000E-006	-3.10000000E-006	5.00000000E-001	5.00000000E+000	1.21000000E-006	3.09790000E-006	3.30000000E+000	-1.93500000E-011	-1.70000000E-011	*
-1.28250000E-006	-3.38790000E-006	5.00000000E-001	5.00000000E+000	1.28200000E-006	3.38500000E-006	3.40000000E+000	2.27000000E-011	-7.25000000E-012	*
-1.35850000E-006	-3.69140000E-006	5.00000000E-001	5.00000000E+000	1.35700000E-006	3.68640000E-006	3.50000000E+000	2.21500000E-011	1.51500000E-011	*
-1.43350000E-006	-4.00590000E-006	5.00000000E-001	5.00000000E+000	1.43400000E-006	4.00310000E-006	3.60000000E+000	-8.90000000E-012	-1.25000000E-011	*
-1.50850000E-006	-4.33740000E-006	5.00000000E-001	5.00000000E+000	1.50500000E-006	4.33340000E-006	3.70000000E+000	2.99990000E-011	-6.39980000E-012	*
-1.58600000E-006	-4.68250000E-006	5.00000000E-001	5.00000000E+000	1.58200000E-006	4.67990000E-006	3.80000000E+000	-1.42500000E-011	1.12500000E-011	*
-1.65550000E-006	-5.04200000E-006	5.00000000E-001	5.00000000E+000	1.65650000E-006	5.04060000E-006	3.90000000E+000	8.35020000E-012	9.20020000E-012	*
-1.73400000E-006	-5.41700000E-006	5.00000000E-001	5.00000000E+000	1.73450000E-006	5.41290000E-006	4.00000000E+000	1.68500000E-011	-1.84000000E-011	*

TEST RESULTS:  TRANSFER  04/28/2025  15:48:08


SETUP:OUTPUT  04/28/2025  15:48:57
DATE:04/28/2025
TIME:15:48:57

CONDITIONS:

ID:	D	
UNIT:	SMU2	
MODE: SWEEP	
START:	0	
STOP:	5	
PNTS:	51	
STEP:	0.1

ID:	G	
UNIT:	SMU4	
MODE: STEP	
START:	-2	
STOP:	4	
PNTS:	3	
STEP:	3

ID:	S	
UNIT:	SMU1	
MODE: CONST	
VALUE:	0

DATA:  OUTPUT  04/28/2025  15:48:57

IS	IS2	IS3	VD	ID	ID2	ID3	VG	VG2	VG3	IG	IG2	IG3	ACCSTRESS
2.81000000E-011	-5.70990000E-011	-9.83960000E-010	0.00000000E+000	1.05000000E-011	6.00520000E-011	8.40540000E-010	-2.00000000E+000	1.00000000E+000	4.00000000E+000	-2.60000000E-012	-8.10020000E-012	-1.02500000E-011	0.00000000E+000
-2.02000000E-011	-2.05300000E-008	-3.85540000E-007	1.00000000E-001	-1.51500000E-011	2.04100000E-008	3.84690000E-007	-2.00000000E+000	1.00000000E+000	4.00000000E+000	4.40000000E-012	-3.90000000E-012	-2.00000000E-012	*
1.31500000E-011	-3.52100000E-008	-7.39320000E-007	2.00000000E-001	-4.70000000E-012	3.53300000E-008	7.39290000E-007	-2.00000000E+000	1.00000000E+000	4.00000000E+000	-7.15000000E-012	-9.54510000E-011	-9.69980000E-012	*
3.05000000E-011	-4.60060000E-008	-1.07850000E-006	3.00000000E-001	5.50000000E-012	4.61840000E-008	1.07600000E-006	-2.00000000E+000	1.00000000E+000	4.00000000E+000	-2.03500000E-011	-1.53100000E-010	4.58000000E-011	*
2.63500000E-011	-5.34050000E-008	-1.39750000E-006	4.00000000E-001	1.95500000E-011	5.36260000E-008	1.39550000E-006	-2.00000000E+000	1.00000000E+000	4.00000000E+000	-8.49980000E-012	-1.73500000E-010	1.87500000E-011	*
1.50000000E-013	-5.82350000E-008	-1.69550000E-006	5.00000000E-001	1.74000000E-011	5.84900000E-008	1.69600000E-006	-2.00000000E+000	1.00000000E+000	4.00000000E+000	-3.30000000E-012	-1.81000000E-010	-1.50000000E-013	*
-2.71000000E-011	-6.12450000E-008	-1.97740000E-006	6.00000000E-001	4.50000000E-013	6.13910000E-008	1.97890000E-006	-2.00000000E+000	1.00000000E+000	4.00000000E+000	-6.99990000E-013	-1.79400000E-010	-7.49980000E-012	*
-2.50000000E-011	-6.29150000E-008	-2.24100000E-006	7.00000000E-001	1.20000000E-012	6.30460000E-008	2.23990000E-006	-2.00000000E+000	1.00000000E+000	4.00000000E+000	7.15000000E-012	-1.84100000E-010	-1.71500000E-011	*
-1.70000000E-011	-6.37560000E-008	-2.48440000E-006	8.00000000E-001	-9.80010000E-012	6.39050000E-008	2.48440000E-006	-2.00000000E+000	1.00000000E+000	4.00000000E+000	-2.45000000E-012	-1.78200000E-010	1.06500000E-011	*
1.32500000E-011	-6.41190000E-008	-2.71400000E-006	9.00000000E-001	-4.20000000E-012	6.42500000E-008	2.71050000E-006	-2.00000000E+000	1.00000000E+000	4.00000000E+000	-4.95000000E-012	-1.73550000E-010	1.29500000E-011	*
3.21500000E-011	-6.42900000E-008	-2.91990000E-006	1.00000000E+000	2.10000000E-012	6.44210000E-008	2.92140000E-006	-2.00000000E+000	1.00000000E+000	4.00000000E+000	-1.31000000E-011	-1.57350000E-010	2.41490000E-011	*
2.59000000E-011	-6.43450000E-008	-3.11100000E-006	1.10000000E+000	1.36500000E-011	6.44790000E-008	3.11200000E-006	-2.00000000E+000	1.00000000E+000	4.00000000E+000	-1.39000000E-011	-1.22050000E-010	-2.00000000E-012	*
7.95010000E-012	-6.43850000E-008	-3.28700000E-006	1.20000000E+000	1.73500000E-011	6.44650000E-008	3.29050000E-006	-2.00000000E+000	1.00000000E+000	4.00000000E+000	-8.74990000E-012	-8.95000000E-011	-2.94010000E-011	*
-1.57000000E-011	-6.43590000E-008	-3.45100000E-006	1.30000000E+000	1.33500000E-011	6.43990000E-008	3.45100000E-006	-2.00000000E+000	1.00000000E+000	4.00000000E+000	-8.39990000E-012	-7.14980000E-011	-2.92500000E-011	*
-2.89500000E-011	-6.43960000E-008	-3.59050000E-006	1.40000000E+000	-7.99970000E-013	6.43700000E-008	3.59200000E-006	-2.00000000E+000	1.00000000E+000	4.00000000E+000	8.70010000E-012	-5.87510000E-011	-7.60010000E-012	*
-2.54000000E-011	-6.43050000E-008	-3.72490000E-006	1.50000000E+000	-7.49980000E-012	6.43160000E-008	3.72450000E-006	-2.00000000E+000	1.00000000E+000	4.00000000E+000	2.80000000E-012	-6.34510000E-011	1.21000000E-011	*
-3.40000000E-012	-6.42210000E-008	-3.83750000E-006	1.60000000E+000	-3.05000000E-012	6.42760000E-008	3.84010000E-006	-2.00000000E+000	1.00000000E+000	4.00000000E+000	-6.39980000E-012	-6.04000000E-011	1.34000000E-011	*
2.88000000E-011	-6.42470000E-008	-3.94090000E-006	1.70000000E+000	2.35000000E-012	6.43010000E-008	3.94210000E-006	-2.00000000E+000	1.00000000E+000	4.00000000E+000	-9.44970000E-012	-5.33490000E-011	1.91500000E-011	*
3.39500000E-011	-6.42290000E-008	-4.03010000E-006	1.80000000E+000	1.79500000E-011	6.42680000E-008	4.03590000E-006	-2.00000000E+000	1.00000000E+000	4.00000000E+000	-1.75000000E-011	-3.90500000E-011	-1.92000000E-011	*
2.25500000E-011	-6.42290000E-008	-4.11850000E-006	1.90000000E+000	1.80500000E-011	6.42540000E-008	4.11740000E-006	-2.00000000E+000	1.00000000E+000	4.00000000E+000	-1.50500000E-011	-3.73500000E-011	-2.88000000E-011	*
-4.70000000E-012	-6.42100000E-008	-4.18700000E-006	2.00000000E+000	1.71500000E-011	6.41850000E-008	4.19310000E-006	-2.00000000E+000	1.00000000E+000	4.00000000E+000	-2.90000000E-012	-2.66500000E-011	-1.96000000E-011	*
-3.06490000E-011	-6.41590000E-008	-4.25290000E-006	2.10000000E+000	-1.85000000E-012	6.41190000E-008	4.25640000E-006	-2.00000000E+000	1.00000000E+000	4.00000000E+000	-1.15000000E-012	-2.34000000E-011	-1.13500000E-011	*
-2.43500000E-011	-6.40940000E-008	-4.31780000E-006	2.20000000E+000	-7.04990000E-012	6.40900000E-008	4.31690000E-006	-2.00000000E+000	1.00000000E+000	4.00000000E+000	6.99990000E-013	-3.72010000E-011	-6.74990000E-012	*
-9.99980000E-013	-6.40680000E-008	-4.36390000E-006	2.30000000E+000	-1.99990000E-013	6.40650000E-008	4.36700000E-006	-2.00000000E+000	1.00000000E+000	4.00000000E+000	-5.09990000E-012	-3.67490000E-011	-1.75000000E-012	*
2.14000000E-011	-6.40210000E-008	-4.41280000E-006	2.40000000E+000	-2.40000000E-012	6.40610000E-008	4.41450000E-006	-2.00000000E+000	1.00000000E+000	4.00000000E+000	-5.15010000E-012	-3.74000000E-011	-4.62490000E-011	*
3.05500000E-011	-6.40280000E-008	-4.45760000E-006	2.50000000E+000	1.65500000E-011	6.40900000E-008	4.45590000E-006	-2.00000000E+000	1.00000000E+000	4.00000000E+000	-2.07490000E-011	-2.69500000E-011	-8.65010000E-011	*
2.87000000E-011	-6.40390000E-008	-4.49550000E-006	2.60000000E+000	2.29500000E-011	6.40140000E-008	4.49340000E-006	-2.00000000E+000	1.00000000E+000	4.00000000E+000	-1.26500000E-011	-4.40000000E-012	-1.13650000E-010	*
5.20000000E-012	-6.40250000E-008	-4.53040000E-006	2.70000000E+000	1.28000000E-011	6.39700000E-008	4.52650000E-006	-2.00000000E+000	1.00000000E+000	4.00000000E+000	-6.44990000E-012	-1.55000000E-011	-1.52050000E-010	*
-2.61000000E-011	-6.39450000E-008	-4.56190000E-006	2.80000000E+000	4.20000000E-012	6.39190000E-008	4.56090000E-006	-2.00000000E+000	1.00000000E+000	4.00000000E+000	2.84990000E-012	-1.32000000E-011	-1.55650000E-010	*
-2.71990000E-011	-6.38940000E-008	-4.58960000E-006	2.90000000E+000	6.50000000E-013	6.38650000E-008	4.58960000E-006	-2.00000000E+000	1.00000000E+000	4.00000000E+000	-1.65000000E-012	-2.57500000E-011	-1.85350000E-010	*
-1.69500000E-011	-6.38940000E-008	-4.62100000E-006	3.00000000E+000	-5.05000000E-012	6.38650000E-008	4.62010000E-006	-2.00000000E+000	1.00000000E+000	4.00000000E+000	-7.04990000E-012	-2.81500000E-011	-1.96200000E-010	*
1.02000000E-011	-6.37700000E-008	-4.64330000E-006	3.10000000E+000	-5.25000000E-012	6.38750000E-008	4.64540000E-006	-2.00000000E+000	1.00000000E+000	4.00000000E+000	-9.69980000E-012	-1.34500000E-011	-1.96350000E-010	*
3.50490000E-011	-6.38540000E-008	-4.66450000E-006	3.20000000E+000	1.18500000E-011	6.38350000E-008	4.66450000E-006	-2.00000000E+000	1.00000000E+000	4.00000000E+000	-1.65500000E-011	-1.03500000E-011	-2.07150000E-010	*
2.87000000E-011	-6.38650000E-008	-4.68550000E-006	3.30000000E+000	2.35000000E-011	6.38140000E-008	4.68740000E-006	-2.00000000E+000	1.00000000E+000	4.00000000E+000	-8.20010000E-012	-5.20000000E-012	-2.15300000E-010	*
7.25000000E-012	-6.37660000E-008	-4.70550000E-006	3.40000000E+000	1.82500000E-011	6.37340000E-008	4.70600000E-006	-2.00000000E+000	1.00000000E+000	4.00000000E+000	-1.02000000E-011	4.99990000E-013	-2.01150000E-010	*
-2.08000000E-011	-6.37560000E-008	-4.72040000E-006	3.50000000E+000	6.40000000E-012	6.37050000E-008	4.72250000E-006	-2.00000000E+000	1.00000000E+000	4.00000000E+000	-1.00000000E-013	-1.08500000E-011	-1.62450000E-010	*
-2.80490000E-011	-6.36500000E-008	-4.74000000E-006	3.60000000E+000	-6.99990000E-013	6.36900000E-008	4.73950000E-006	-2.00000000E+000	1.00000000E+000	4.00000000E+000	3.25000000E-012	-2.25000000E-011	-1.58400000E-010	*
-2.22000000E-011	-6.36350000E-008	-4.75490000E-006	3.70000000E+000	-8.30000000E-012	6.36390000E-008	4.75490000E-006	-2.00000000E+000	1.00000000E+000	4.00000000E+000	-4.79990000E-012	-2.34500000E-011	-1.35600000E-010	*
5.89990000E-012	-6.36060000E-008	-4.76740000E-006	3.80000000E+000	-7.99970000E-013	6.36680000E-008	4.76650000E-006	-2.00000000E+000	1.00000000E+000	4.00000000E+000	-1.50000000E-013	-2.39500000E-011	-1.30850000E-010	*
2.76500000E-011	-6.35990000E-008	-4.78350000E-006	3.90000000E+000	9.59990000E-012	6.36940000E-008	4.78350000E-006	-2.00000000E+000	1.00000000E+000	4.00000000E+000	-1.33500000E-011	-5.89990000E-012	-1.31100000E-010	*
3.16490000E-011	-6.36460000E-008	-4.79400000E-006	4.00000000E+000	2.70500000E-011	6.36210000E-008	4.79750000E-006	-2.00000000E+000	1.00000000E+000	4.00000000E+000	-1.69500000E-011	7.50010000E-013	-1.00250000E-010	*
1.39500000E-011	-6.36100000E-008	-4.80540000E-006	4.10000000E+000	2.34000000E-011	6.35660000E-008	4.80700000E-006	-2.00000000E+000	1.00000000E+000	4.00000000E+000	-1.80500000E-011	8.55000000E-012	-8.32510000E-011	*
-1.69000000E-011	-6.35660000E-008	-4.81700000E-006	4.20000000E+000	1.44500000E-011	6.34860000E-008	4.81630000E-006	-2.00000000E+000	1.00000000E+000	4.00000000E+000	-7.70000000E-012	-4.20000000E-012	-7.41490000E-011	*
-3.01000000E-011	-6.34790000E-008	-4.82190000E-006	4.30000000E+000	1.00500000E-011	6.34640000E-008	4.82450000E-006	-2.00000000E+000	1.00000000E+000	4.00000000E+000	-6.39980000E-012	-1.73000000E-011	-5.29000000E-011	*
-2.24500000E-011	-6.34500000E-008	-4.83100000E-006	4.40000000E+000	2.90000000E-012	6.35010000E-008	4.83190000E-006	-2.00000000E+000	1.00000000E+000	4.00000000E+000	-1.85000000E-011	-1.92500000E-011	-7.04010000E-011	*
1.75000000E-012	-6.34210000E-008	-4.83710000E-006	4.50000000E+000	1.40500000E-011	6.34720000E-008	4.83940000E-006	-2.00000000E+000	1.00000000E+000	4.00000000E+000	-2.47000000E-011	-1.43000000E-011	-8.48000000E-011	*
3.05500000E-011	-6.34130000E-008	-4.84450000E-006	4.60000000E+000	3.28010000E-011	6.34460000E-008	4.84540000E-006	-2.00000000E+000	1.00000000E+000	4.00000000E+000	-3.47490000E-011	-5.50000000E-013	-7.73000000E-011	*
3.27510000E-011	-6.34350000E-008	-4.84680000E-006	4.70000000E+000	4.74500000E-011	6.34540000E-008	4.85150000E-006	-2.00000000E+000	1.00000000E+000	4.00000000E+000	-5.13000000E-011	-1.40000000E-012	-6.67480000E-011	*
9.80010000E-012	-6.33550000E-008	-4.85800000E-006	4.80000000E+000	6.73490000E-011	6.33520000E-008	4.85500000E-006	-2.00000000E+000	1.00000000E+000	4.00000000E+000	-4.57500000E-011	6.05010000E-012	-4.22510000E-011	*
-1.93000000E-011	-6.33810000E-008	-4.85990000E-006	4.90000000E+000	7.09510000E-011	6.33040000E-008	4.86100000E-006	-2.00000000E+000	1.00000000E+000	4.00000000E+000	-6.16500000E-011	4.99990000E-013	-3.74000000E-011	*
-3.10510000E-011	-6.32750000E-008	-4.86100000E-006	5.00000000E+000	8.27000000E-011	6.33120000E-008	4.86290000E-006	-2.00000000E+000	1.00000000E+000	4.00000000E+000	-7.80500000E-011	-1.39000000E-011	-3.74490000E-011	*

TEST RESULTS:  OUTPUT  04/28/2025  15:48:57


