ATTRIBUTES:

Attribute #1:C:\Metrics\ics\projects\6.2600J_S25\transistor_measurement.ics
Attribute #2:Test
Attribute #3:dev1
Attribute #4:PASSED
SETUP:TRANSFER  04/28/2025  16:14:05
DATE:04/28/2025
TIME:16:14:05

CONDITIONS:

ID:	D	
UNIT:	SMU2	
MODE: STEP	
START:	0.5	
STOP:	5	
PNTS:	2	
STEP:	4.5

ID:	G	
UNIT:	SMU4	
MODE: SWEEP	
START:	-2	
STOP:	4	
PNTS:	61	
STEP:	0.1

ID:	S	
UNIT:	SMU1	
MODE: CONST	
VALUE:	0

DATA:  TRANSFER  04/28/2025  16:14:05

IS	IS2	VD	VD2	ID	ID2	VG	IG	IG2	ACCSTRESS
2.57000000E-011	-2.71500000E-011	5.00000000E-001	5.00000000E+000	-2.70000000E-012	1.14500000E-011	-2.00000000E+000	9.50020000E-013	-2.56500000E-011	0.00000000E+000
-1.13500000E-011	3.03510000E-011	5.00000000E-001	5.00000000E+000	-7.29990000E-012	1.75000000E-011	-1.90000000E+000	5.94990000E-012	-1.48500000E-011	*
2.37000000E-011	2.25000000E-011	5.00000000E-001	5.00000000E+000	-3.69990000E-012	2.39000000E-011	-1.80000000E+000	-8.55000000E-012	-1.41500000E-011	*
3.42500000E-011	-4.54990000E-012	5.00000000E-001	5.00000000E+000	4.45000000E-012	2.48000000E-011	-1.70000000E+000	-3.00010000E-012	6.50000000E-013	*
2.91500000E-011	-3.10510000E-011	5.00000000E-001	5.00000000E+000	1.15500000E-011	4.65010000E-012	-1.60000000E+000	-3.15000000E-012	9.40000000E-012	*
-2.45000000E-012	-3.08500000E-011	5.00000000E-001	5.00000000E+000	1.02500000E-011	-3.40000000E-012	-1.50000000E+000	5.30000000E-012	5.64990000E-012	*
-3.40000000E-011	-8.10020000E-012	5.00000000E-001	5.00000000E+000	-3.50000000E-012	-2.95000000E-012	-1.40000000E+000	1.42500000E-011	-1.85000000E-012	*
-2.98000000E-011	2.08500000E-011	5.00000000E-001	5.00000000E+000	-1.30000000E-011	2.95000000E-012	-1.30000000E+000	3.05000000E-012	-3.90000000E-012	*
-8.35020000E-012	2.97500000E-011	5.00000000E-001	5.00000000E+000	-1.74000000E-011	1.52500000E-011	-1.20000000E+000	8.10020000E-012	-1.11500000E-011	*
1.69000000E-011	2.45000000E-011	5.00000000E-001	5.00000000E+000	-4.35010000E-012	1.98000000E-011	-1.10000000E+000	4.15000000E-012	-2.80000000E-012	*
3.75510000E-011	-4.50000000E-012	5.00000000E-001	5.00000000E+000	8.05000000E-012	1.79000000E-011	-1.00000000E+000	-1.24500000E-011	2.00000000E-012	*
2.28500000E-011	-2.88000000E-011	5.00000000E-001	5.00000000E+000	1.42000000E-011	6.95000000E-012	-9.00000000E-001	2.90000000E-012	1.05500000E-011	*
-1.26500000E-011	-3.12000000E-011	5.00000000E-001	5.00000000E+000	1.03500000E-011	-1.03000000E-011	-8.00000000E-001	1.32500000E-011	7.79990000E-012	*
-3.12500000E-011	-1.25000000E-011	5.00000000E-001	5.00000000E+000	-1.50000000E-013	4.50000000E-013	-7.00000000E-001	8.74990000E-012	5.60000000E-012	*
-3.34510000E-011	1.64500000E-011	5.00000000E-001	5.00000000E+000	-1.42000000E-011	-1.05000000E-012	-6.00000000E-001	9.74990000E-012	4.75000000E-012	*
-1.45000000E-011	3.24500000E-011	5.00000000E-001	5.00000000E+000	-5.34990000E-012	1.37000000E-011	-5.00000000E-001	6.90000000E-012	-8.24980000E-012	*
8.70010000E-012	2.33500000E-011	5.00000000E-001	5.00000000E+000	-3.19990000E-012	1.23500000E-011	-4.00000000E-001	3.45000000E-012	6.30010000E-012	*
6.40000000E-012	-3.50000000E-013	5.00000000E-001	5.00000000E+000	2.45000000E-011	1.68500000E-011	-3.00000000E-001	-1.75000000E-012	9.20020000E-012	*
-4.34000000E-011	-3.13490000E-011	5.00000000E-001	5.00000000E+000	8.35490000E-011	2.40000000E-012	-2.00000000E-001	1.00000000E-011	1.02000000E-011	*
-1.43050000E-010	-3.90500000E-011	5.00000000E-001	5.00000000E+000	1.44650000E-010	-4.99980000E-014	-1.00000000E-001	7.95010000E-012	1.44000000E-011	*
-2.85450000E-010	-4.38500000E-011	5.00000000E-001	5.00000000E+000	2.55550000E-010	2.29500000E-011	0.00000000E+000	9.55010000E-012	8.95020000E-012	*
-4.89140000E-010	-4.89490000E-011	5.00000000E-001	5.00000000E+000	4.52940000E-010	6.28510000E-011	1.00000000E-001	1.53500000E-011	4.99990000E-013	*
-7.91540000E-010	-9.64990000E-011	5.00000000E-001	5.00000000E+000	7.78640000E-010	1.36650000E-010	2.00000000E-001	1.57500000E-011	8.90000000E-012	*
-9.70320000E-010	-2.05500000E-010	5.00000000E-001	5.00000000E+000	9.23110000E-010	2.44450000E-010	3.00000000E-001	-4.35010000E-012	-5.00000000E-012	*
-1.25750000E-009	-3.99200000E-010	5.00000000E-001	5.00000000E+000	1.23200000E-009	4.06050000E-010	4.00000000E-001	5.30000000E-012	1.00500000E-011	*
-1.90800000E-009	-6.92890000E-010	5.00000000E-001	5.00000000E+000	1.93540000E-009	6.70100000E-010	5.00000000E-001	-1.80000000E-012	2.29000000E-011	*
-3.03540000E-009	-9.97600000E-010	5.00000000E-001	5.00000000E+000	3.09340000E-009	1.02650000E-009	6.00000000E-001	5.20000000E-012	-2.70000000E-012	*
-4.80280000E-009	-1.57600000E-009	5.00000000E-001	5.00000000E+000	4.84900000E-009	1.60650000E-009	7.00000000E-001	-3.55010000E-012	-1.40000000E-012	*
-7.54060000E-009	-2.63140000E-009	5.00000000E-001	5.00000000E+000	7.56330000E-009	2.63200000E-009	8.00000000E-001	9.84990000E-012	9.40000000E-012	*
-9.40690000E-009	-4.26440000E-009	5.00000000E-001	5.00000000E+000	8.87890000E-009	4.24440000E-009	9.00000000E-001	-5.89990000E-012	1.33500000E-011	*
-1.16850000E-008	-6.76140000E-009	5.00000000E-001	5.00000000E+000	1.15400000E-008	6.73770000E-009	1.00000000E+000	5.25000000E-012	8.45010000E-012	*
-1.71900000E-008	-9.98390000E-009	5.00000000E-001	5.00000000E+000	1.70850000E-008	9.52880000E-009	1.10000000E+000	1.15500000E-011	2.05000000E-012	*
-2.68000000E-008	-1.26350000E-008	5.00000000E-001	5.00000000E+000	2.66500000E-008	1.21500000E-008	1.20000000E+000	-4.84990000E-012	4.84990000E-012	*
-4.13890000E-008	-1.85900000E-008	5.00000000E-001	5.00000000E+000	4.12350000E-008	1.85500000E-008	1.30000000E+000	3.85000000E-012	1.47500000E-011	*
-6.31660000E-008	-2.94300000E-008	5.00000000E-001	5.00000000E+000	6.26100000E-008	2.93050000E-008	1.40000000E+000	8.74990000E-012	1.22000000E-011	*
-9.46090000E-008	-4.67440000E-008	5.00000000E-001	5.00000000E+000	9.37830000E-008	4.63750000E-008	1.50000000E+000	1.09500000E-011	9.24990000E-012	*
-1.11900000E-007	-7.25340000E-008	5.00000000E-001	5.00000000E+000	1.09150000E-007	7.24360000E-008	1.60000000E+000	1.16500000E-011	-3.55010000E-012	*
-1.51650000E-007	-9.36850000E-008	5.00000000E-001	5.00000000E+000	1.51400000E-007	8.98400000E-008	1.70000000E+000	-9.99980000E-013	-4.84990000E-012	*
-2.28550000E-007	-1.12900000E-007	5.00000000E-001	5.00000000E+000	2.28440000E-007	1.11000000E-007	1.80000000E+000	-1.00000000E-013	-1.35500000E-011	*
-3.38900000E-007	-1.67190000E-007	5.00000000E-001	5.00000000E+000	3.37400000E-007	1.66790000E-007	1.90000000E+000	2.40000000E-012	3.30000000E-012	*
-4.96190000E-007	-2.62440000E-007	5.00000000E-001	5.00000000E+000	4.95350000E-007	2.61850000E-007	2.00000000E+000	1.71990000E-011	-1.00000000E-013	*
-7.25590000E-007	-4.06800000E-007	5.00000000E-001	5.00000000E+000	7.23720000E-007	4.05140000E-007	2.10000000E+000	1.07500000E-011	1.74500000E-011	*
-1.02750000E-006	-6.22940000E-007	5.00000000E-001	5.00000000E+000	1.02390000E-006	6.21050000E-007	2.20000000E+000	2.34000000E-011	1.16000000E-011	*
-1.12300000E-006	-9.40280000E-007	5.00000000E-001	5.00000000E+000	1.07350000E-006	9.38280000E-007	2.30000000E+000	8.65000000E-012	8.99990000E-012	*
-1.37900000E-006	-1.19350000E-006	5.00000000E-001	5.00000000E+000	1.37250000E-006	1.16000000E-006	2.40000000E+000	1.86500000E-011	-3.40000000E-012	*
-1.99350000E-006	-1.61700000E-006	5.00000000E-001	5.00000000E+000	1.98900000E-006	1.61250000E-006	2.50000000E+000	1.28000000E-011	-1.35000000E-012	*
-2.80350000E-006	-2.43800000E-006	5.00000000E-001	5.00000000E+000	2.79750000E-006	2.43800000E-006	2.60000000E+000	1.32500000E-011	2.05000000E-012	*
-3.87410000E-006	-3.61840000E-006	5.00000000E-001	5.00000000E+000	3.86500000E-006	3.60750000E-006	2.70000000E+000	4.29990000E-012	4.60010000E-012	*
-5.22290000E-006	-5.30200000E-006	5.00000000E-001	5.00000000E+000	5.20050000E-006	5.29430000E-006	2.80000000E+000	3.30000000E-012	1.30500000E-011	*
-6.85690000E-006	-7.58800000E-006	5.00000000E-001	5.00000000E+000	6.83450000E-006	7.60290000E-006	2.90000000E+000	1.21500000E-011	9.40000000E-012	*
-8.86390000E-006	-9.13260000E-006	5.00000000E-001	5.00000000E+000	8.83590000E-006	8.88250000E-006	3.00000000E+000	1.99500000E-011	6.90000000E-012	*
-8.93190000E-006	-9.95400000E-006	5.00000000E-001	5.00000000E+000	8.60960000E-006	9.70530000E-006	3.10000000E+000	1.60000000E-012	4.50000000E-013	*
-9.83150000E-006	-1.14550000E-005	5.00000000E-001	5.00000000E+000	9.78960000E-006	1.12750000E-005	3.20000000E+000	1.70000000E-011	-8.55000000E-012	*
-1.08300000E-005	-1.50650000E-005	5.00000000E-001	5.00000000E+000	1.05650000E-005	1.50400000E-005	3.30000000E+000	6.70000000E-012	6.00010000E-012	*
-1.22200000E-005	-2.14700000E-005	5.00000000E-001	5.00000000E+000	1.22000000E-005	2.13850000E-005	3.40000000E+000	5.60000000E-012	2.01000000E-011	*
-1.55000000E-005	-2.97340000E-005	5.00000000E-001	5.00000000E+000	1.54940000E-005	2.96940000E-005	3.50000000E+000	-1.05000000E-012	8.49980000E-012	*
-1.89240000E-005	-3.99740000E-005	5.00000000E-001	5.00000000E+000	1.89000000E-005	3.99090000E-005	3.60000000E+000	-5.50000000E-013	7.25000000E-012	*
-2.24240000E-005	-5.23790000E-005	5.00000000E-001	5.00000000E+000	2.23450000E-005	5.22750000E-005	3.70000000E+000	1.09500000E-011	-2.45000000E-012	*
-2.57900000E-005	-6.63550000E-005	5.00000000E-001	5.00000000E+000	2.57400000E-005	6.61980000E-005	3.80000000E+000	2.37990000E-011	4.75000000E-012	*
-2.90500000E-005	-8.16550000E-005	5.00000000E-001	5.00000000E+000	2.89800000E-005	8.14500000E-005	3.90000000E+000	1.23500000E-011	2.55000000E-012	*
-3.20750000E-005	-9.71740000E-005	5.00000000E-001	5.00000000E+000	3.20240000E-005	9.70330000E-005	4.00000000E+000	1.15500000E-011	8.24980000E-012	*

TEST RESULTS:  TRANSFER  04/28/2025  16:14:05


SETUP:OUTPUT  04/28/2025  16:14:47
DATE:04/28/2025
TIME:16:14:47

CONDITIONS:

ID:	D	
UNIT:	SMU2	
MODE: SWEEP	
START:	0	
STOP:	5	
PNTS:	51	
STEP:	0.1

ID:	G	
UNIT:	SMU4	
MODE: STEP	
START:	-2	
STOP:	4	
PNTS:	3	
STEP:	3

ID:	S	
UNIT:	SMU1	
MODE: CONST	
VALUE:	0

DATA:  OUTPUT  04/28/2025  16:14:47

IS	IS2	IS3	VD	ID	ID2	ID3	VG	VG2	VG3	IG	IG2	IG3	ACCSTRESS
2.24500000E-011	1.35500000E-011	-1.52900000E-008	0.00000000E+000	1.01000000E-011	2.06500000E-011	1.52650000E-008	-2.00000000E+000	1.00000000E+000	4.00000000E+000	5.20000000E-012	5.64990000E-012	7.10010000E-012	0.00000000E+000
-2.78000000E-011	-1.35650000E-009	-5.63290000E-006	1.00000000E-001	-2.49990000E-013	1.39850000E-009	5.50640000E-006	-2.00000000E+000	1.00000000E+000	4.00000000E+000	9.20020000E-012	-7.79990000E-012	-7.50010000E-013	*
-3.01000000E-011	-2.39490000E-009	-9.19260000E-006	2.00000000E-001	-8.05000000E-012	2.41200000E-009	9.18660000E-006	-2.00000000E+000	1.00000000E+000	4.00000000E+000	-6.99990000E-013	3.85000000E-012	-4.29990000E-012	*
-9.59990000E-012	-3.27650000E-009	-1.26350000E-005	3.00000000E-001	-9.34980000E-012	3.25500000E-009	1.26250000E-005	-2.00000000E+000	1.00000000E+000	4.00000000E+000	8.49980000E-013	1.15000000E-011	6.70000000E-012	*
2.22000000E-011	-3.98790000E-009	-1.59000000E-005	4.00000000E-001	2.05000000E-012	3.96130000E-009	1.58950000E-005	-2.00000000E+000	1.00000000E+000	4.00000000E+000	-1.08000000E-011	6.85010000E-012	1.03000000E-011	*
2.88500000E-011	-4.52340000E-009	-1.88400000E-005	5.00000000E-001	1.50500000E-011	4.52250000E-009	1.87950000E-005	-2.00000000E+000	1.00000000E+000	4.00000000E+000	-6.90000000E-012	4.40000000E-012	-1.35000000E-012	*
2.40500000E-011	-4.95580000E-009	-2.15100000E-005	6.00000000E-001	1.38000000E-011	4.99740000E-009	2.14850000E-005	-2.00000000E+000	1.00000000E+000	4.00000000E+000	-6.74990000E-012	-6.19990000E-012	2.50000000E-012	*
-4.84990000E-012	-5.32580000E-009	-2.38740000E-005	7.00000000E-001	2.10000000E-011	5.38740000E-009	2.38600000E-005	-2.00000000E+000	1.00000000E+000	4.00000000E+000	-2.49990000E-013	-7.15000000E-012	-6.44990000E-012	*
-3.01500000E-011	-5.63480000E-009	-2.58900000E-005	8.00000000E-001	3.60000000E-012	5.69840000E-009	2.58690000E-005	-2.00000000E+000	1.00000000E+000	4.00000000E+000	3.99990000E-012	-5.99990000E-013	-6.95000000E-012	*
-2.90500000E-011	-5.84330000E-009	-2.77050000E-005	9.00000000E-001	-5.30000000E-012	5.88900000E-009	2.76740000E-005	-2.00000000E+000	1.00000000E+000	4.00000000E+000	-1.20000000E-012	-6.79990000E-012	8.99990000E-012	*
-9.80010000E-012	-6.02250000E-009	-2.93650000E-005	1.00000000E+000	-5.09990000E-012	6.02130000E-009	2.93300000E-005	-2.00000000E+000	1.00000000E+000	4.00000000E+000	-2.60000000E-012	1.95000000E-012	1.02500000E-011	*
1.84500000E-011	-6.16930000E-009	-3.07390000E-005	1.10000000E+000	-9.50020000E-013	6.16300000E-009	3.07240000E-005	-2.00000000E+000	1.00000000E+000	4.00000000E+000	-4.45000000E-012	6.55010000E-012	7.25000000E-012	*
2.91500000E-011	-6.16680000E-009	-3.18850000E-005	1.20000000E+000	1.38000000E-011	6.19090000E-009	3.18610000E-005	-2.00000000E+000	1.00000000E+000	4.00000000E+000	-1.39500000E-011	5.64990000E-012	2.95000000E-012	*
2.57000000E-011	-6.14540000E-009	-3.29300000E-005	1.30000000E+000	2.41000000E-011	6.18390000E-009	3.29050000E-005	-2.00000000E+000	1.00000000E+000	4.00000000E+000	-5.75010000E-012	-4.15000000E-012	-4.65010000E-012	*
8.00000000E-013	-6.10040000E-009	-3.38290000E-005	1.40000000E+000	2.10500000E-011	6.16640000E-009	3.38000000E-005	-2.00000000E+000	1.00000000E+000	4.00000000E+000	-1.10000000E-012	-8.49980000E-013	-7.35010000E-012	*
-2.84000000E-011	-6.12140000E-009	-3.45090000E-005	1.50000000E+000	6.49990000E-012	6.18390000E-009	3.44350000E-005	-2.00000000E+000	1.00000000E+000	4.00000000E+000	6.55010000E-012	-1.06500000E-011	7.64990000E-012	*
-3.06490000E-011	-6.11180000E-009	-3.50850000E-005	1.60000000E+000	-1.10000000E-012	6.14390000E-009	3.50490000E-005	-2.00000000E+000	1.00000000E+000	4.00000000E+000	5.64990000E-012	2.00000000E-013	9.40000000E-012	*
-1.87000000E-011	-6.09640000E-009	-3.56040000E-005	1.70000000E+000	-6.39980000E-012	6.10040000E-009	3.55900000E-005	-2.00000000E+000	1.00000000E+000	4.00000000E+000	1.01500000E-011	5.20000000E-012	5.80000000E-012	*
1.27000000E-011	-6.08040000E-009	-3.58690000E-005	1.80000000E+000	3.00010000E-012	6.06380000E-009	3.58950000E-005	-2.00000000E+000	1.00000000E+000	4.00000000E+000	-5.15010000E-012	4.20000000E-012	7.15000000E-012	*
3.27510000E-011	-6.06540000E-009	-3.62190000E-005	1.90000000E+000	9.84990000E-012	6.08090000E-009	3.62540000E-005	-2.00000000E+000	1.00000000E+000	4.00000000E+000	-8.80000000E-012	5.85000000E-012	-1.50000000E-012	*
2.66500000E-011	-6.02430000E-009	-3.62790000E-005	2.00000000E+000	2.42000000E-011	6.08090000E-009	3.62450000E-005	-2.00000000E+000	1.00000000E+000	4.00000000E+000	-7.95010000E-012	-6.60010000E-012	-4.29990000E-012	*
2.30000000E-012	-5.97080000E-009	-3.62690000E-005	2.10000000E+000	2.25500000E-011	6.04250000E-009	3.62540000E-005	-2.00000000E+000	1.00000000E+000	4.00000000E+000	-6.65000000E-012	-3.10000000E-012	-6.15000000E-012	*
-2.37000000E-011	-5.95290000E-009	-3.62950000E-005	2.20000000E+000	6.74990000E-012	6.02840000E-009	3.62690000E-005	-2.00000000E+000	1.00000000E+000	4.00000000E+000	4.05010000E-012	-1.08500000E-011	1.45000000E-012	*
-3.11000000E-011	-5.98200000E-009	-3.62950000E-005	2.30000000E+000	-1.99990000E-013	6.00630000E-009	3.63250000E-005	-2.00000000E+000	1.00000000E+000	4.00000000E+000	4.65010000E-012	-1.00000000E-013	7.25000000E-012	*
-2.44000000E-011	-6.00750000E-009	-3.60290000E-005	2.40000000E+000	1.70000000E-012	6.00290000E-009	3.60350000E-005	-2.00000000E+000	1.00000000E+000	4.00000000E+000	-6.50000000E-013	9.49990000E-012	2.95000000E-012	*
3.10000000E-012	-5.98950000E-009	-3.59250000E-005	2.50000000E+000	-3.65000000E-012	5.97950000E-009	3.58750000E-005	-2.00000000E+000	1.00000000E+000	4.00000000E+000	-5.50000000E-013	-5.99990000E-013	2.65000000E-012	*
2.65000000E-011	-5.95740000E-009	-3.56450000E-005	2.60000000E+000	1.22000000E-011	5.96330000E-009	3.56340000E-005	-2.00000000E+000	1.00000000E+000	4.00000000E+000	-1.19500000E-011	5.20000000E-012	-8.05000000E-012	*
2.88500000E-011	-5.87240000E-009	-3.54740000E-005	2.70000000E+000	2.18500000E-011	5.92080000E-009	3.54350000E-005	-2.00000000E+000	1.00000000E+000	4.00000000E+000	-6.30010000E-012	-3.19990000E-012	-1.24000000E-011	*
1.31000000E-011	-5.84490000E-009	-3.52240000E-005	2.80000000E+000	2.01500000E-011	5.92830000E-009	3.51850000E-005	-2.00000000E+000	1.00000000E+000	4.00000000E+000	-1.75000000E-012	-9.05010000E-012	-3.60000000E-012	*
-1.51500000E-011	-5.83280000E-009	-3.49000000E-005	2.90000000E+000	2.10500000E-011	5.90030000E-009	3.48690000E-005	-2.00000000E+000	1.00000000E+000	4.00000000E+000	-1.40000000E-012	-6.90000000E-012	7.45000000E-012	*
-2.86000000E-011	-5.83740000E-009	-3.46250000E-005	3.00000000E+000	6.30010000E-012	5.87780000E-009	3.46600000E-005	-2.00000000E+000	1.00000000E+000	4.00000000E+000	8.74990000E-012	2.20000000E-012	2.80000000E-012	*
-2.85490000E-011	-5.84690000E-009	-3.42650000E-005	3.10000000E+000	-5.39990000E-012	5.83690000E-009	3.42240000E-005	-2.00000000E+000	1.00000000E+000	4.00000000E+000	1.15000000E-012	7.60010000E-012	-3.99980000E-013	*
-4.95000000E-012	-5.80940000E-009	-3.39040000E-005	3.20000000E+000	2.65000000E-012	5.80940000E-009	3.37900000E-005	-2.00000000E+000	1.00000000E+000	4.00000000E+000	-1.05000000E-012	8.55000000E-012	-1.30000000E-012	*
1.80500000E-011	-5.79390000E-009	-3.34790000E-005	3.30000000E+000	1.55000000E-012	5.81650000E-009	3.35500000E-005	-2.00000000E+000	1.00000000E+000	4.00000000E+000	-8.84980000E-012	1.75000000E-012	-9.20020000E-012	*
3.01000000E-011	-5.71020000E-009	-3.31760000E-005	3.40000000E+000	1.74000000E-011	5.77480000E-009	3.32090000E-005	-2.00000000E+000	1.00000000E+000	4.00000000E+000	-2.95000000E-012	-2.50000000E-012	-2.90000000E-012	*
2.24000000E-011	-5.68640000E-009	-3.28850000E-005	3.50000000E+000	2.48000000E-011	5.76140000E-009	3.28440000E-005	-2.00000000E+000	1.00000000E+000	4.00000000E+000	-1.33000000E-011	-8.30000000E-012	-6.65000000E-012	*
-7.15000000E-012	-5.70230000E-009	-3.24140000E-005	3.60000000E+000	2.36000000E-011	5.76190000E-009	3.24140000E-005	-2.00000000E+000	1.00000000E+000	4.00000000E+000	-8.49980000E-013	-4.84990000E-012	1.21500000E-011	*
-2.18000000E-011	-5.65730000E-009	-3.20390000E-005	3.70000000E+000	1.14500000E-011	5.69800000E-009	3.20540000E-005	-2.00000000E+000	1.00000000E+000	4.00000000E+000	4.84990000E-012	2.75000000E-012	1.55000000E-012	*
-3.04500000E-011	-5.67890000E-009	-3.19050000E-005	3.80000000E+000	2.80000000E-012	5.68180000E-009	3.18850000E-005	-2.00000000E+000	1.00000000E+000	4.00000000E+000	3.05000000E-012	2.20000000E-012	9.50020000E-013	*
-1.19500000E-011	-5.65340000E-009	-3.14340000E-005	3.90000000E+000	8.49980000E-013	5.64640000E-009	3.14600000E-005	-2.00000000E+000	1.00000000E+000	4.00000000E+000	3.35000000E-012	1.95000000E-012	8.55000000E-012	*
2.15500000E-011	-5.62430000E-009	-3.12790000E-005	4.00000000E+000	4.60010000E-012	5.64590000E-009	3.12590000E-005	-2.00000000E+000	1.00000000E+000	4.00000000E+000	-7.79990000E-012	-1.00000000E-013	-1.47500000E-011	*
3.49500000E-011	-5.55090000E-009	-3.09590000E-005	4.10000000E+000	1.71000000E-011	5.61230000E-009	3.09400000E-005	-2.00000000E+000	1.00000000E+000	4.00000000E+000	-1.38500000E-011	-7.15000000E-012	-7.15000000E-012	*
2.19500000E-011	-5.55880000E-009	-3.06700000E-005	4.20000000E+000	2.06500000E-011	5.62290000E-009	3.06290000E-005	-2.00000000E+000	1.00000000E+000	4.00000000E+000	-7.64990000E-012	-1.95000000E-012	-9.50020000E-013	*
-5.20000000E-012	-5.54680000E-009	-3.03950000E-005	4.30000000E+000	2.10990000E-011	5.60840000E-009	3.03500000E-005	-2.00000000E+000	1.00000000E+000	4.00000000E+000	-2.84990000E-012	-1.50000000E-013	1.65000000E-012	*
-2.70500000E-011	-5.56130000E-009	-3.00440000E-005	4.40000000E+000	1.33500000E-011	5.58930000E-009	3.00900000E-005	-2.00000000E+000	1.00000000E+000	4.00000000E+000	-6.99990000E-013	3.99990000E-012	1.40000000E-011	*
-2.94500000E-011	-5.56590000E-009	-2.97650000E-005	4.50000000E+000	4.10010000E-012	5.56680000E-009	2.98200000E-005	-2.00000000E+000	1.00000000E+000	4.00000000E+000	-1.00000000E-013	5.15010000E-012	2.20000000E-012	*
-1.55500000E-011	-5.56090000E-009	-2.93790000E-005	4.60000000E+000	1.55000000E-012	5.55880000E-009	2.93850000E-005	-2.00000000E+000	1.00000000E+000	4.00000000E+000	-1.10000000E-012	3.00000000E-013	-3.05000000E-012	*
1.73500000E-011	-5.50490000E-009	-2.90900000E-005	4.70000000E+000	8.49980000E-012	5.53000000E-009	2.91400000E-005	-2.00000000E+000	1.00000000E+000	4.00000000E+000	-1.18000000E-011	3.85000000E-012	-1.69500000E-011	*
3.29000000E-011	-5.47740000E-009	-2.87290000E-005	4.80000000E+000	2.12500000E-011	5.53880000E-009	2.87550000E-005	-2.00000000E+000	1.00000000E+000	4.00000000E+000	-1.74000000E-011	-7.89990000E-012	-8.49980000E-012	*
2.26500000E-011	-5.44190000E-009	-2.85100000E-005	4.90000000E+000	3.63500000E-011	5.50790000E-009	2.85050000E-005	-2.00000000E+000	1.00000000E+000	4.00000000E+000	-1.80500000E-011	-5.20000000E-012	-5.50000000E-013	*
-1.13500000E-011	-5.43330000E-009	-2.82100000E-005	5.00000000E+000	3.23490000E-011	5.48830000E-009	2.81550000E-005	-2.00000000E+000	1.00000000E+000	4.00000000E+000	-1.45000000E-011	-3.00000000E-013	7.20000000E-012	*

TEST RESULTS:  OUTPUT  04/28/2025  16:14:47


