ATTRIBUTES:

Attribute #1:C:\Metrics\ics\projects\6.2600J_S25\transistor_measurement.ics
Attribute #2:Test
Attribute #3:dev1
Attribute #4:PASSED
SETUP:TRANSFER  04/28/2025  16:28:00
DATE:04/28/2025
TIME:16:28:00

CONDITIONS:

ID:	D	
UNIT:	SMU2	
MODE: STEP	
START:	0.5	
STOP:	5	
PNTS:	2	
STEP:	4.5

ID:	G	
UNIT:	SMU4	
MODE: SWEEP	
START:	-2	
STOP:	4	
PNTS:	61	
STEP:	0.1

ID:	S	
UNIT:	SMU1	
MODE: CONST	
VALUE:	0

DATA:  TRANSFER  04/28/2025  16:28:00

IS	IS2	VD	VD2	ID	ID2	VG	IG	IG2	ACCSTRESS
-2.76500000E-011	5.04510000E-011	5.00000000E-001	5.00000000E+000	-8.10020000E-012	4.52490000E-011	-2.00000000E+000	-3.10510000E-011	-3.99010000E-011	0.00000000E+000
2.42500000E-011	1.68500000E-011	5.00000000E-001	5.00000000E+000	8.14990000E-012	1.18000000E-011	-1.90000000E+000	2.36490000E-011	-1.95000000E-011	*
-4.90010000E-012	4.43500000E-011	5.00000000E-001	5.00000000E+000	3.55010000E-012	1.48500000E-011	-1.80000000E+000	4.52000000E-011	-1.44500000E-011	*
-2.99000000E-011	5.18500000E-011	5.00000000E-001	5.00000000E+000	-9.00000000E-013	1.95000000E-011	-1.70000000E+000	5.47490000E-011	-1.46000000E-011	*
-3.63500000E-011	4.61000000E-011	5.00000000E-001	5.00000000E+000	-1.16000000E-011	2.53000000E-011	-1.60000000E+000	6.08510000E-011	-1.77500000E-011	*
-1.95500000E-011	1.57500000E-011	5.00000000E-001	5.00000000E+000	-2.21000000E-011	1.89000000E-011	-1.50000000E+000	6.42010000E-011	1.52000000E-011	*
1.07000000E-011	-1.70000000E-012	5.00000000E-001	5.00000000E+000	-6.15000000E-012	2.84990000E-012	-1.40000000E+000	4.86490000E-011	2.34000000E-011	*
3.07010000E-011	-5.85000000E-012	5.00000000E-001	5.00000000E+000	4.75000000E-012	-1.80000000E-012	-1.30000000E+000	2.91500000E-011	2.66500000E-011	*
1.57000000E-011	1.60000000E-011	5.00000000E-001	5.00000000E+000	4.20000000E-012	-1.02500000E-011	-1.20000000E+000	3.95510000E-011	1.71500000E-011	*
-7.54990000E-012	5.16000000E-011	5.00000000E-001	5.00000000E+000	1.64500000E-011	-1.70000000E-012	-1.10000000E+000	4.49510000E-011	-9.99980000E-013	*
-3.21010000E-011	6.10500000E-011	5.00000000E-001	5.00000000E+000	-5.15010000E-012	1.32000000E-011	-1.00000000E+000	6.71500000E-011	-2.45000000E-012	*
-3.37510000E-011	4.71500000E-011	5.00000000E-001	5.00000000E+000	-1.70500000E-011	1.09000000E-011	-9.00000000E-001	6.67480000E-011	-7.10010000E-012	*
-7.74980000E-012	1.85000000E-011	5.00000000E-001	5.00000000E+000	-6.60010000E-012	1.21000000E-011	-8.00000000E-001	6.00520000E-011	1.68500000E-011	*
1.47500000E-011	-5.45010000E-012	5.00000000E-001	5.00000000E+000	-8.84980000E-012	-5.15010000E-012	-7.00000000E-001	4.38000000E-011	2.95000000E-011	*
2.71500000E-011	6.44990000E-012	5.00000000E-001	5.00000000E+000	3.20000000E-012	-1.70500000E-011	-6.00000000E-001	4.24990000E-011	2.73000000E-011	*
4.65010000E-012	3.17510000E-011	5.00000000E-001	5.00000000E+000	9.59990000E-012	-3.25000000E-012	-5.00000000E-001	4.87010000E-011	5.25000000E-012	*
-3.80990000E-011	5.71510000E-011	5.00000000E-001	5.00000000E+000	1.17000000E-011	-1.40000000E-012	-4.00000000E-001	7.93500000E-011	-6.44990000E-012	*
-6.44000000E-011	6.51990000E-011	5.00000000E-001	5.00000000E+000	1.33500000E-011	1.51000000E-011	-3.00000000E-001	8.09490000E-011	-1.14500000E-011	*
-6.18990000E-011	3.09000000E-011	5.00000000E-001	5.00000000E+000	1.39500000E-011	1.96500000E-011	-2.00000000E-001	7.94500000E-011	6.30010000E-012	*
-5.60990000E-011	-7.90520000E-011	5.00000000E-001	5.00000000E+000	3.15000000E-011	8.94010000E-011	-1.00000000E-001	8.89490000E-011	2.40000000E-011	*
-6.23000000E-011	-1.00190000E-009	5.00000000E-001	5.00000000E+000	6.58000000E-011	9.83840000E-010	0.00000000E+000	7.60990000E-011	3.47490000E-011	*
-1.04350000E-010	-3.31690000E-009	5.00000000E-001	5.00000000E+000	1.11700000E-010	3.14790000E-009	1.00000000E-001	1.07900000E-010	-2.71990000E-011	*
-2.01550000E-010	-1.97750000E-008	5.00000000E-001	5.00000000E+000	1.60400000E-010	1.95100000E-008	2.00000000E-001	1.49200000E-010	-3.73000000E-011	*
-2.15050000E-010	-8.28260000E-008	5.00000000E-001	5.00000000E+000	2.21500000E-010	8.25490000E-008	3.00000000E-001	1.55000000E-012	1.05000000E-012	*
-3.52240000E-010	-1.65750000E-007	5.00000000E-001	5.00000000E+000	2.95440000E-010	1.64200000E-007	4.00000000E-001	1.73800000E-010	-2.88500000E-011	*
-4.11400000E-010	-3.05340000E-007	5.00000000E-001	5.00000000E+000	4.09500000E-010	3.02690000E-007	5.00000000E-001	1.47500000E-011	1.51000000E-011	*
-5.72610000E-010	-4.75440000E-007	5.00000000E-001	5.00000000E+000	5.48910000E-010	4.77450000E-007	6.00000000E-001	4.21990000E-011	1.96000000E-011	*
-8.38040000E-010	-6.90430000E-007	5.00000000E-001	5.00000000E+000	7.35040000E-010	6.86030000E-007	7.00000000E-001	8.06500000E-011	4.93510000E-011	*
-8.65100000E-010	-8.96750000E-007	5.00000000E-001	5.00000000E+000	7.31800000E-010	8.93370000E-007	8.00000000E-001	6.94980000E-011	7.18000000E-011	*
-9.55820000E-010	-1.10900000E-006	5.00000000E-001	5.00000000E+000	8.45740000E-010	1.12300000E-006	9.00000000E-001	7.46500000E-011	5.50000000E-012	*
-1.20250000E-009	-1.40700000E-006	5.00000000E-001	5.00000000E+000	1.12350000E-009	1.39700000E-006	1.00000000E+000	9.19020000E-011	6.50500000E-011	*
-1.76850000E-009	-1.77650000E-006	5.00000000E-001	5.00000000E+000	1.66240000E-009	1.79200000E-006	1.10000000E+000	1.09950000E-010	9.78490000E-011	*
-2.62640000E-009	-2.21400000E-006	5.00000000E-001	5.00000000E+000	2.43890000E-009	2.19900000E-006	1.20000000E+000	1.93350000E-010	1.19150000E-010	*
-3.94150000E-009	-2.64150000E-006	5.00000000E-001	5.00000000E+000	3.61190000E-009	2.61450000E-006	1.30000000E+000	2.90700000E-010	2.31500000E-011	*
-5.76440000E-009	-3.04890000E-006	5.00000000E-001	5.00000000E+000	5.35030000E-009	3.04190000E-006	1.40000000E+000	3.65800000E-010	1.73450000E-010	*
-7.96260000E-009	-3.08700000E-006	5.00000000E-001	5.00000000E+000	7.46330000E-009	3.10850000E-006	1.50000000E+000	4.26890000E-010	4.63010000E-011	*
-1.08300000E-008	-3.60790000E-006	5.00000000E-001	5.00000000E+000	1.03000000E-008	3.56540000E-006	1.60000000E+000	2.34450000E-010	7.12500000E-011	*
-1.48850000E-008	-4.10990000E-006	5.00000000E-001	5.00000000E+000	1.46500000E-008	4.07800000E-006	1.70000000E+000	1.10200000E-010	4.41500000E-011	*
-2.08750000E-008	-4.72950000E-006	5.00000000E-001	5.00000000E+000	2.06950000E-008	4.69040000E-006	1.80000000E+000	3.74000000E-011	7.95490000E-011	*
-2.89750000E-008	-5.29430000E-006	5.00000000E-001	5.00000000E+000	2.85460000E-008	5.24290000E-006	1.90000000E+000	4.65500000E-011	1.50500000E-010	*
-3.91650000E-008	-5.85450000E-006	5.00000000E-001	5.00000000E+000	3.92100000E-008	5.84150000E-006	2.00000000E+000	5.85000000E-012	1.64850000E-010	*
-5.46550000E-008	-6.24800000E-006	5.00000000E-001	5.00000000E+000	5.49900000E-008	6.21590000E-006	2.10000000E+000	1.80000000E-012	3.29910000E-010	*
-7.33200000E-008	-7.62680000E-006	5.00000000E-001	5.00000000E+000	7.34000000E-008	7.71000000E-006	2.20000000E+000	2.87500000E-011	3.24250000E-010	*
-9.82250000E-008	-7.78820000E-006	5.00000000E-001	5.00000000E+000	9.81090000E-008	7.72250000E-006	2.30000000E+000	-1.95000000E-012	2.69250000E-010	*
-1.18350000E-007	-8.81360000E-006	5.00000000E-001	5.00000000E+000	1.13350000E-007	8.78840000E-006	2.40000000E+000	3.45000000E-011	1.66850000E-010	*
-1.48000000E-007	-9.58100000E-006	5.00000000E-001	5.00000000E+000	1.46950000E-007	9.56280000E-006	2.50000000E+000	4.75000000E-012	1.27200000E-010	*
-1.95950000E-007	-1.05800000E-005	5.00000000E-001	5.00000000E+000	1.96250000E-007	1.04550000E-005	2.60000000E+000	8.20010000E-012	-1.21400000E-010	*
-2.66340000E-007	-1.23000000E-005	5.00000000E-001	5.00000000E+000	2.66240000E-007	1.22950000E-005	2.70000000E+000	6.56510000E-011	-4.12510000E-011	*
-3.42840000E-007	-1.21600000E-005	5.00000000E-001	5.00000000E+000	3.42800000E-007	1.20400000E-005	2.80000000E+000	-1.80000000E-012	-8.55500000E-011	*
-4.37790000E-007	-1.38600000E-005	5.00000000E-001	5.00000000E+000	4.37390000E-007	1.38250000E-005	2.90000000E+000	-1.61500000E-011	-5.68010000E-011	*
-5.49600000E-007	-1.49600000E-005	5.00000000E-001	5.00000000E+000	5.55330000E-007	1.50000000E-005	3.00000000E+000	9.55000000E-011	4.90500000E-011	*
-6.85950000E-007	-1.72550000E-005	5.00000000E-001	5.00000000E+000	6.84140000E-007	1.72900000E-005	3.10000000E+000	5.41010000E-011	-2.04000000E-011	*
-8.49280000E-007	-2.08950000E-005	5.00000000E-001	5.00000000E+000	8.49770000E-007	2.07290000E-005	3.20000000E+000	5.84000000E-011	-1.05260000E-009	*
-1.02320000E-006	-2.10450000E-005	5.00000000E-001	5.00000000E+000	1.02130000E-006	2.10200000E-005	3.30000000E+000	-1.56100000E-010	-1.57700000E-010	*
-1.15050000E-006	-2.39750000E-005	5.00000000E-001	5.00000000E+000	1.13350000E-006	2.38800000E-005	3.40000000E+000	5.55000000E-012	-8.00900000E-010	*
-1.30400000E-006	-2.53750000E-005	5.00000000E-001	5.00000000E+000	1.31150000E-006	2.52650000E-005	3.50000000E+000	1.78700000E-010	-1.04500000E-011	*
-1.58150000E-006	-2.72350000E-005	5.00000000E-001	5.00000000E+000	1.57550000E-006	2.70650000E-005	3.60000000E+000	-2.33460000E-010	6.11990000E-011	*
-1.87750000E-006	-2.78050000E-005	5.00000000E-001	5.00000000E+000	1.88350000E-006	2.78600000E-005	3.70000000E+000	-1.61500000E-010	1.33000000E-010	*
-2.24150000E-006	-3.44700000E-005	5.00000000E-001	5.00000000E+000	2.24650000E-006	3.46340000E-005	3.80000000E+000	1.10850000E-010	-1.50000000E-011	*
-2.61250000E-006	-3.86740000E-005	5.00000000E-001	5.00000000E+000	2.62200000E-006	3.87650000E-005	3.90000000E+000	-4.92000000E-011	-2.99990000E-012	*
-2.94340000E-006	-4.35750000E-005	5.00000000E-001	5.00000000E+000	2.94190000E-006	4.40550000E-005	4.00000000E+000	5.90260000E-010	9.29470000E-010	*

TEST RESULTS:  TRANSFER  04/28/2025  16:28:00


SETUP:OUTPUT  04/28/2025  16:28:51
DATE:04/28/2025
TIME:16:28:51

CONDITIONS:

ID:	D	
UNIT:	SMU2	
MODE: SWEEP	
START:	0	
STOP:	5	
PNTS:	51	
STEP:	0.1

ID:	G	
UNIT:	SMU4	
MODE: STEP	
START:	-2	
STOP:	4	
PNTS:	3	
STEP:	3

ID:	S	
UNIT:	SMU1	
MODE: CONST	
VALUE:	0

DATA:  OUTPUT  04/28/2025  16:28:51

IS	IS2	IS3	VD	ID	ID2	ID3	VG	VG2	VG3	IG	IG2	IG3	ACCSTRESS
3.77990000E-011	4.90010000E-012	-1.34100000E-009	0.00000000E+000	1.37000000E-011	8.90000000E-012	1.71950000E-009	-2.00000000E+000	1.00000000E+000	4.00000000E+000	-1.04500000E-011	1.31500000E-011	1.75500000E-011	0.00000000E+000
-2.03500000E-011	-6.65540000E-009	-8.97040000E-007	1.00000000E-001	-3.50000000E-012	6.60880000E-009	8.68370000E-007	-2.00000000E+000	1.00000000E+000	4.00000000E+000	4.35010000E-012	2.40000000E-012	5.45010000E-011	*
-1.76500000E-011	-1.22200000E-008	-1.32650000E-006	2.00000000E-001	-9.90010000E-012	1.22050000E-008	1.31300000E-006	-2.00000000E+000	1.00000000E+000	4.00000000E+000	5.50000000E-013	-5.05000000E-012	1.92000000E-011	*
5.15010000E-012	-1.92700000E-008	-1.67650000E-006	3.00000000E-001	-9.59990000E-012	1.87600000E-008	1.67450000E-006	-2.00000000E+000	1.00000000E+000	4.00000000E+000	0.00000000E+000	-2.53500000E-011	2.71990000E-011	*
3.67000000E-011	-2.59000000E-008	-2.14300000E-006	4.00000000E-001	6.50000000E-013	2.48700000E-008	2.14150000E-006	-2.00000000E+000	1.00000000E+000	4.00000000E+000	-2.42500000E-011	-1.82500000E-011	-1.09500000E-011	*
3.92010000E-011	-3.25710000E-008	-2.60350000E-006	5.00000000E-001	8.74990000E-012	3.27540000E-008	2.60990000E-006	-2.00000000E+000	1.00000000E+000	4.00000000E+000	-2.92990000E-011	-4.35010000E-012	-3.04010000E-011	*
2.88000000E-011	-3.78150000E-008	-3.04150000E-006	6.00000000E-001	1.35000000E-011	4.09000000E-008	3.03840000E-006	-2.00000000E+000	1.00000000E+000	4.00000000E+000	-2.81000000E-011	9.84990000E-012	-2.35000000E-011	*
-3.69990000E-012	-4.73650000E-008	-3.47550000E-006	7.00000000E-001	6.49990000E-012	4.94290000E-008	3.46850000E-006	-2.00000000E+000	1.00000000E+000	4.00000000E+000	-9.69980000E-012	1.53000000E-011	3.96500000E-011	*
-2.16500000E-011	-5.75950000E-008	-3.87900000E-006	8.00000000E-001	-1.95000000E-012	5.84950000E-008	3.88110000E-006	-2.00000000E+000	1.00000000E+000	4.00000000E+000	8.84980000E-012	5.55000000E-012	-1.44000000E-011	*
-2.01500000E-011	-6.23840000E-008	-4.28990000E-006	9.00000000E-001	-7.54990000E-012	6.25290000E-008	4.27040000E-006	-2.00000000E+000	1.00000000E+000	4.00000000E+000	-1.35000000E-012	-1.80500000E-011	-3.54510000E-011	*
-1.59990000E-012	-6.82810000E-008	-4.59240000E-006	1.00000000E+000	-1.27000000E-011	6.75250000E-008	4.59400000E-006	-2.00000000E+000	1.00000000E+000	4.00000000E+000	-2.90000000E-012	-2.20500000E-011	4.90960000E-010	*
2.92500000E-011	-7.52400000E-008	-5.03590000E-006	1.10000000E+000	1.75000000E-012	7.82090000E-008	5.05890000E-006	-2.00000000E+000	1.00000000E+000	4.00000000E+000	-1.93500000E-011	-8.70010000E-012	6.36510000E-011	*
4.09010000E-011	-9.54060000E-008	-5.43990000E-006	1.20000000E+000	1.14000000E-011	9.23350000E-008	5.44200000E-006	-2.00000000E+000	1.00000000E+000	4.00000000E+000	-3.14500000E-011	1.05000000E-012	6.23500000E-011	*
3.05000000E-011	-1.04960000E-007	-5.76950000E-006	1.30000000E+000	9.40000000E-012	9.14330000E-008	5.75600000E-006	-2.00000000E+000	1.00000000E+000	4.00000000E+000	-2.47500000E-011	1.51000000E-011	3.27510000E-011	*
6.40000000E-012	-1.02370000E-007	-6.13000000E-006	1.40000000E+000	1.77500000E-011	1.02750000E-007	6.11250000E-006	-2.00000000E+000	1.00000000E+000	4.00000000E+000	-1.22000000E-011	-2.20500000E-011	3.23490000E-011	*
-2.09500000E-011	-1.13250000E-007	-6.51830000E-006	1.50000000E+000	5.00000000E-014	1.21350000E-007	6.52740000E-006	-2.00000000E+000	1.00000000E+000	4.00000000E+000	3.55010000E-012	-1.59990000E-012	4.52000000E-011	*
-2.14000000E-011	-1.30550000E-007	-6.89550000E-006	1.60000000E+000	-9.74990000E-012	1.31750000E-007	6.87600000E-006	-2.00000000E+000	1.00000000E+000	4.00000000E+000	1.20500000E-011	4.20000000E-012	-1.74500000E-011	*
1.25000000E-012	-1.33700000E-007	-7.17230000E-006	1.70000000E+000	-8.84980000E-012	1.32000000E-007	7.16540000E-006	-2.00000000E+000	1.00000000E+000	4.00000000E+000	-6.74990000E-012	1.11500000E-011	8.65000000E-012	*
2.64000000E-011	-1.57040000E-007	-7.36930000E-006	1.80000000E+000	1.20000000E-012	1.55800000E-007	7.38490000E-006	-2.00000000E+000	1.00000000E+000	4.00000000E+000	-1.77500000E-011	-1.55000000E-012	-2.83900000E-010	*
4.24990000E-011	-1.45950000E-007	-7.83750000E-006	1.90000000E+000	1.47000000E-011	1.46400000E-007	7.84780000E-006	-2.00000000E+000	1.00000000E+000	4.00000000E+000	-3.43490000E-011	-8.35020000E-012	4.45000000E-012	*
2.80490000E-011	-1.70200000E-007	-8.14530000E-006	2.00000000E+000	1.45500000E-011	1.71440000E-007	8.11140000E-006	-2.00000000E+000	1.00000000E+000	4.00000000E+000	-2.88990000E-011	-2.61500000E-011	-3.35000000E-012	*
4.45000000E-012	-1.75450000E-007	-8.34230000E-006	2.10000000E+000	1.70500000E-011	1.71090000E-007	8.35490000E-006	-2.00000000E+000	1.00000000E+000	4.00000000E+000	-1.48500000E-011	-2.30000000E-011	-9.62000000E-011	*
-1.67500000E-011	-2.04200000E-007	-8.99980000E-006	2.20000000E+000	2.35000000E-012	1.90450000E-007	9.03710000E-006	-2.00000000E+000	1.00000000E+000	4.00000000E+000	3.30000000E-012	4.75000000E-012	1.29050000E-010	*
-2.23500000E-011	-2.14250000E-007	-9.22290000E-006	2.30000000E+000	-1.03000000E-011	2.12950000E-007	9.24150000E-006	-2.00000000E+000	1.00000000E+000	4.00000000E+000	7.79990000E-012	8.65000000E-012	-1.50000000E-011	*
-8.49980000E-013	-2.19040000E-007	-9.50320000E-006	2.40000000E+000	-7.89990000E-012	2.10350000E-007	9.47760000E-006	-2.00000000E+000	1.00000000E+000	4.00000000E+000	-4.79990000E-012	8.45010000E-012	1.57850000E-010	*
2.64000000E-011	-2.28040000E-007	-9.74400000E-006	2.50000000E+000	-2.10000000E-012	2.19940000E-007	9.74680000E-006	-2.00000000E+000	1.00000000E+000	4.00000000E+000	-2.13000000E-011	1.00000000E-013	-7.60000000E-011	*
4.02510000E-011	-2.39640000E-007	-1.00370000E-005	2.60000000E+000	1.18000000E-011	2.36900000E-007	1.00590000E-005	-2.00000000E+000	1.00000000E+000	4.00000000E+000	-3.17510000E-011	-9.44970000E-012	1.55200000E-010	*
3.58500000E-011	-2.60900000E-007	-1.03940000E-005	2.70000000E+000	2.08000000E-011	2.53490000E-007	1.04010000E-005	-2.00000000E+000	1.00000000E+000	4.00000000E+000	-3.56990000E-011	-1.52500000E-011	-9.01010000E-011	*
4.35010000E-012	-2.62550000E-007	-1.07850000E-005	2.80000000E+000	2.21000000E-011	2.64000000E-007	1.07050000E-005	-2.00000000E+000	1.00000000E+000	4.00000000E+000	-9.55010000E-012	-2.22000000E-011	4.52490000E-011	*
-1.80500000E-011	-2.69590000E-007	-1.10350000E-005	2.90000000E+000	2.35000000E-012	2.75890000E-007	1.10000000E-005	-2.00000000E+000	1.00000000E+000	4.00000000E+000	1.60000000E-012	-8.80000000E-012	-2.99250000E-010	*
-2.10500000E-011	-2.83750000E-007	-1.11500000E-005	3.00000000E+000	-4.70000000E-012	2.84940000E-007	1.12600000E-005	-2.00000000E+000	1.00000000E+000	4.00000000E+000	6.99990000E-013	1.78000000E-011	6.36510000E-011	*
-5.55000000E-012	-2.80100000E-007	-1.14250000E-005	3.10000000E+000	-4.50000000E-012	2.65990000E-007	1.13550000E-005	-2.00000000E+000	1.00000000E+000	4.00000000E+000	3.50000000E-013	4.60010000E-012	2.30100000E-010	*
2.25000000E-011	-3.04440000E-007	-1.17850000E-005	3.20000000E+000	2.45000000E-012	3.00790000E-007	1.17050000E-005	-2.00000000E+000	1.00000000E+000	4.00000000E+000	-1.47000000E-011	5.50000000E-013	-3.53150000E-010	*
4.34000000E-011	-3.40150000E-007	-1.19050000E-005	3.30000000E+000	1.15500000E-011	3.42840000E-007	1.19700000E-005	-2.00000000E+000	1.00000000E+000	4.00000000E+000	-3.01000000E-011	-1.35000000E-011	-3.32500000E-011	*
3.76000000E-011	-3.83890000E-007	-1.22300000E-005	3.40000000E+000	1.44500000E-011	3.88990000E-007	1.22450000E-005	-2.00000000E+000	1.00000000E+000	4.00000000E+000	-2.95500000E-011	-1.74500000E-011	-1.28850000E-010	*
7.60010000E-012	-3.91450000E-007	-1.24100000E-005	3.50000000E+000	1.22500000E-011	4.12900000E-007	1.24600000E-005	-2.00000000E+000	1.00000000E+000	4.00000000E+000	-1.49500000E-011	-1.18500000E-011	2.14000000E-011	*
-1.61500000E-011	-4.24540000E-007	-1.25750000E-005	3.60000000E+000	8.65000000E-012	4.26890000E-007	1.26000000E-005	-2.00000000E+000	1.00000000E+000	4.00000000E+000	-3.15000000E-012	-7.10010000E-012	3.77550000E-010	*
-2.04000000E-011	-4.75540000E-007	-1.28300000E-005	3.70000000E+000	-3.19990000E-012	5.04750000E-007	1.28000000E-005	-2.00000000E+000	1.00000000E+000	4.00000000E+000	3.10000000E-012	1.05500000E-011	1.60150000E-010	*
-1.08500000E-011	-5.16590000E-007	-1.30350000E-005	3.80000000E+000	-2.05000000E-012	5.01690000E-007	1.31500000E-005	-2.00000000E+000	1.00000000E+000	4.00000000E+000	-4.20000000E-012	1.10500000E-011	3.06140000E-010	*
1.90500000E-011	-5.27330000E-007	-1.33150000E-005	3.90000000E+000	-2.10000000E-012	5.26230000E-007	1.32950000E-005	-2.00000000E+000	1.00000000E+000	4.00000000E+000	-2.24000000E-011	-4.50000000E-013	-2.27550000E-010	*
4.07500000E-011	-5.47590000E-007	-1.35250000E-005	4.00000000E+000	1.02500000E-011	5.32190000E-007	1.36650000E-005	-2.00000000E+000	1.00000000E+000	4.00000000E+000	-2.54000000E-011	-1.15000000E-011	3.14850000E-010	*
3.94990000E-011	-5.90140000E-007	-1.38700000E-005	4.10000000E+000	2.30000000E-011	5.88480000E-007	1.36300000E-005	-2.00000000E+000	1.00000000E+000	4.00000000E+000	-2.35500000E-011	-2.49500000E-011	-3.52760000E-010	*
1.68500000E-011	-6.56000000E-007	-1.41100000E-005	4.20000000E+000	3.05500000E-011	6.31990000E-007	1.40550000E-005	-2.00000000E+000	1.00000000E+000	4.00000000E+000	-2.66000000E-011	-1.49500000E-011	-3.98900000E-010	*
-6.44990000E-012	-6.53870000E-007	-1.41550000E-005	4.30000000E+000	1.41500000E-011	6.41530000E-007	1.42400000E-005	-2.00000000E+000	1.00000000E+000	4.00000000E+000	-2.35000000E-012	-1.00000000E-011	-2.19850000E-010	*
-2.39500000E-011	-6.94040000E-007	-1.47200000E-005	4.40000000E+000	6.70000000E-012	6.86030000E-007	1.47300000E-005	-2.00000000E+000	1.00000000E+000	4.00000000E+000	-6.99990000E-013	6.30010000E-012	-3.29190000E-010	*
-1.81000000E-011	-7.12580000E-007	-1.44400000E-005	4.50000000E+000	5.20000000E-012	7.07080000E-007	1.44200000E-005	-2.00000000E+000	1.00000000E+000	4.00000000E+000	-6.99990000E-012	1.72500000E-011	8.94500000E-011	*
1.05500000E-011	-7.28240000E-007	-1.47700000E-005	4.60000000E+000	8.70010000E-012	7.09000000E-007	1.47700000E-005	-2.00000000E+000	1.00000000E+000	4.00000000E+000	-8.59980000E-012	-1.40000000E-012	-4.94010000E-011	*
3.67490000E-011	-7.97940000E-007	-1.51150000E-005	4.70000000E+000	1.56500000E-011	7.94270000E-007	1.49550000E-005	-2.00000000E+000	1.00000000E+000	4.00000000E+000	-3.87000000E-011	-2.44000000E-011	-2.60600000E-010	*
3.90990000E-011	-8.04890000E-007	-1.51400000E-005	4.80000000E+000	3.79500000E-011	7.91940000E-007	1.53040000E-005	-2.00000000E+000	1.00000000E+000	4.00000000E+000	-4.68500000E-011	-1.89000000E-011	2.37250000E-010	*
1.55500000E-011	-8.32830000E-007	-1.55150000E-005	4.90000000E+000	4.41990000E-011	8.43280000E-007	1.55000000E-005	-2.00000000E+000	1.00000000E+000	4.00000000E+000	-4.45490000E-011	-2.71500000E-011	-6.97510000E-011	*
-4.35010000E-012	-8.54690000E-007	-1.58800000E-005	5.00000000E+000	4.95500000E-011	8.64470000E-007	1.58600000E-005	-2.00000000E+000	1.00000000E+000	4.00000000E+000	-4.81500000E-011	-8.10020000E-012	6.51500000E-011	*

TEST RESULTS:  OUTPUT  04/28/2025  16:28:51


