ATTRIBUTES:

Attribute #1:C:\Metrics\ics\projects\6.2600J_S25\transistor_measurement.ics
Attribute #2:Test
Attribute #3:dev1
Attribute #4:PASSED
SETUP:TRANSFER  04/28/2025  16:45:38
DATE:04/28/2025
TIME:16:45:38

CONDITIONS:

ID:	D	
UNIT:	SMU2	
MODE: STEP	
START:	0.5	
STOP:	5	
PNTS:	2	
STEP:	4.5

ID:	G	
UNIT:	SMU4	
MODE: SWEEP	
START:	-2	
STOP:	4	
PNTS:	61	
STEP:	0.1

ID:	S	
UNIT:	SMU1	
MODE: CONST	
VALUE:	0

DATA:  TRANSFER  04/28/2025  16:45:38

IS	IS2	VD	VD2	ID	ID2	VG	IG	IG2	ACCSTRESS
1.20000000E-012	-3.99980000E-013	5.00000000E-001	5.00000000E+000	-9.24990000E-012	2.47000000E-011	-2.00000000E+000	-3.10000000E-012	-1.30500000E-011	0.00000000E+000
1.49500000E-011	-1.85490000E-011	5.00000000E-001	5.00000000E+000	-1.54500000E-011	1.35500000E-011	-1.90000000E+000	-6.99990000E-013	5.15010000E-012	*
2.93510000E-011	-3.31500000E-011	5.00000000E-001	5.00000000E+000	3.35000000E-012	1.70000000E-012	-1.80000000E+000	-4.20000000E-012	-1.40000000E-012	*
2.99000000E-011	-2.49000000E-011	5.00000000E-001	5.00000000E+000	1.19500000E-011	-2.60000000E-012	-1.70000000E+000	-9.94980000E-012	4.05010000E-012	*
6.10000000E-012	-5.50000000E-013	5.00000000E-001	5.00000000E+000	1.80500000E-011	4.50000000E-013	-1.60000000E+000	-4.50000000E-013	4.00000000E-013	*
-2.44000000E-011	3.19000000E-011	5.00000000E-001	5.00000000E+000	1.35000000E-012	1.00000000E-013	-1.50000000E+000	9.74990000E-012	-9.80010000E-012	*
-3.29000000E-011	2.99000000E-011	5.00000000E-001	5.00000000E+000	-4.60010000E-012	1.68000000E-011	-1.40000000E+000	2.00000000E-013	-2.00000000E-012	*
-2.26000000E-011	1.93990000E-011	5.00000000E-001	5.00000000E+000	-1.03000000E-011	1.89000000E-011	-1.30000000E+000	5.80000000E-012	-7.15000000E-012	*
4.40000000E-012	-6.24990000E-012	5.00000000E-001	5.00000000E+000	-4.40000000E-012	1.46500000E-011	-1.20000000E+000	-3.99980000E-013	8.59980000E-012	*
2.60500000E-011	-2.99000000E-011	5.00000000E-001	5.00000000E+000	-4.10010000E-012	-2.00000000E-012	-1.10000000E+000	-2.84990000E-012	1.46000000E-011	*
3.53990000E-011	-2.42000000E-011	5.00000000E-001	5.00000000E+000	9.15000000E-012	-4.60010000E-012	-1.00000000E+000	-1.14500000E-011	4.45000000E-012	*
9.65010000E-012	-3.10000000E-012	5.00000000E-001	5.00000000E+000	1.58000000E-011	-4.45000000E-012	-9.00000000E-001	-1.85000000E-012	5.25000000E-012	*
-1.64500000E-011	2.80490000E-011	5.00000000E-001	5.00000000E+000	4.10010000E-012	7.54990000E-012	-8.00000000E-001	9.69980000E-012	6.99990000E-013	*
-3.23490000E-011	3.16490000E-011	5.00000000E-001	5.00000000E+000	-7.50010000E-013	1.82000000E-011	-7.00000000E-001	9.49990000E-012	-6.15000000E-012	*
-2.63000000E-011	8.59980000E-012	5.00000000E-001	5.00000000E+000	-9.80010000E-012	1.80500000E-011	-6.00000000E-001	1.34500000E-011	6.15000000E-012	*
-2.23000000E-011	-2.09000000E-011	5.00000000E-001	5.00000000E+000	5.55000000E-012	9.80010000E-012	-5.00000000E-001	2.35000000E-012	1.63500000E-011	*
-3.45390000E-010	-3.62500000E-011	5.00000000E-001	5.00000000E+000	3.58990000E-010	-9.00000000E-013	-4.00000000E-001	-5.99990000E-013	9.09980000E-012	*
-2.24790000E-009	-3.41510000E-011	5.00000000E-001	5.00000000E+000	2.18540000E-009	-2.90000000E-012	-3.00000000E-001	-5.45010000E-012	1.63000000E-011	*
-1.04700000E-008	-1.30300000E-010	5.00000000E-001	5.00000000E+000	1.03050000E-008	1.20400000E-010	-2.00000000E-001	-2.70000000E-012	1.00000000E-011	*
-3.20200000E-008	-9.40470000E-010	5.00000000E-001	5.00000000E+000	3.19740000E-008	9.65540000E-010	-1.00000000E-001	-4.15000000E-012	1.60000000E-012	*
-7.62700000E-008	-5.88580000E-009	5.00000000E-001	5.00000000E+000	7.59750000E-008	5.87280000E-009	0.00000000E+000	4.24990000E-012	7.10010000E-012	*
-1.44500000E-007	-2.03250000E-008	5.00000000E-001	5.00000000E+000	1.42990000E-007	2.01550000E-008	1.00000000E-001	7.25000000E-012	9.65010000E-012	*
-2.53390000E-007	-5.11100000E-008	5.00000000E-001	5.00000000E+000	2.53700000E-007	5.11010000E-008	2.00000000E-001	1.06500000E-011	1.09000000E-011	*
-4.17540000E-007	-1.03250000E-007	5.00000000E-001	5.00000000E+000	4.18240000E-007	1.02900000E-007	3.00000000E-001	1.25000000E-011	-1.75000000E-012	*
-6.46740000E-007	-1.94600000E-007	5.00000000E-001	5.00000000E+000	6.43950000E-007	1.92540000E-007	4.00000000E-001	8.24980000E-012	3.45000000E-012	*
-9.36820000E-007	-3.36540000E-007	5.00000000E-001	5.00000000E+000	9.34030000E-007	3.34590000E-007	5.00000000E-001	5.00000000E-012	7.35010000E-012	*
-1.23400000E-006	-5.46250000E-007	5.00000000E-001	5.00000000E+000	1.22300000E-006	5.46480000E-007	6.00000000E-001	5.69990000E-012	4.90010000E-012	*
-1.62400000E-006	-8.41740000E-007	5.00000000E-001	5.00000000E+000	1.62350000E-006	8.41240000E-007	7.00000000E-001	1.61000000E-011	9.00000000E-013	*
-2.12550000E-006	-1.18300000E-006	5.00000000E-001	5.00000000E+000	2.12900000E-006	1.17950000E-006	8.00000000E-001	1.65000000E-012	-1.38000000E-011	*
-2.73340000E-006	-1.64650000E-006	5.00000000E-001	5.00000000E+000	2.72750000E-006	1.64550000E-006	9.00000000E-001	5.80000000E-012	7.45000000E-012	*
-3.42190000E-006	-2.31950000E-006	5.00000000E-001	5.00000000E+000	3.42300000E-006	2.31550000E-006	1.00000000E+000	7.85010000E-012	8.39990000E-012	*
-4.20890000E-006	-3.17150000E-006	5.00000000E-001	5.00000000E+000	4.20940000E-006	3.18050000E-006	1.10000000E+000	8.20010000E-012	1.57500000E-011	*
-5.10600000E-006	-4.24750000E-006	5.00000000E-001	5.00000000E+000	5.09810000E-006	4.23710000E-006	1.20000000E+000	1.93500000E-011	1.80000000E-011	*
-6.06850000E-006	-5.51600000E-006	5.00000000E-001	5.00000000E+000	6.05730000E-006	5.51390000E-006	1.30000000E+000	2.05000000E-011	2.65000000E-012	*
-7.14000000E-006	-7.04900000E-006	5.00000000E-001	5.00000000E+000	7.12840000E-006	7.02940000E-006	1.40000000E+000	8.90000000E-012	7.50010000E-013	*
-8.27480000E-006	-8.85830000E-006	5.00000000E-001	5.00000000E+000	8.27110000E-006	8.83450000E-006	1.50000000E+000	7.99980000E-012	3.30000000E-012	*
-9.49950000E-006	-1.02700000E-005	5.00000000E-001	5.00000000E+000	9.48790000E-006	1.02200000E-005	1.60000000E+000	7.79990000E-012	1.40000000E-012	*
-1.05050000E-005	-1.23000000E-005	5.00000000E-001	5.00000000E+000	1.05000000E-005	1.23000000E-005	1.70000000E+000	5.50000000E-012	1.03000000E-011	*
-1.18550000E-005	-1.49750000E-005	5.00000000E-001	5.00000000E+000	1.18450000E-005	1.49800000E-005	1.80000000E+000	1.47000000E-011	6.65000000E-012	*
-1.32350000E-005	-1.80000000E-005	5.00000000E-001	5.00000000E+000	1.32300000E-005	1.80000000E-005	1.90000000E+000	1.94500000E-011	2.05000000E-012	*
-1.46150000E-005	-2.13600000E-005	5.00000000E-001	5.00000000E+000	1.46000000E-005	2.13600000E-005	2.00000000E+000	1.01500000E-011	1.83000000E-011	*
-1.60400000E-005	-2.50250000E-005	5.00000000E-001	5.00000000E+000	1.60300000E-005	2.50140000E-005	2.10000000E+000	5.94990000E-012	2.32500000E-011	*
-1.74650000E-005	-2.89850000E-005	5.00000000E-001	5.00000000E+000	1.74600000E-005	2.90140000E-005	2.20000000E+000	2.49990000E-013	1.82000000E-011	*
-1.89050000E-005	-3.32710000E-005	5.00000000E-001	5.00000000E+000	1.88900000E-005	3.33990000E-005	2.30000000E+000	5.94990000E-012	1.02500000E-011	*
-2.03550000E-005	-3.78250000E-005	5.00000000E-001	5.00000000E+000	2.03400000E-005	3.79640000E-005	2.40000000E+000	1.39000000E-011	8.30000000E-012	*
-2.17950000E-005	-4.28090000E-005	5.00000000E-001	5.00000000E+000	2.17740000E-005	4.27890000E-005	2.50000000E+000	2.51000000E-011	-1.71990000E-011	*
-2.32500000E-005	-4.79590000E-005	5.00000000E-001	5.00000000E+000	2.32300000E-005	4.79540000E-005	2.60000000E+000	1.88000000E-011	-1.42000000E-011	*
-2.46950000E-005	-5.33440000E-005	5.00000000E-001	5.00000000E+000	2.46850000E-005	5.32290000E-005	2.70000000E+000	9.84990000E-012	-1.90000000E-012	*
-2.61300000E-005	-5.90440000E-005	5.00000000E-001	5.00000000E+000	2.61100000E-005	5.89040000E-005	2.80000000E+000	6.65000000E-012	1.22500000E-011	*
-2.75550000E-005	-6.50550000E-005	5.00000000E-001	5.00000000E+000	2.75400000E-005	6.49880000E-005	2.90000000E+000	6.44990000E-012	8.59980000E-012	*
-2.89740000E-005	-7.12610000E-005	5.00000000E-001	5.00000000E+000	2.89590000E-005	7.12240000E-005	3.00000000E+000	2.36490000E-011	1.41000000E-011	*
-3.03800000E-005	-7.78320000E-005	5.00000000E-001	5.00000000E+000	3.03550000E-005	7.77510000E-005	3.10000000E+000	2.38500000E-011	1.25000000E-012	*
-3.17690000E-005	-8.47090000E-005	5.00000000E-001	5.00000000E+000	3.17450000E-005	8.46050000E-005	3.20000000E+000	2.17000000E-011	-4.75000000E-012	*
-3.31440000E-005	-9.18690000E-005	5.00000000E-001	5.00000000E+000	3.31100000E-005	9.17690000E-005	3.30000000E+000	1.37500000E-011	7.29990000E-012	*
-3.44940000E-005	-9.91930000E-005	5.00000000E-001	5.00000000E+000	3.44640000E-005	9.91600000E-005	3.40000000E+000	7.15000000E-012	1.29500000E-011	*
-3.58040000E-005	-1.03800000E-004	5.00000000E-001	5.00000000E+000	3.57700000E-005	1.03500000E-004	3.50000000E+000	7.95010000E-012	-1.40000000E-012	*
-3.70850000E-005	-1.09400000E-004	5.00000000E-001	5.00000000E+000	3.70550000E-005	1.09350000E-004	3.60000000E+000	9.49990000E-012	8.90000000E-012	*
-3.83500000E-005	-1.17950000E-004	5.00000000E-001	5.00000000E+000	3.83090000E-005	1.17950000E-004	3.70000000E+000	2.14000000E-011	1.79000000E-011	*
-3.95790000E-005	-1.26750000E-004	5.00000000E-001	5.00000000E+000	3.95400000E-005	1.26700000E-004	3.80000000E+000	2.43500000E-011	1.93500000E-011	*
-4.07790000E-005	-1.35750000E-004	5.00000000E-001	5.00000000E+000	4.07400000E-005	1.35750000E-004	3.90000000E+000	2.53000000E-011	9.09980000E-012	*
-4.19490000E-005	-1.45050000E-004	5.00000000E-001	5.00000000E+000	4.19150000E-005	1.45000000E-004	4.00000000E+000	2.10000000E-011	-1.65000000E-012	*

TEST RESULTS:  TRANSFER  04/28/2025  16:45:38


SETUP:OUTPUT  04/28/2025  16:46:17
DATE:04/28/2025
TIME:16:46:17

CONDITIONS:

ID:	D	
UNIT:	SMU2	
MODE: SWEEP	
START:	0	
STOP:	5	
PNTS:	51	
STEP:	0.1

ID:	G	
UNIT:	SMU4	
MODE: STEP	
START:	-2	
STOP:	4	
PNTS:	3	
STEP:	3

ID:	S	
UNIT:	SMU1	
MODE: CONST	
VALUE:	0

DATA:  OUTPUT  04/28/2025  16:46:17

IS	IS2	IS3	VD	ID	ID2	ID3	VG	VG2	VG3	IG	IG2	IG3	ACCSTRESS
2.90000000E-011	-1.69550000E-009	-1.79050000E-008	0.00000000E+000	1.63500000E-011	1.60900000E-009	1.63150000E-008	-2.00000000E+000	1.00000000E+000	4.00000000E+000	9.30010000E-012	-3.10000000E-012	1.74000000E-011	0.00000000E+000
-2.83000000E-011	-6.46070000E-007	-8.13790000E-006	1.00000000E-001	-3.55010000E-012	6.45700000E-007	8.07740000E-006	-2.00000000E+000	1.00000000E+000	4.00000000E+000	3.00010000E-012	7.85010000E-012	1.20500000E-011	*
-1.35500000E-011	-1.12250000E-006	-1.50750000E-005	2.00000000E-001	-1.05500000E-011	1.12000000E-006	1.50650000E-005	-2.00000000E+000	1.00000000E+000	4.00000000E+000	3.40000000E-012	-1.55000000E-012	4.00000000E-013	*
1.33500000E-011	-1.51700000E-006	-2.19550000E-005	3.00000000E-001	-1.04500000E-011	1.51750000E-006	2.19550000E-005	-2.00000000E+000	1.00000000E+000	4.00000000E+000	-6.65000000E-012	-1.49000000E-011	-5.85000000E-012	*
2.70000000E-011	-1.85700000E-006	-2.84350000E-005	4.00000000E-001	2.30000000E-012	1.85900000E-006	2.84350000E-005	-2.00000000E+000	1.00000000E+000	4.00000000E+000	-1.34000000E-011	-4.90010000E-012	-4.70000000E-012	*
3.28010000E-011	-2.13490000E-006	-3.45240000E-005	5.00000000E-001	1.01000000E-011	2.13400000E-006	3.45240000E-005	-2.00000000E+000	1.00000000E+000	4.00000000E+000	-6.70000000E-012	4.20000000E-012	9.00000000E-013	*
1.66000000E-011	-2.34300000E-006	-4.02500000E-005	6.00000000E-001	1.82000000E-011	2.34100000E-006	4.02550000E-005	-2.00000000E+000	1.00000000E+000	4.00000000E+000	-1.11000000E-011	7.29990000E-012	1.12500000E-011	*
-1.33500000E-011	-2.50550000E-006	-4.56140000E-005	7.00000000E-001	1.22500000E-011	2.50440000E-006	4.56200000E-005	-2.00000000E+000	1.00000000E+000	4.00000000E+000	6.50000000E-013	1.58000000E-011	1.02500000E-011	*
-3.06490000E-011	-2.62600000E-006	-5.06450000E-005	8.00000000E-001	-6.70000000E-012	2.61950000E-006	5.06400000E-005	-2.00000000E+000	1.00000000E+000	4.00000000E+000	4.10010000E-012	-1.50000000E-013	1.17500000E-011	*
-2.50500000E-011	-2.69550000E-006	-5.53300000E-005	9.00000000E-001	-3.85000000E-012	2.69590000E-006	5.53300000E-005	-2.00000000E+000	1.00000000E+000	4.00000000E+000	-2.14990000E-012	-2.45000000E-012	5.30000000E-012	*
2.49990000E-013	-2.75350000E-006	-5.96880000E-005	1.00000000E+000	-9.80010000E-012	2.75250000E-006	5.96880000E-005	-2.00000000E+000	1.00000000E+000	4.00000000E+000	2.55000000E-012	-1.10500000E-011	-8.74990000E-012	*
2.71990000E-011	-2.76800000E-006	-6.37550000E-005	1.10000000E+000	4.24990000E-012	2.77050000E-006	6.37510000E-005	-2.00000000E+000	1.00000000E+000	4.00000000E+000	-1.38500000E-011	-6.90000000E-012	-1.01500000E-011	*
3.29000000E-011	-2.78150000E-006	-6.75060000E-005	1.20000000E+000	1.44000000E-011	2.78500000E-006	6.75130000E-005	-2.00000000E+000	1.00000000E+000	4.00000000E+000	-8.14990000E-012	-3.60000000E-012	8.00000000E-013	*
1.47000000E-011	-2.78200000E-006	-7.09890000E-005	1.30000000E+000	1.63000000E-011	2.78440000E-006	7.09890000E-005	-2.00000000E+000	1.00000000E+000	4.00000000E+000	-5.69990000E-012	4.79990000E-012	9.80010000E-012	*
-1.07000000E-011	-2.78150000E-006	-7.41700000E-005	1.40000000E+000	1.27500000E-011	2.78550000E-006	7.41740000E-005	-2.00000000E+000	1.00000000E+000	4.00000000E+000	-9.99980000E-013	8.65000000E-012	8.80000000E-012	*
-3.19500000E-011	-2.77940000E-006	-7.70950000E-005	1.50000000E+000	3.30000000E-012	2.79050000E-006	7.70990000E-005	-2.00000000E+000	1.00000000E+000	4.00000000E+000	1.12000000E-011	8.05000000E-012	8.59980000E-012	*
-2.44000000E-011	-2.77500000E-006	-7.97700000E-005	1.60000000E+000	-5.80000000E-012	2.78090000E-006	7.97730000E-005	-2.00000000E+000	1.00000000E+000	4.00000000E+000	2.75000000E-012	-2.84990000E-012	-2.40000000E-012	*
-5.50000000E-013	-2.77740000E-006	-8.22060000E-005	1.70000000E+000	-3.50000000E-013	2.77940000E-006	8.22060000E-005	-2.00000000E+000	1.00000000E+000	4.00000000E+000	-8.20010000E-012	-6.65000000E-012	-8.99990000E-012	*
2.21000000E-011	-2.77550000E-006	-8.44040000E-005	1.80000000E+000	-2.49990000E-013	2.77240000E-006	8.44000000E-005	-2.00000000E+000	1.00000000E+000	4.00000000E+000	-1.15500000E-011	-1.95000000E-011	-2.65000000E-012	*
3.46500000E-011	-2.77350000E-006	-8.63860000E-005	1.90000000E+000	1.68000000E-011	2.76300000E-006	8.63890000E-005	-2.00000000E+000	1.00000000E+000	4.00000000E+000	-1.58490000E-011	-2.00000000E-012	3.40000000E-012	*
2.16000000E-011	-2.76040000E-006	-8.81440000E-005	2.00000000E+000	1.36000000E-011	2.76650000E-006	8.81480000E-005	-2.00000000E+000	1.00000000E+000	4.00000000E+000	-8.90000000E-012	6.10000000E-012	6.15000000E-012	*
-3.40000000E-012	-2.75150000E-006	-8.96900000E-005	2.10000000E+000	2.10000000E-011	2.75350000E-006	8.97050000E-005	-2.00000000E+000	1.00000000E+000	4.00000000E+000	-3.99980000E-013	1.09000000E-011	6.74990000E-012	*
-2.97010000E-011	-2.74040000E-006	-9.10760000E-005	2.20000000E+000	3.10000000E-012	2.74300000E-006	9.10830000E-005	-2.00000000E+000	1.00000000E+000	4.00000000E+000	7.85010000E-012	1.48500000E-011	1.19500000E-011	*
-3.01500000E-011	-2.72600000E-006	-9.22750000E-005	2.30000000E+000	-2.84990000E-012	2.73100000E-006	9.22680000E-005	-2.00000000E+000	1.00000000E+000	4.00000000E+000	1.15000000E-012	7.74980000E-012	-8.90000000E-012	*
-1.36500000E-011	-2.73750000E-006	-9.33190000E-005	2.40000000E+000	-3.90000000E-012	2.73490000E-006	9.33040000E-005	-2.00000000E+000	1.00000000E+000	4.00000000E+000	3.50000000E-012	-1.45500000E-011	-5.00000000E-012	*
1.74500000E-011	-2.73840000E-006	-9.41980000E-005	2.50000000E+000	-2.90000000E-012	2.73340000E-006	9.42050000E-005	-2.00000000E+000	1.00000000E+000	4.00000000E+000	-7.70000000E-012	-4.65010000E-012	1.80000000E-012	*
3.27510000E-011	-2.72600000E-006	-9.49650000E-005	2.60000000E+000	7.10010000E-012	2.73150000E-006	9.49720000E-005	-2.00000000E+000	1.00000000E+000	4.00000000E+000	-1.27500000E-011	-2.90000000E-012	8.30000000E-012	*
2.51500000E-011	-2.71900000E-006	-9.55830000E-005	2.70000000E+000	1.97000000E-011	2.72250000E-006	9.55980000E-005	-2.00000000E+000	1.00000000E+000	4.00000000E+000	-6.60010000E-012	4.79990000E-012	9.30010000E-012	*
-4.40000000E-012	-2.72490000E-006	-9.60820000E-005	2.80000000E+000	1.77500000E-011	2.72800000E-006	9.60940000E-005	-2.00000000E+000	1.00000000E+000	4.00000000E+000	1.60000000E-012	1.03000000E-011	1.40000000E-012	*
-2.56500000E-011	-2.70790000E-006	-9.65030000E-005	2.90000000E+000	7.49980000E-012	2.71200000E-006	9.65150000E-005	-2.00000000E+000	1.00000000E+000	4.00000000E+000	4.05010000E-012	3.35000000E-012	-5.34990000E-012	*
-2.69500000E-011	-2.70850000E-006	-9.68430000E-005	3.00000000E+000	-3.50000000E-012	2.70940000E-006	9.68390000E-005	-2.00000000E+000	1.00000000E+000	4.00000000E+000	7.10010000E-012	2.30000000E-012	-1.15500000E-011	*
-8.70010000E-012	-2.70200000E-006	-9.70880000E-005	3.10000000E+000	-7.45000000E-012	2.70000000E-006	9.70920000E-005	-2.00000000E+000	1.00000000E+000	4.00000000E+000	-3.00000000E-013	-5.50000000E-012	-8.14990000E-012	*
1.53500000E-011	-2.70640000E-006	-9.72890000E-005	3.20000000E+000	-2.50000000E-012	2.70440000E-006	9.72890000E-005	-2.00000000E+000	1.00000000E+000	4.00000000E+000	-8.59980000E-012	-1.06500000E-011	1.08000000E-011	*
3.22000000E-011	-2.70850000E-006	-9.74120000E-005	3.30000000E+000	8.49980000E-012	2.70350000E-006	9.74390000E-005	-2.00000000E+000	1.00000000E+000	4.00000000E+000	-8.45010000E-012	-2.45000000E-012	1.11000000E-011	*
2.56500000E-011	-2.70940000E-006	-9.74800000E-005	3.40000000E+000	1.64500000E-011	2.70640000E-006	9.74870000E-005	-2.00000000E+000	1.00000000E+000	4.00000000E+000	-1.14500000E-011	2.20000000E-012	3.99990000E-012	*
8.49980000E-013	-2.69440000E-006	-9.75500000E-005	3.50000000E+000	1.82500000E-011	2.69550000E-006	9.75540000E-005	-2.00000000E+000	1.00000000E+000	4.00000000E+000	-3.55010000E-012	4.54990000E-012	-2.40000000E-012	*
-2.61000000E-011	-2.68440000E-006	-9.75730000E-005	3.60000000E+000	4.40000000E-012	2.69090000E-006	9.75800000E-005	-2.00000000E+000	1.00000000E+000	4.00000000E+000	6.90000000E-012	8.35020000E-012	-7.25000000E-012	*
-2.94500000E-011	-2.68800000E-006	-9.75730000E-005	3.70000000E+000	-9.50020000E-013	2.69050000E-006	9.75800000E-005	-2.00000000E+000	1.00000000E+000	4.00000000E+000	4.00000000E-013	-8.65000000E-012	-5.34990000E-012	*
-1.80500000E-011	-2.69750000E-006	-9.75840000E-005	3.80000000E+000	-6.19990000E-012	2.69090000E-006	9.75730000E-005	-2.00000000E+000	1.00000000E+000	4.00000000E+000	-2.40000000E-012	-6.70000000E-012	-3.65000000E-012	*
1.50000000E-011	-2.68940000E-006	-9.75580000E-005	3.90000000E+000	1.00000000E-013	2.69050000E-006	9.75540000E-005	-2.00000000E+000	1.00000000E+000	4.00000000E+000	-1.01500000E-011	-5.94990000E-012	1.10500000E-011	*
3.33490000E-011	-2.68300000E-006	-9.75130000E-005	4.00000000E+000	7.20000000E-012	2.68940000E-006	9.75350000E-005	-2.00000000E+000	1.00000000E+000	4.00000000E+000	-1.32500000E-011	-1.04500000E-011	1.05500000E-011	*
2.78500000E-011	-2.68550000E-006	-9.74570000E-005	4.10000000E+000	2.03000000E-011	2.68050000E-006	9.74720000E-005	-2.00000000E+000	1.00000000E+000	4.00000000E+000	-1.00000000E-011	6.00010000E-012	2.35000000E-012	*
1.15000000E-012	-2.68440000E-006	-9.74090000E-005	4.20000000E+000	2.18500000E-011	2.67450000E-006	9.74090000E-005	-2.00000000E+000	1.00000000E+000	4.00000000E+000	-7.54990000E-012	7.79990000E-012	-1.05000000E-011	*
-2.31000000E-011	-2.66800000E-006	-9.73680000E-005	4.30000000E+000	9.84990000E-012	2.66540000E-006	9.73600000E-005	-2.00000000E+000	1.00000000E+000	4.00000000E+000	5.85000000E-012	6.44990000E-012	-1.20500000E-011	*
-2.92990000E-011	-2.67740000E-006	-9.72890000E-005	4.40000000E+000	2.95000000E-012	2.67550000E-006	9.72890000E-005	-2.00000000E+000	1.00000000E+000	4.00000000E+000	3.45000000E-012	-1.75000000E-012	3.20000000E-012	*
-1.01000000E-011	-2.66150000E-006	-9.72300000E-005	4.50000000E+000	-3.60000000E-012	2.66300000E-006	9.72370000E-005	-2.00000000E+000	1.00000000E+000	4.00000000E+000	-5.50000000E-013	-4.84990000E-012	6.15000000E-012	*
1.64500000E-011	-2.66850000E-006	-9.71480000E-005	4.60000000E+000	8.49980000E-013	2.66390000E-006	9.71550000E-005	-2.00000000E+000	1.00000000E+000	4.00000000E+000	-4.54990000E-012	-6.00010000E-012	9.55010000E-012	*
3.14500000E-011	-2.66700000E-006	-9.70770000E-005	4.70000000E+000	1.16000000E-011	2.66350000E-006	9.70920000E-005	-2.00000000E+000	1.00000000E+000	4.00000000E+000	-1.78500000E-011	-7.15000000E-012	8.84980000E-012	*
2.46490000E-011	-2.66450000E-006	-9.70180000E-005	4.80000000E+000	2.40000000E-011	2.66190000E-006	9.70400000E-005	-2.00000000E+000	1.00000000E+000	4.00000000E+000	-1.18000000E-011	5.50000000E-012	-8.10020000E-012	*
3.00010000E-012	-2.65950000E-006	-9.69540000E-005	4.90000000E+000	2.63500000E-011	2.66000000E-006	9.69540000E-005	-2.00000000E+000	1.00000000E+000	4.00000000E+000	-9.69980000E-012	1.31500000E-011	-6.49990000E-012	*
-2.33000000E-011	-2.65300000E-006	-9.69100000E-005	5.00000000E+000	1.61000000E-011	2.65690000E-006	9.68980000E-005	-2.00000000E+000	1.00000000E+000	4.00000000E+000	-6.95000000E-012	5.00000000E-014	-6.85010000E-012	*

TEST RESULTS:  OUTPUT  04/28/2025  16:46:17


