ATTRIBUTES:

Attribute #1:C:\Metrics\ics\projects\6.2600J_S25\transistor_measurement.ics
Attribute #2:Test
Attribute #3:dev1
Attribute #4:PASSED
SETUP:TRANSFER  04/28/2025  15:41:55
DATE:04/28/2025
TIME:15:41:55

CONDITIONS:

ID:	D	
UNIT:	SMU2	
MODE: STEP	
START:	0.5	
STOP:	5	
PNTS:	2	
STEP:	4.5

ID:	G	
UNIT:	SMU4	
MODE: SWEEP	
START:	-2	
STOP:	4	
PNTS:	61	
STEP:	0.1

ID:	S	
UNIT:	SMU1	
MODE: CONST	
VALUE:	0

DATA:  TRANSFER  04/28/2025  15:41:55

IS	IS2	VD	VD2	ID	ID2	VG	IG	IG2	ACCSTRESS
-3.24010000E-011	2.33500000E-011	5.00000000E-001	5.00000000E+000	-3.15000000E-012	8.75000000E-011	-2.00000000E+000	-1.33000000E-011	-6.16500000E-011	0.00000000E+000
2.02000000E-011	-3.55500000E-011	5.00000000E-001	5.00000000E+000	1.29500000E-011	4.41990000E-011	-1.90000000E+000	3.44510000E-011	-2.32000000E-011	*
-7.64990000E-012	-3.06490000E-011	5.00000000E-001	5.00000000E+000	1.24500000E-011	2.46490000E-011	-1.80000000E+000	4.67010000E-011	-6.05010000E-012	*
-3.48010000E-011	1.90000000E-012	5.00000000E-001	5.00000000E+000	-1.14000000E-011	2.47000000E-011	-1.70000000E+000	6.05990000E-011	-4.54990000E-012	*
-3.32000000E-011	2.17500000E-011	5.00000000E-001	5.00000000E+000	-9.09980000E-012	1.88500000E-011	-1.60000000E+000	6.36510000E-011	4.20000000E-012	*
-2.55990000E-011	2.13500000E-011	5.00000000E-001	5.00000000E+000	-1.17500000E-011	2.63500000E-011	-1.50000000E+000	5.01010000E-011	2.52000000E-011	*
7.74980000E-012	-7.35010000E-012	5.00000000E-001	5.00000000E+000	-1.54500000E-011	2.09000000E-011	-1.40000000E+000	5.28010000E-011	4.31000000E-011	*
2.43000000E-011	-2.68000000E-011	5.00000000E-001	5.00000000E+000	2.55000000E-012	7.54990000E-012	-1.30000000E+000	3.96500000E-011	4.78000000E-011	*
1.92000000E-011	-4.04000000E-011	5.00000000E-001	5.00000000E+000	2.58490000E-011	-3.80010000E-012	-1.20000000E+000	3.63000000E-011	5.83500000E-011	*
-8.35020000E-012	-2.05500000E-011	5.00000000E-001	5.00000000E+000	-3.45000000E-012	-9.09980000E-012	-1.10000000E+000	6.21020000E-011	4.75000000E-011	*
-3.35500000E-011	1.61000000E-011	5.00000000E-001	5.00000000E+000	7.70000000E-012	-6.99990000E-013	-1.00000000E+000	6.26490000E-011	4.18490000E-011	*
-4.12010000E-011	2.76500000E-011	5.00000000E-001	5.00000000E+000	-1.21500000E-011	1.39500000E-011	-9.00000000E-001	7.33990000E-011	4.51000000E-011	*
-1.67500000E-011	1.47000000E-011	5.00000000E-001	5.00000000E+000	-1.87000000E-011	2.03500000E-011	-8.00000000E-001	5.85490000E-011	4.31990000E-011	*
6.10000000E-012	-1.65500000E-011	5.00000000E-001	5.00000000E+000	-6.00010000E-012	1.23500000E-011	-7.00000000E-001	4.86000000E-011	5.60990000E-011	*
2.45000000E-011	-3.62000000E-011	5.00000000E-001	5.00000000E+000	7.60010000E-012	4.70000000E-012	-6.00000000E-001	4.79490000E-011	5.21500000E-011	*
1.62500000E-011	-2.50500000E-011	5.00000000E-001	5.00000000E+000	6.55010000E-012	-9.20020000E-012	-5.00000000E-001	3.31010000E-011	4.77010000E-011	*
-1.18500000E-011	1.25500000E-011	5.00000000E-001	5.00000000E+000	1.59500000E-011	6.50000000E-013	-4.00000000E-001	5.13490000E-011	4.61500000E-011	*
-3.24010000E-011	3.75510000E-011	5.00000000E-001	5.00000000E+000	-1.59990000E-012	9.59990000E-012	-3.00000000E-001	6.65000000E-011	3.01500000E-011	*
-3.79000000E-011	4.04990000E-011	5.00000000E-001	5.00000000E+000	-3.60000000E-012	2.34000000E-011	-2.00000000E-001	6.44000000E-011	3.15000000E-011	*
-1.85490000E-011	1.76500000E-011	5.00000000E-001	5.00000000E+000	-1.31000000E-011	2.04000000E-011	-1.00000000E-001	6.14510000E-011	1.91500000E-011	*
1.20000000E-011	-8.45010000E-012	5.00000000E-001	5.00000000E+000	-2.14990000E-012	8.39990000E-012	0.00000000E+000	4.49510000E-011	2.07490000E-011	*
4.99990000E-013	-9.94980000E-012	5.00000000E-001	5.00000000E+000	3.22000000E-011	2.90000000E-012	1.00000000E-001	4.48000000E-011	2.24500000E-011	*
-3.09140000E-010	-1.19500000E-011	5.00000000E-001	5.00000000E+000	3.36000000E-010	1.87000000E-011	2.00000000E-001	3.71510000E-011	2.07490000E-011	*
-1.00950000E-009	-3.05750000E-010	5.00000000E-001	5.00000000E+000	9.61450000E-010	3.47450000E-010	3.00000000E-001	-4.45000000E-012	2.44000000E-011	*
-3.80990000E-009	-1.55690000E-009	5.00000000E-001	5.00000000E+000	3.73550000E-009	1.52400000E-009	4.00000000E-001	-8.84980000E-012	-1.90500000E-011	*
-8.20860000E-009	-7.17270000E-009	5.00000000E-001	5.00000000E+000	8.23730000E-009	7.27730000E-009	5.00000000E-001	3.95000000E-012	5.90990000E-011	*
-1.33100000E-008	-1.97300000E-008	5.00000000E-001	5.00000000E+000	1.28050000E-008	1.96250000E-008	6.00000000E-001	5.00000000E-012	3.74990000E-012	*
-2.01800000E-008	-4.50450000E-008	5.00000000E-001	5.00000000E+000	2.01350000E-008	4.50150000E-008	7.00000000E-001	3.98510000E-011	1.27000000E-011	*
-2.96850000E-008	-8.68640000E-008	5.00000000E-001	5.00000000E+000	2.96410000E-008	8.67250000E-008	8.00000000E-001	6.99990000E-012	2.11500000E-011	*
-4.18550000E-008	-1.45250000E-007	5.00000000E-001	5.00000000E+000	4.19260000E-008	1.44900000E-007	9.00000000E-001	2.80000000E-012	-8.70010000E-012	*
-5.85750000E-008	-2.29100000E-007	5.00000000E-001	5.00000000E+000	5.83290000E-008	2.28890000E-007	1.00000000E+000	1.48500000E-011	4.50000000E-012	*
-7.96610000E-008	-3.41450000E-007	5.00000000E-001	5.00000000E+000	8.03740000E-008	3.41200000E-007	1.10000000E+000	-5.09990000E-012	-4.99980000E-014	*
-1.03300000E-007	-4.84340000E-007	5.00000000E-001	5.00000000E+000	1.00300000E-007	4.84080000E-007	1.20000000E+000	4.05010000E-012	1.26500000E-011	*
-1.30700000E-007	-6.60890000E-007	5.00000000E-001	5.00000000E+000	1.30550000E-007	6.60600000E-007	1.30000000E+000	-1.30000000E-012	-5.80000000E-012	*
-1.73600000E-007	-8.73780000E-007	5.00000000E-001	5.00000000E+000	1.72700000E-007	8.73230000E-007	1.40000000E+000	-1.45000000E-012	-1.78000000E-011	*
-2.30500000E-007	-1.11750000E-006	5.00000000E-001	5.00000000E+000	2.29950000E-007	1.11600000E-006	1.50000000E+000	1.77500000E-011	-5.00000000E-012	*
-2.87090000E-007	-1.40800000E-006	5.00000000E-001	5.00000000E+000	2.86400000E-007	1.40650000E-006	1.60000000E+000	-7.49980000E-012	-1.45500000E-011	*
-3.62490000E-007	-1.74950000E-006	5.00000000E-001	5.00000000E+000	3.60890000E-007	1.74750000E-006	1.70000000E+000	1.34000000E-011	1.11000000E-011	*
-4.52240000E-007	-2.13690000E-006	5.00000000E-001	5.00000000E+000	4.49740000E-007	2.13650000E-006	1.80000000E+000	4.95000000E-012	-5.80000000E-012	*
-5.61730000E-007	-2.57500000E-006	5.00000000E-001	5.00000000E+000	5.57080000E-007	2.57450000E-006	1.90000000E+000	-1.06000000E-011	-5.00000000E-012	*
-6.82600000E-007	-3.06590000E-006	5.00000000E-001	5.00000000E+000	6.77830000E-007	3.06700000E-006	2.00000000E+000	3.12500000E-011	9.40000000E-012	*
-8.26370000E-007	-3.61250000E-006	5.00000000E-001	5.00000000E+000	8.23490000E-007	3.61290000E-006	2.10000000E+000	-4.90010000E-012	-6.49990000E-012	*
-1.00170000E-006	-4.21450000E-006	5.00000000E-001	5.00000000E+000	1.00150000E-006	4.21150000E-006	2.20000000E+000	-1.25000000E-012	1.01000000E-011	*
-1.12750000E-006	-4.86850000E-006	5.00000000E-001	5.00000000E+000	1.11750000E-006	4.86990000E-006	2.30000000E+000	1.34000000E-011	1.73500000E-011	*
-1.30250000E-006	-5.59240000E-006	5.00000000E-001	5.00000000E+000	1.30450000E-006	5.58930000E-006	2.40000000E+000	1.02500000E-011	-2.27000000E-011	*
-1.55100000E-006	-6.37230000E-006	5.00000000E-001	5.00000000E+000	1.55300000E-006	6.37090000E-006	2.50000000E+000	-3.90000000E-012	1.16000000E-011	*
-1.79750000E-006	-7.21640000E-006	5.00000000E-001	5.00000000E+000	1.79250000E-006	7.21590000E-006	2.60000000E+000	3.77990000E-011	-6.79990000E-012	*
-2.06250000E-006	-8.12530000E-006	5.00000000E-001	5.00000000E+000	2.05950000E-006	8.12350000E-006	2.70000000E+000	-1.00500000E-011	-1.25500000E-011	*
-2.37040000E-006	-9.09860000E-006	5.00000000E-001	5.00000000E+000	2.36390000E-006	9.10180000E-006	2.80000000E+000	4.45000000E-012	1.91000000E-011	*
-2.68740000E-006	-1.01500000E-005	5.00000000E-001	5.00000000E+000	2.68440000E-006	1.01460000E-005	2.90000000E+000	2.08000000E-011	6.24990000E-012	*
-3.03540000E-006	-1.11400000E-005	5.00000000E-001	5.00000000E+000	3.02900000E-006	1.11350000E-005	3.00000000E+000	-1.44000000E-011	-6.30010000E-012	*
-3.39790000E-006	-1.22800000E-005	5.00000000E-001	5.00000000E+000	3.39290000E-006	1.22800000E-005	3.10000000E+000	4.48000000E-011	-2.69000000E-011	*
-3.75500000E-006	-1.35400000E-005	5.00000000E-001	5.00000000E+000	3.75190000E-006	1.35400000E-005	3.20000000E+000	4.40000000E-012	8.14990000E-012	*
-4.12950000E-006	-1.48700000E-005	5.00000000E-001	5.00000000E+000	4.13690000E-006	1.48650000E-005	3.30000000E+000	-7.99970000E-013	1.30500000E-011	*
-4.54650000E-006	-1.62600000E-005	5.00000000E-001	5.00000000E+000	4.54140000E-006	1.62600000E-005	3.40000000E+000	3.77000000E-011	-1.37000000E-011	*
-4.97090000E-006	-1.77250000E-005	5.00000000E-001	5.00000000E+000	4.96790000E-006	1.77200000E-005	3.50000000E+000	-1.15000000E-011	1.22000000E-011	*
-5.37890000E-006	-1.92600000E-005	5.00000000E-001	5.00000000E+000	5.37790000E-006	1.92550000E-005	3.60000000E+000	7.10010000E-012	1.50000000E-013	*
-5.82590000E-006	-2.08600000E-005	5.00000000E-001	5.00000000E+000	5.83240000E-006	2.08550000E-005	3.70000000E+000	2.07000000E-011	-7.39980000E-012	*
-6.25450000E-006	-2.25250000E-005	5.00000000E-001	5.00000000E+000	6.25690000E-006	2.25250000E-005	3.80000000E+000	-1.60000000E-011	2.45500000E-011	*
-6.69040000E-006	-2.42690000E-005	5.00000000E-001	5.00000000E+000	6.68550000E-006	2.42600000E-005	3.90000000E+000	2.65500000E-011	-1.47000000E-011	*
-7.13050000E-006	-2.60700000E-005	5.00000000E-001	5.00000000E+000	7.13050000E-006	2.60590000E-005	4.00000000E+000	2.96000000E-011	6.30010000E-012	*

TEST RESULTS:  TRANSFER  04/28/2025  15:41:55


SETUP:OUTPUT  04/28/2025  15:42:46
DATE:04/28/2025
TIME:15:42:46

CONDITIONS:

ID:	D	
UNIT:	SMU2	
MODE: SWEEP	
START:	0	
STOP:	5	
PNTS:	51	
STEP:	0.1

ID:	G	
UNIT:	SMU4	
MODE: STEP	
START:	-2	
STOP:	4	
PNTS:	3	
STEP:	3

ID:	S	
UNIT:	SMU1	
MODE: CONST	
VALUE:	0

DATA:  OUTPUT  04/28/2025  15:42:46

IS	IS2	IS3	VD	ID	ID2	ID3	VG	VG2	VG3	IG	IG2	IG3	ACCSTRESS
-2.92990000E-011	-2.77500000E-010	-3.57740000E-009	0.00000000E+000	-1.28000000E-011	2.32250000E-010	3.26250000E-009	-2.00000000E+000	1.00000000E+000	4.00000000E+000	-1.68500000E-011	3.00000000E-013	1.67000000E-011	0.00000000E+000
3.42500000E-011	-1.02450000E-007	-1.93750000E-006	1.00000000E-001	8.80000000E-012	1.01350000E-007	1.92750000E-006	-2.00000000E+000	1.00000000E+000	4.00000000E+000	-1.83000000E-011	1.11000000E-011	3.74490000E-011	*
2.50000000E-011	-1.71950000E-007	-3.67290000E-006	2.00000000E-001	1.44000000E-011	1.72450000E-007	3.67440000E-006	-2.00000000E+000	1.00000000E+000	4.00000000E+000	-2.09000000E-011	9.69980000E-012	9.69980000E-012	*
-1.80000000E-012	-2.29800000E-007	-5.33210000E-006	3.00000000E-001	1.95000000E-011	2.29690000E-007	5.33250000E-006	-2.00000000E+000	1.00000000E+000	4.00000000E+000	1.25000000E-012	-1.75000000E-011	-2.07000000E-011	*
-1.91000000E-011	-2.75640000E-007	-6.87340000E-006	4.00000000E-001	9.00000000E-013	2.75600000E-007	6.87340000E-006	-2.00000000E+000	1.00000000E+000	4.00000000E+000	1.35000000E-012	-4.47010000E-011	-2.82500000E-011	*
-3.48500000E-011	-3.11890000E-007	-8.29760000E-006	5.00000000E-001	-8.59980000E-012	3.11950000E-007	8.29340000E-006	-2.00000000E+000	1.00000000E+000	4.00000000E+000	1.10000000E-012	-5.60490000E-011	-2.18000000E-011	*
-1.35000000E-011	-3.42190000E-007	-9.59870000E-006	6.00000000E-001	-5.50000000E-012	3.42490000E-007	9.59730000E-006	-2.00000000E+000	1.00000000E+000	4.00000000E+000	1.25000000E-012	-5.51010000E-011	1.10500000E-011	*
1.79500000E-011	-3.64700000E-007	-1.07600000E-005	7.00000000E-001	-6.50000000E-013	3.64290000E-007	1.07600000E-005	-2.00000000E+000	1.00000000E+000	4.00000000E+000	-1.46000000E-011	-6.69010000E-011	2.00000000E-011	*
2.75000000E-011	-3.84200000E-007	-1.18300000E-005	8.00000000E-001	1.33000000E-011	3.83690000E-007	1.18350000E-005	-2.00000000E+000	1.00000000E+000	4.00000000E+000	-1.89500000E-011	-6.18000000E-011	2.88990000E-011	*
2.19500000E-011	-3.97990000E-007	-1.28000000E-005	9.00000000E-001	1.49000000E-011	3.97240000E-007	1.28000000E-005	-2.00000000E+000	1.00000000E+000	4.00000000E+000	-1.20500000E-011	-6.65000000E-011	-8.55000000E-012	*
-1.80000000E-012	-4.06540000E-007	-1.36750000E-005	1.00000000E+000	1.09000000E-011	4.06640000E-007	1.36850000E-005	-2.00000000E+000	1.00000000E+000	4.00000000E+000	-1.35000000E-012	-7.94000000E-011	-2.59500000E-011	*
-2.72500000E-011	-4.14500000E-007	-1.44750000E-005	1.10000000E+000	5.25000000E-012	4.14600000E-007	1.44850000E-005	-2.00000000E+000	1.00000000E+000	4.00000000E+000	2.55000000E-012	-6.53980000E-011	-1.56000000E-011	*
-2.99490000E-011	-4.19690000E-007	-1.52150000E-005	1.20000000E+000	-8.45010000E-012	4.19390000E-007	1.52250000E-005	-2.00000000E+000	1.00000000E+000	4.00000000E+000	3.95000000E-012	-4.61500000E-011	1.26500000E-011	*
-1.17500000E-011	-4.22790000E-007	-1.58740000E-005	1.30000000E+000	-5.85000000E-012	4.22750000E-007	1.58850000E-005	-2.00000000E+000	1.00000000E+000	4.00000000E+000	5.85000000E-012	-3.34510000E-011	4.27000000E-011	*
1.41500000E-011	-4.25090000E-007	-1.64800000E-005	1.40000000E+000	2.30000000E-012	4.24890000E-007	1.64840000E-005	-2.00000000E+000	1.00000000E+000	4.00000000E+000	-1.15500000E-011	-1.60000000E-011	2.81000000E-011	*
2.98000000E-011	-4.26340000E-007	-1.70390000E-005	1.50000000E+000	1.00000000E-011	4.26390000E-007	1.70500000E-005	-2.00000000E+000	1.00000000E+000	4.00000000E+000	-2.15000000E-011	-5.55000000E-012	-4.40000000E-012	*
2.13000000E-011	-4.27100000E-007	-1.75600000E-005	1.60000000E+000	1.93000000E-011	4.27000000E-007	1.75690000E-005	-2.00000000E+000	1.00000000E+000	4.00000000E+000	-1.59000000E-011	-1.67500000E-011	-1.44000000E-011	*
-5.09990000E-012	-4.27450000E-007	-1.80400000E-005	1.70000000E+000	1.62000000E-011	4.27390000E-007	1.80550000E-005	-2.00000000E+000	1.00000000E+000	4.00000000E+000	-1.15000000E-012	-2.63500000E-011	-3.40000000E-011	*
-3.05500000E-011	-4.27800000E-007	-1.84850000E-005	1.80000000E+000	2.70000000E-012	4.27590000E-007	1.84800000E-005	-2.00000000E+000	1.00000000E+000	4.00000000E+000	5.34990000E-012	-2.78500000E-011	1.65000000E-012	*
-2.69500000E-011	-4.27740000E-007	-1.88840000E-005	1.90000000E+000	-4.50000000E-012	4.27740000E-007	1.88950000E-005	-2.00000000E+000	1.00000000E+000	4.00000000E+000	8.84980000E-012	-2.58000000E-011	2.17500000E-011	*
-4.35010000E-012	-4.27800000E-007	-1.92700000E-005	2.00000000E+000	-7.49980000E-012	4.27640000E-007	1.92750000E-005	-2.00000000E+000	1.00000000E+000	4.00000000E+000	-2.35000000E-012	-9.15000000E-012	3.14500000E-011	*
1.97490000E-011	-4.27640000E-007	-1.96150000E-005	2.10000000E+000	1.55000000E-012	4.27540000E-007	1.96200000E-005	-2.00000000E+000	1.00000000E+000	4.00000000E+000	-1.24500000E-011	-6.74990000E-012	1.67500000E-011	*
3.01500000E-011	-4.27350000E-007	-1.99450000E-005	2.20000000E+000	1.13500000E-011	4.27290000E-007	1.99600000E-005	-2.00000000E+000	1.00000000E+000	4.00000000E+000	-1.55500000E-011	8.10020000E-012	-8.80000000E-012	*
2.09500000E-011	-4.27100000E-007	-2.02500000E-005	2.30000000E+000	2.46490000E-011	4.27040000E-007	2.02600000E-005	-2.00000000E+000	1.00000000E+000	4.00000000E+000	-1.64500000E-011	-5.60000000E-012	-2.57000000E-011	*
-9.09980000E-012	-4.26840000E-007	-2.05240000E-005	2.40000000E+000	1.67000000E-011	4.26690000E-007	2.05200000E-005	-2.00000000E+000	1.00000000E+000	4.00000000E+000	-1.35000000E-012	-1.45500000E-011	-1.18000000E-011	*
-2.91500000E-011	-4.26690000E-007	-2.08090000E-005	2.50000000E+000	2.14990000E-012	4.26550000E-007	2.08050000E-005	-2.00000000E+000	1.00000000E+000	4.00000000E+000	7.15000000E-012	-1.97000000E-011	1.46500000E-011	*
-2.32000000E-011	-4.26650000E-007	-2.10350000E-005	2.60000000E+000	6.99990000E-013	4.26440000E-007	2.10390000E-005	-2.00000000E+000	1.00000000E+000	4.00000000E+000	-3.65000000E-012	-2.04500000E-011	1.00000000E-013	*
-7.04990000E-012	-4.26390000E-007	-2.12750000E-005	2.70000000E+000	-4.20000000E-012	4.26240000E-007	2.12840000E-005	-2.00000000E+000	1.00000000E+000	4.00000000E+000	-1.80000000E-012	-3.90000000E-012	-5.50000000E-013	*
1.91500000E-011	-4.26200000E-007	-2.14950000E-005	2.80000000E+000	4.84990000E-012	4.26040000E-007	2.15050000E-005	-2.00000000E+000	1.00000000E+000	4.00000000E+000	-1.41000000E-011	9.99980000E-013	-2.78500000E-011	*
3.12990000E-011	-4.25850000E-007	-2.17000000E-005	2.90000000E+000	1.36000000E-011	4.25750000E-007	2.17150000E-005	-2.00000000E+000	1.00000000E+000	4.00000000E+000	-1.93500000E-011	1.65000000E-012	-5.11500000E-011	*
2.54000000E-011	-4.25500000E-007	-2.19050000E-005	3.00000000E+000	1.83500000E-011	4.25340000E-007	2.19090000E-005	-2.00000000E+000	1.00000000E+000	4.00000000E+000	-1.92500000E-011	4.20000000E-012	-6.31500000E-011	*
-7.95010000E-012	-4.25240000E-007	-2.20750000E-005	3.10000000E+000	2.05500000E-011	4.25090000E-007	2.20800000E-005	-2.00000000E+000	1.00000000E+000	4.00000000E+000	-2.25000000E-012	-1.51500000E-011	-6.87980000E-011	*
-3.25500000E-011	-4.25090000E-007	-2.22600000E-005	3.20000000E+000	4.95000000E-012	4.24990000E-007	2.22700000E-005	-2.00000000E+000	1.00000000E+000	4.00000000E+000	8.24980000E-012	-2.50000000E-011	-4.53500000E-011	*
-2.44500000E-011	-4.24950000E-007	-2.24350000E-005	3.30000000E+000	-6.95000000E-012	4.24740000E-007	2.24450000E-005	-2.00000000E+000	1.00000000E+000	4.00000000E+000	4.50000000E-012	-1.17500000E-011	-6.32990000E-011	*
-1.42500000E-011	-4.24740000E-007	-2.25740000E-005	3.40000000E+000	4.20000000E-012	4.24600000E-007	2.25900000E-005	-2.00000000E+000	1.00000000E+000	4.00000000E+000	5.80000000E-012	-1.25000000E-012	-7.95990000E-011	*
1.74000000E-011	-4.24490000E-007	-2.27250000E-005	3.50000000E+000	3.50000000E-013	4.24350000E-007	2.27250000E-005	-2.00000000E+000	1.00000000E+000	4.00000000E+000	-1.03000000E-011	9.74990000E-012	-8.21000000E-011	*
3.31010000E-011	-4.24140000E-007	-2.28550000E-005	3.60000000E+000	1.75500000E-011	4.24000000E-007	2.28550000E-005	-2.00000000E+000	1.00000000E+000	4.00000000E+000	-2.63000000E-011	7.35010000E-012	-9.36990000E-011	*
1.96000000E-011	-4.23790000E-007	-2.29850000E-005	3.70000000E+000	2.70500000E-011	4.23690000E-007	2.29940000E-005	-2.00000000E+000	1.00000000E+000	4.00000000E+000	-1.38000000E-011	-4.05010000E-012	-9.22000000E-011	*
-8.95020000E-012	-4.23550000E-007	-2.31100000E-005	3.80000000E+000	1.57000000E-011	4.23390000E-007	2.31150000E-005	-2.00000000E+000	1.00000000E+000	4.00000000E+000	2.30000000E-012	-1.46500000E-011	-6.02010000E-011	*
-2.62000000E-011	-4.23450000E-007	-2.32390000E-005	3.90000000E+000	1.06500000E-011	4.23200000E-007	2.32390000E-005	-2.00000000E+000	1.00000000E+000	4.00000000E+000	1.25000000E-012	-1.30000000E-011	-2.33500000E-011	*
-2.71500000E-011	-4.23240000E-007	-2.33450000E-005	4.00000000E+000	-2.50000000E-012	4.23100000E-007	2.33550000E-005	-2.00000000E+000	1.00000000E+000	4.00000000E+000	2.65000000E-012	-1.04500000E-011	-1.99500000E-011	*
-5.75010000E-012	-4.23100000E-007	-2.34400000E-005	4.10000000E+000	5.64990000E-012	4.22940000E-007	2.34500000E-005	-2.00000000E+000	1.00000000E+000	4.00000000E+000	5.00000000E-012	2.35000000E-012	-1.89500000E-011	*
1.93000000E-011	-4.22850000E-007	-2.35450000E-005	4.20000000E+000	1.26000000E-011	4.22690000E-007	2.35400000E-005	-2.00000000E+000	1.00000000E+000	4.00000000E+000	-1.50000000E-011	9.24990000E-012	-3.43000000E-011	*
2.64500000E-011	-4.22590000E-007	-2.36400000E-005	4.30000000E+000	2.13500000E-011	4.22240000E-007	2.36550000E-005	-2.00000000E+000	1.00000000E+000	4.00000000E+000	-2.40000000E-011	-3.50000000E-013	-4.27000000E-011	*
1.83500000E-011	-4.22300000E-007	-2.37300000E-005	4.40000000E+000	3.68010000E-011	4.22090000E-007	2.37390000E-005	-2.00000000E+000	1.00000000E+000	4.00000000E+000	-2.50500000E-011	-1.95000000E-012	-3.52000000E-011	*
-1.47500000E-011	-4.21890000E-007	-2.38200000E-005	4.50000000E+000	3.55010000E-011	4.21840000E-007	2.38250000E-005	-2.00000000E+000	1.00000000E+000	4.00000000E+000	-1.79000000E-011	-1.47000000E-011	-1.71990000E-011	*
-3.09990000E-011	-4.21840000E-007	-2.39000000E-005	4.60000000E+000	2.08500000E-011	4.21640000E-007	2.39100000E-005	-2.00000000E+000	1.00000000E+000	4.00000000E+000	-1.01000000E-011	-2.13000000E-011	-1.18500000E-011	*
-2.32000000E-011	-4.21740000E-007	-2.39900000E-005	4.70000000E+000	2.37000000E-011	4.21500000E-007	2.39900000E-005	-2.00000000E+000	1.00000000E+000	4.00000000E+000	-2.09000000E-011	-2.30000000E-012	-1.46000000E-011	*
-4.50000000E-013	-4.21500000E-007	-2.40550000E-005	4.80000000E+000	3.53000000E-011	4.21340000E-007	2.40640000E-005	-2.00000000E+000	1.00000000E+000	4.00000000E+000	-3.31500000E-011	9.00000000E-013	-1.47000000E-011	*
2.63500000E-011	-4.21050000E-007	-2.41150000E-005	4.90000000E+000	5.60990000E-011	4.21090000E-007	2.41250000E-005	-2.00000000E+000	1.00000000E+000	4.00000000E+000	-6.63010000E-011	8.35020000E-012	-2.18000000E-011	*
3.31010000E-011	-4.20940000E-007	-2.41950000E-005	5.00000000E+000	8.44520000E-011	4.20700000E-007	2.41950000E-005	-2.00000000E+000	1.00000000E+000	4.00000000E+000	-9.16990000E-011	8.65000000E-012	-2.53000000E-011	*

TEST RESULTS:  OUTPUT  04/28/2025  15:42:46


