ATTRIBUTES:

Attribute #1:C:\Metrics\ics\projects\6.2600J_S25\transistor_measurement.ics
Attribute #2:Test
Attribute #3:dev1
Attribute #4:PASSED
SETUP:TRANSFER  04/28/2025  15:30:23
DATE:04/28/2025
TIME:15:30:23

CONDITIONS:

ID:	D	
UNIT:	SMU2	
MODE: STEP	
START:	0.5	
STOP:	5	
PNTS:	2	
STEP:	4.5

ID:	G	
UNIT:	SMU4	
MODE: SWEEP	
START:	-2	
STOP:	4	
PNTS:	61	
STEP:	0.1

ID:	S	
UNIT:	SMU1	
MODE: CONST	
VALUE:	0

DATA:  TRANSFER  04/28/2025  15:30:23

IS	IS2	VD	VD2	ID	ID2	VG	IG	IG2	ACCSTRESS
-1.02050000E-010	9.83500000E-011	5.00000000E-001	5.00000000E+000	-1.17250000E-010	2.15600000E-010	-2.00000000E+000	-4.00010000E-010	-2.35000000E-010	0.00000000E+000
-9.94010000E-011	1.42150000E-010	5.00000000E-001	5.00000000E+000	-6.84000000E-011	1.45350000E-010	-1.90000000E+000	4.04500000E-009	-4.11000000E-009	*
1.68300000E-010	-1.16000000E-010	5.00000000E-001	5.00000000E+000	7.84010000E-011	-3.82010000E-011	-1.80000000E+000	-4.15500000E-009	3.42500000E-009	*
1.80200000E-010	1.46200000E-010	5.00000000E-001	5.00000000E+000	6.41520000E-011	1.22050000E-010	-1.70000000E+000	-4.14500000E-009	-3.98990000E-009	*
1.57900000E-010	1.36800000E-010	5.00000000E-001	5.00000000E+000	9.33010000E-011	1.13950000E-010	-1.60000000E+000	-3.91990000E-009	-3.09000000E-009	*
-8.80510000E-011	-1.09200000E-010	5.00000000E-001	5.00000000E+000	-8.79510000E-011	-6.85000000E-011	-1.50000000E+000	3.74510000E-009	3.61000000E-009	*
1.63700000E-010	1.40700000E-010	5.00000000E-001	5.00000000E+000	8.93010000E-011	1.01550000E-010	-1.40000000E+000	-4.10500000E-009	-3.33500000E-009	*
-8.54000000E-011	-1.08550000E-010	5.00000000E-001	5.00000000E+000	-8.62000000E-011	-7.59500000E-011	-1.30000000E+000	3.56000000E-009	3.87490000E-009	*
1.70900000E-010	1.43400000E-010	5.00000000E-001	5.00000000E+000	8.48990000E-011	9.94010000E-011	-1.20000000E+000	-4.02500000E-009	-3.98990000E-009	*
-8.58510000E-011	1.47600000E-010	5.00000000E-001	5.00000000E+000	-7.94000000E-011	9.50000000E-011	-1.10000000E+000	3.79510000E-009	-4.08500000E-009	*
1.64650000E-010	1.54850000E-010	5.00000000E-001	5.00000000E+000	9.09000000E-011	8.98480000E-011	-1.00000000E+000	-3.73510000E-009	-4.25510000E-009	*
-9.21010000E-011	1.56950000E-010	5.00000000E-001	5.00000000E+000	-7.22510000E-011	8.73510000E-011	-9.00000000E-001	4.02500000E-009	-4.05500000E-009	*
1.86400000E-010	-1.23500000E-010	5.00000000E-001	5.00000000E+000	7.26000000E-011	-4.41990000E-011	-8.00000000E-001	-4.32010000E-009	5.44490000E-009	*
1.69750000E-010	1.49350000E-010	5.00000000E-001	5.00000000E+000	8.92020000E-011	8.93010000E-011	-7.00000000E-001	-3.52500000E-009	-3.82010000E-009	*
-8.31510000E-011	-1.16700000E-010	5.00000000E-001	5.00000000E+000	-8.52510000E-011	-5.29000000E-011	-6.00000000E-001	3.02500000E-009	5.68000000E-009	*
-1.38150000E-010	-1.12750000E-010	5.00000000E-001	5.00000000E+000	-1.70000000E-011	-5.90500000E-011	-5.00000000E-001	4.33510000E-009	4.08500000E-009	*
-2.02700000E-010	5.45500000E-011	5.00000000E-001	5.00000000E+000	4.17500000E-011	1.81000000E-010	-4.00000000E-001	3.95990000E-009	-4.21000000E-009	*
2.86500000E-011	-1.05170000E-009	5.00000000E-001	5.00000000E+000	2.17200000E-010	9.60030000E-010	-3.00000000E-001	-4.38990000E-009	3.95490000E-009	*
-7.52500000E-011	-3.36640000E-009	5.00000000E-001	5.00000000E+000	3.22150000E-010	3.12190000E-009	-2.00000000E-001	-3.85990000E-009	1.67000000E-009	*
-5.14940000E-010	-1.04600000E-008	5.00000000E-001	5.00000000E+000	2.58000000E-010	9.58020000E-009	-1.00000000E-001	3.17000000E-009	1.79000000E-009	*
-7.38540000E-010	-2.47300000E-008	5.00000000E-001	5.00000000E+000	4.12400000E-010	2.48650000E-008	0.00000000E+000	3.42500000E-009	9.74980000E-010	*
-1.05170000E-009	-4.99460000E-008	5.00000000E-001	5.00000000E+000	6.67000000E-010	4.91750000E-008	1.00000000E-001	3.23500000E-009	-1.44000000E-009	*
-1.10850000E-009	-8.14030000E-008	5.00000000E-001	5.00000000E+000	1.10400000E-009	8.44450000E-008	2.00000000E-001	-1.85500000E-009	1.24000000E-009	*
-1.78490000E-009	-1.29100000E-007	5.00000000E-001	5.00000000E+000	1.56550000E-009	1.33300000E-007	3.00000000E-001	-3.47500000E-009	-2.95990000E-009	*
-2.82090000E-009	-1.75390000E-007	5.00000000E-001	5.00000000E+000	2.28150000E-009	1.74150000E-007	4.00000000E-001	-3.44500000E-009	2.58500000E-009	*
-4.46630000E-009	-2.45590000E-007	5.00000000E-001	5.00000000E+000	3.11090000E-009	2.46990000E-007	5.00000000E-001	5.40490000E-009	-1.42000000E-009	*
-6.05790000E-009	-3.47400000E-007	5.00000000E-001	5.00000000E+000	4.48880000E-009	3.48340000E-007	6.00000000E-001	4.45990000E-009	1.82000000E-009	*
-8.00720000E-009	-4.71950000E-007	5.00000000E-001	5.00000000E+000	6.60790000E-009	4.74890000E-007	7.00000000E-001	4.85510000E-009	-1.90500000E-009	*
-1.01630000E-008	-6.40570000E-007	5.00000000E-001	5.00000000E+000	9.71470000E-009	6.42000000E-007	8.00000000E-001	-3.23500000E-009	-5.05000000E-010	*
-1.21800000E-008	-8.79080000E-007	5.00000000E-001	5.00000000E+000	1.24000000E-008	9.23720000E-007	9.00000000E-001	-4.94990000E-010	-3.04990000E-010	*
-2.06500000E-008	-1.07400000E-006	5.00000000E-001	5.00000000E+000	1.80850000E-008	1.07500000E-006	1.00000000E+000	2.54500000E-009	-1.55000000E-009	*
-2.85950000E-008	-1.29200000E-006	5.00000000E-001	5.00000000E+000	2.58900000E-008	1.28900000E-006	1.10000000E+000	2.16500000E-009	1.66000000E-009	*
-3.75400000E-008	-1.63700000E-006	5.00000000E-001	5.00000000E+000	3.52850000E-008	1.64000000E-006	1.20000000E+000	9.25010000E-010	-3.85000000E-010	*
-5.13590000E-008	-2.04100000E-006	5.00000000E-001	5.00000000E+000	5.04810000E-008	2.04340000E-006	1.30000000E+000	4.04000000E-009	5.40010000E-010	*
-6.62580000E-008	-2.55500000E-006	5.00000000E-001	5.00000000E+000	6.47200000E-008	2.54840000E-006	1.40000000E+000	3.15000000E-010	2.15000000E-009	*
-8.76860000E-008	-3.14840000E-006	5.00000000E-001	5.00000000E+000	8.64460000E-008	3.14450000E-006	1.50000000E+000	0.00000000E+000	1.23000000E-009	*
-1.03850000E-007	-3.88150000E-006	5.00000000E-001	5.00000000E+000	1.04460000E-007	3.86850000E-006	1.60000000E+000	1.31500000E-009	-1.04500000E-009	*
-1.28000000E-007	-4.70900000E-006	5.00000000E-001	5.00000000E+000	1.26990000E-007	4.75040000E-006	1.70000000E+000	1.62000000E-009	6.51490000E-009	*
-1.61740000E-007	-5.69600000E-006	5.00000000E-001	5.00000000E+000	1.61690000E-007	5.74250000E-006	1.80000000E+000	9.35020000E-010	-3.50000000E-010	*
-2.05040000E-007	-6.79750000E-006	5.00000000E-001	5.00000000E+000	2.03650000E-007	6.81050000E-006	1.90000000E+000	-5.25010000E-010	9.10010000E-010	*
-2.61540000E-007	-8.03970000E-006	5.00000000E-001	5.00000000E+000	2.60490000E-007	8.11600000E-006	2.00000000E+000	3.60000000E-010	1.95500000E-009	*
-3.16240000E-007	-9.65600000E-006	5.00000000E-001	5.00000000E+000	3.10100000E-007	9.66290000E-006	2.10000000E+000	-2.80000000E-010	2.63000000E-009	*
-3.91740000E-007	-1.07850000E-005	5.00000000E-001	5.00000000E+000	3.93540000E-007	1.06650000E-005	2.20000000E+000	2.65000000E-010	1.18000000E-009	*
-4.68340000E-007	-1.15300000E-005	5.00000000E-001	5.00000000E+000	4.66990000E-007	1.15000000E-005	2.30000000E+000	-1.80000000E-010	2.36000000E-009	*
-5.67150000E-007	-1.34750000E-005	5.00000000E-001	5.00000000E+000	5.63650000E-007	1.35250000E-005	2.40000000E+000	-5.00010000E-011	2.20000000E-010	*
-6.43690000E-007	-1.63150000E-005	5.00000000E-001	5.00000000E+000	6.35800000E-007	1.64550000E-005	2.50000000E+000	1.04000000E-009	-1.15000000E-009	*
-7.57340000E-007	-1.89200000E-005	5.00000000E-001	5.00000000E+000	7.58090000E-007	1.88250000E-005	2.60000000E+000	3.65000000E-009	5.00010000E-011	*
-8.79550000E-007	-2.11490000E-005	5.00000000E-001	5.00000000E+000	8.73430000E-007	2.11350000E-005	2.70000000E+000	7.55000000E-010	3.30000000E-010	*
-1.02040000E-006	-2.41190000E-005	5.00000000E-001	5.00000000E+000	1.01900000E-006	2.44190000E-005	2.80000000E+000	1.15500000E-009	-4.75010000E-010	*
-1.03850000E-006	-2.74100000E-005	5.00000000E-001	5.00000000E+000	1.07950000E-006	2.73890000E-005	2.90000000E+000	1.26000000E-009	-2.67000000E-009	*
-1.25100000E-006	-3.04750000E-005	5.00000000E-001	5.00000000E+000	1.25500000E-006	3.00400000E-005	3.00000000E+000	7.10000000E-010	1.55500000E-009	*
-1.50300000E-006	-3.38500000E-005	5.00000000E-001	5.00000000E+000	1.49050000E-006	3.40250000E-005	3.10000000E+000	1.85000000E-010	-2.35000000E-010	*
-1.66600000E-006	-3.84190000E-005	5.00000000E-001	5.00000000E+000	1.66800000E-006	3.80050000E-005	3.20000000E+000	4.15000000E-010	1.52000000E-009	*
-1.89900000E-006	-4.29100000E-005	5.00000000E-001	5.00000000E+000	1.92000000E-006	4.32300000E-005	3.30000000E+000	-8.95000000E-010	-1.40000000E-010	*
-2.04950000E-006	-4.81900000E-005	5.00000000E-001	5.00000000E+000	2.07390000E-006	4.75740000E-005	3.40000000E+000	-4.21000000E-009	9.25010000E-010	*
-2.16300000E-006	-5.17740000E-005	5.00000000E-001	5.00000000E+000	2.28650000E-006	5.21740000E-005	3.50000000E+000	4.25000000E-010	4.85510000E-009	*
-2.38000000E-006	-5.62290000E-005	5.00000000E-001	5.00000000E+000	2.34840000E-006	5.51940000E-005	3.60000000E+000	8.50010000E-010	1.11000000E-009	*
-2.55190000E-006	-6.06940000E-005	5.00000000E-001	5.00000000E+000	2.53800000E-006	6.05490000E-005	3.70000000E+000	1.07500000E-009	1.97500000E-009	*
-2.72050000E-006	-6.73610000E-005	5.00000000E-001	5.00000000E+000	2.73050000E-006	6.65780000E-005	3.80000000E+000	3.90000000E-010	2.22000000E-009	*
-2.87000000E-006	-7.55080000E-005	5.00000000E-001	5.00000000E+000	2.83950000E-006	7.52210000E-005	3.90000000E+000	-2.90000000E-010	-5.75000000E-010	*
-2.96100000E-006	-8.02650000E-005	5.00000000E-001	5.00000000E+000	2.94850000E-006	7.95200000E-005	4.00000000E+000	-2.10000000E-010	2.70010000E-010	*

TEST RESULTS:  TRANSFER  04/28/2025  15:30:23


SETUP:OUTPUT  04/28/2025  15:30:50
DATE:04/28/2025
TIME:15:30:50

CONDITIONS:

ID:	D	
UNIT:	SMU2	
MODE: SWEEP	
START:	0	
STOP:	5	
PNTS:	51	
STEP:	0.1

ID:	G	
UNIT:	SMU4	
MODE: STEP	
START:	-2	
STOP:	4	
PNTS:	3	
STEP:	3

ID:	S	
UNIT:	SMU1	
MODE: CONST	
VALUE:	0

DATA:  OUTPUT  04/28/2025  15:30:50

IS	IS2	IS3	VD	ID	ID2	ID3	VG	VG2	VG3	IG	IG2	IG3	ACCSTRESS
-1.39750000E-010	8.91480000E-011	1.13100000E-008	0.00000000E+000	-1.24650000E-010	-2.17500000E-011	-1.76950000E-008	-2.00000000E+000	1.00000000E+000	4.00000000E+000	-4.10000000E-010	-2.83500000E-009	-3.55000000E-010	0.00000000E+000
-9.07010000E-011	-2.21850000E-008	-8.48810000E-008	1.00000000E-001	2.41490000E-011	2.18650000E-008	8.80500000E-008	-2.00000000E+000	1.00000000E+000	4.00000000E+000	3.37000000E-009	-2.76500000E-009	2.00000000E-011	*
1.36950000E-010	-3.66950000E-008	-2.28400000E-007	2.00000000E-001	7.96480000E-011	3.69400000E-008	2.52800000E-007	-2.00000000E+000	1.00000000E+000	4.00000000E+000	-4.22000000E-009	2.29500000E-009	3.25000000E-010	*
-1.04250000E-010	-5.50950000E-008	-5.22300000E-007	3.00000000E-001	3.74990000E-012	5.43240000E-008	5.30040000E-007	-2.00000000E+000	1.00000000E+000	4.00000000E+000	-4.05000000E-010	2.06500000E-009	-2.95000000E-010	*
1.03700000E-010	-6.93910000E-008	-1.11100000E-006	4.00000000E-001	-1.01500000E-011	6.92310000E-008	1.18900000E-006	-2.00000000E+000	1.00000000E+000	4.00000000E+000	-9.25010000E-010	-3.12000000E-009	-1.24500000E-009	*
1.12450000E-010	-8.27780000E-008	-1.64850000E-006	5.00000000E-001	2.70000000E-012	8.42950000E-008	1.64850000E-006	-2.00000000E+000	1.00000000E+000	4.00000000E+000	-1.12500000E-009	-3.93490000E-009	1.15000000E-009	*
8.70980000E-011	-9.87960000E-008	-2.53300000E-006	6.00000000E-001	-3.77990000E-011	9.84760000E-008	2.39590000E-006	-2.00000000E+000	1.00000000E+000	4.00000000E+000	-1.82000000E-009	3.06500000E-009	1.53000000E-009	*
-1.01400000E-010	-1.13050000E-007	-3.28200000E-006	7.00000000E-001	5.39990000E-012	1.13000000E-007	3.26850000E-006	-2.00000000E+000	1.00000000E+000	4.00000000E+000	-5.95010000E-010	-1.00000000E-011	1.89000000E-009	*
9.09500000E-011	-1.22550000E-007	-3.94830000E-006	8.00000000E-001	-3.70990000E-011	1.21100000E-007	3.97880000E-006	-2.00000000E+000	1.00000000E+000	4.00000000E+000	-1.10500000E-009	-2.15000000E-010	-7.30010000E-010	*
-9.98490000E-011	-1.36400000E-007	-4.66200000E-006	9.00000000E-001	1.11000000E-011	1.38050000E-007	4.69990000E-006	-2.00000000E+000	1.00000000E+000	4.00000000E+000	4.50000000E-010	5.53500000E-009	-2.90000000E-009	*
9.58980000E-011	-1.49950000E-007	-5.37750000E-006	1.00000000E+000	-2.90500000E-011	1.49100000E-007	5.30390000E-006	-2.00000000E+000	1.00000000E+000	4.00000000E+000	-5.53000000E-009	3.50000000E-009	-1.01000000E-009	*
1.13600000E-010	-1.58850000E-007	-6.12040000E-006	1.10000000E+000	2.90000000E-012	1.61900000E-007	5.98890000E-006	-2.00000000E+000	1.00000000E+000	4.00000000E+000	4.40000000E-010	2.65500000E-009	1.52500000E-009	*
-9.84990000E-011	-1.71700000E-007	-6.66340000E-006	1.20000000E+000	9.34980000E-012	1.68500000E-007	6.65150000E-006	-2.00000000E+000	1.00000000E+000	4.00000000E+000	5.44990000E-010	2.66000000E-009	3.60500000E-009	*
-9.06010000E-011	-1.80650000E-007	-7.31900000E-006	1.30000000E+000	3.69000000E-011	1.83940000E-007	7.49650000E-006	-2.00000000E+000	1.00000000E+000	4.00000000E+000	5.22000000E-009	-2.23500000E-009	1.38000000E-009	*
-9.45980000E-011	-2.00340000E-007	-8.08340000E-006	1.40000000E+000	2.80000000E-011	2.00250000E-007	7.98000000E-006	-2.00000000E+000	1.00000000E+000	4.00000000E+000	5.16500000E-009	1.85000000E-009	1.01500000E-009	*
-1.05500000E-010	-2.15190000E-007	-8.95790000E-006	1.50000000E+000	-1.50000000E-013	2.11450000E-007	8.96400000E-006	-2.00000000E+000	1.00000000E+000	4.00000000E+000	-1.50000000E-010	-4.11000000E-009	4.80010000E-010	*
1.03100000E-010	-2.25650000E-007	-9.12930000E-006	1.60000000E+000	-1.27500000E-011	2.28550000E-007	9.43250000E-006	-2.00000000E+000	1.00000000E+000	4.00000000E+000	-1.03500000E-009	6.00020000E-011	-3.58500000E-009	*
-1.45800000E-010	-2.42450000E-007	-9.75240000E-006	1.70000000E+000	-4.89000000E-011	2.38740000E-007	1.00000000E-005	-2.00000000E+000	1.00000000E+000	4.00000000E+000	5.56500000E-009	-2.06500000E-009	-3.90000000E-010	*
1.37100000E-010	-2.50290000E-007	-1.03050000E-005	1.80000000E+000	8.65510000E-011	2.53290000E-007	1.05600000E-005	-2.00000000E+000	1.00000000E+000	4.00000000E+000	-3.48990000E-009	2.14500000E-009	5.25510000E-009	*
1.14750000E-010	-2.72690000E-007	-1.13950000E-005	1.90000000E+000	1.40000000E-012	2.70800000E-007	1.15150000E-005	-2.00000000E+000	1.00000000E+000	4.00000000E+000	4.30000000E-010	4.20000000E-010	1.09000000E-009	*
-9.84990000E-011	-2.83440000E-007	-1.16700000E-005	2.00000000E+000	5.09990000E-012	2.88290000E-007	1.18200000E-005	-2.00000000E+000	1.00000000E+000	4.00000000E+000	-5.64990000E-010	4.55000000E-010	1.57000000E-009	*
1.05950000E-010	-2.90950000E-007	-1.23000000E-005	2.10000000E+000	1.90000000E-012	2.90090000E-007	1.24550000E-005	-2.00000000E+000	1.00000000E+000	4.00000000E+000	-1.40000000E-010	-1.35000000E-010	1.70000000E-010	*
-8.87500000E-011	-3.07540000E-007	-1.28000000E-005	2.20000000E+000	3.90500000E-011	3.09740000E-007	1.28250000E-005	-2.00000000E+000	1.00000000E+000	4.00000000E+000	5.74500000E-009	-1.27500000E-009	-1.45500000E-009	*
-1.01300000E-010	-3.12940000E-007	-1.29350000E-005	2.30000000E+000	5.00000000E-012	3.18500000E-007	1.29400000E-005	-2.00000000E+000	1.00000000E+000	4.00000000E+000	-5.64990000E-010	-4.64990000E-010	1.50000000E-009	*
1.03250000E-010	-3.39150000E-007	-1.37300000E-005	2.40000000E+000	-2.02000000E-011	3.48340000E-007	1.37600000E-005	-2.00000000E+000	1.00000000E+000	4.00000000E+000	-5.48990000E-009	1.20500000E-009	3.40500000E-009	*
1.08200000E-010	-3.47440000E-007	-1.42900000E-005	2.50000000E+000	-1.95000000E-012	3.46700000E-007	1.40950000E-005	-2.00000000E+000	1.00000000E+000	4.00000000E+000	-6.95000000E-010	-1.61000000E-009	1.92490000E-009	*
9.51990000E-011	-3.52640000E-007	-1.47750000E-005	2.60000000E+000	-3.29990000E-011	3.56390000E-007	1.47600000E-005	-2.00000000E+000	1.00000000E+000	4.00000000E+000	-5.60000000E-009	2.32500000E-009	9.05010000E-010	*
1.10600000E-010	-3.59800000E-007	-1.51600000E-005	2.70000000E+000	3.15000000E-012	3.66900000E-007	1.53550000E-005	-2.00000000E+000	1.00000000E+000	4.00000000E+000	5.25010000E-010	8.64990000E-010	6.89990000E-010	*
-1.00500000E-010	-3.92640000E-007	-1.59540000E-005	2.80000000E+000	8.35020000E-012	3.92290000E-007	1.62390000E-005	-2.00000000E+000	1.00000000E+000	4.00000000E+000	5.05000000E-010	5.64990000E-010	-8.20000000E-010	*
-1.00800000E-010	-4.00400000E-007	-1.60640000E-005	2.90000000E+000	6.55010000E-012	4.07250000E-007	1.61350000E-005	-2.00000000E+000	1.00000000E+000	4.00000000E+000	2.50000000E-010	-2.06000000E-009	2.30500000E-009	*
1.06550000E-010	-4.04890000E-007	-1.70500000E-005	3.00000000E+000	-7.25000000E-012	4.08440000E-007	1.72500000E-005	-2.00000000E+000	1.00000000E+000	4.00000000E+000	-6.74990000E-010	-5.49990000E-010	-8.35000000E-010	*
-1.32000000E-010	-4.38080000E-007	-1.68850000E-005	3.10000000E+000	-7.75490000E-011	4.31290000E-007	1.69000000E-005	-2.00000000E+000	1.00000000E+000	4.00000000E+000	3.48490000E-009	2.80500000E-009	1.03500000E-009	*
1.54950000E-010	-4.46390000E-007	-1.68900000E-005	3.20000000E+000	6.60980000E-011	4.44940000E-007	1.67200000E-005	-2.00000000E+000	1.00000000E+000	4.00000000E+000	-4.62000000E-009	7.90010000E-010	1.36500000E-009	*
-1.26450000E-010	-4.57290000E-007	-1.71650000E-005	3.30000000E+000	-7.76520000E-011	4.61480000E-007	1.72350000E-005	-2.00000000E+000	1.00000000E+000	4.00000000E+000	4.26510000E-009	-8.79990000E-010	-1.21000000E-009	*
1.45950000E-010	-4.67140000E-007	-1.76550000E-005	3.40000000E+000	8.88500000E-011	4.68440000E-007	1.76900000E-005	-2.00000000E+000	1.00000000E+000	4.00000000E+000	-3.88990000E-009	3.55000000E-010	-5.35010000E-010	*
1.25150000E-010	-4.98200000E-007	-1.79700000E-005	3.50000000E+000	9.86480000E-011	5.04050000E-007	1.80050000E-005	-2.00000000E+000	1.00000000E+000	4.00000000E+000	-2.67510000E-009	-3.69990000E-010	-1.69000000E-009	*
1.34800000E-010	-5.10680000E-007	-1.78150000E-005	3.60000000E+000	9.87510000E-011	5.10280000E-007	1.78750000E-005	-2.00000000E+000	1.00000000E+000	4.00000000E+000	-4.31510000E-009	-7.05000000E-010	-5.30010000E-010	*
-1.39650000E-010	-5.32630000E-007	-1.87850000E-005	3.70000000E+000	-6.38000000E-011	5.33730000E-007	1.85400000E-005	-2.00000000E+000	1.00000000E+000	4.00000000E+000	3.87990000E-009	7.75010000E-010	3.55000000E-010	*
-1.29050000E-010	-5.71340000E-007	-1.93700000E-005	3.80000000E+000	-8.01490000E-011	5.66480000E-007	1.93990000E-005	-2.00000000E+000	1.00000000E+000	4.00000000E+000	4.12500000E-009	-5.59990000E-010	-6.74990000E-010	*
1.34650000E-010	-5.66130000E-007	-1.93750000E-005	3.90000000E+000	1.02150000E-010	5.52940000E-007	1.93100000E-005	-2.00000000E+000	1.00000000E+000	4.00000000E+000	-3.63000000E-009	7.44990000E-010	1.95000000E-009	*
1.21150000E-010	-5.73230000E-007	-1.94540000E-005	4.00000000E+000	1.76000000E-011	5.76230000E-007	1.95490000E-005	-2.00000000E+000	1.00000000E+000	4.00000000E+000	-2.20000000E-009	6.70010000E-010	4.10000000E-010	*
1.09400000E-010	-6.02940000E-007	-1.97150000E-005	4.10000000E+000	1.35500000E-011	6.04050000E-007	1.97790000E-005	-2.00000000E+000	1.00000000E+000	4.00000000E+000	0.00000000E+000	-3.09990000E-010	1.15500000E-009	*
-1.15300000E-010	-6.13540000E-007	-2.02650000E-005	4.20000000E+000	-2.60000000E-012	6.09290000E-007	2.02700000E-005	-2.00000000E+000	1.00000000E+000	4.00000000E+000	1.69000000E-009	4.15000000E-010	-1.20000000E-010	*
1.35600000E-010	-6.18890000E-007	-2.07600000E-005	4.30000000E+000	1.01650000E-010	6.28090000E-007	2.06890000E-005	-2.00000000E+000	1.00000000E+000	4.00000000E+000	-3.37500000E-009	4.50010000E-011	7.35020000E-010	*
1.07750000E-010	-6.34720000E-007	-2.07200000E-005	4.40000000E+000	2.58000000E-011	6.30940000E-007	2.06950000E-005	-2.00000000E+000	1.00000000E+000	4.00000000E+000	1.55000000E-010	-1.74500000E-009	-8.00010000E-010	*
-7.57510000E-011	-6.34580000E-007	-2.16350000E-005	4.50000000E+000	6.84000000E-011	6.47240000E-007	2.16850000E-005	-2.00000000E+000	1.00000000E+000	4.00000000E+000	1.13000000E-009	1.53000000E-009	-1.30000000E-009	*
1.08950000E-010	-6.71680000E-007	-2.15900000E-005	4.60000000E+000	2.86000000E-011	6.79920000E-007	2.16050000E-005	-2.00000000E+000	1.00000000E+000	4.00000000E+000	3.60000000E-010	-6.09990000E-010	5.00000000E-012	*
-7.78510000E-011	-6.63740000E-007	-2.20840000E-005	4.70000000E+000	8.59510000E-011	6.65570000E-007	2.19300000E-005	-2.00000000E+000	1.00000000E+000	4.00000000E+000	4.94990000E-010	5.54990000E-010	-6.79990000E-010	*
1.11350000E-010	-6.74540000E-007	-2.23500000E-005	4.80000000E+000	4.86000000E-011	6.78790000E-007	2.24000000E-005	-2.00000000E+000	1.00000000E+000	4.00000000E+000	1.45000000E-010	-3.65010000E-010	-3.00010000E-011	*
-9.65980000E-011	-7.01490000E-007	-2.24700000E-005	4.90000000E+000	7.10010000E-011	7.06990000E-007	2.24790000E-005	-2.00000000E+000	1.00000000E+000	4.00000000E+000	-5.35010000E-010	6.55010000E-010	-1.77500000E-009	*
1.11900000E-010	-7.32400000E-007	-2.29850000E-005	5.00000000E+000	1.00150000E-010	7.30940000E-007	2.30300000E-005	-2.00000000E+000	1.00000000E+000	4.00000000E+000	-7.30010000E-010	5.80000000E-010	1.50000000E-010	*

TEST RESULTS:  OUTPUT  04/28/2025  15:30:50


