ATTRIBUTES:

Attribute #1:C:\Metrics\ics\projects\6.2600J_S25\transistor_measurement.ics
Attribute #2:Test
Attribute #3:dev1
Attribute #4:PASSED
SETUP:TRANSFER  04/28/2025  16:00:00
DATE:04/28/2025
TIME:16:00:00

CONDITIONS:

ID:	D	
UNIT:	SMU2	
MODE: STEP	
START:	0.5	
STOP:	5	
PNTS:	2	
STEP:	4.5

ID:	G	
UNIT:	SMU4	
MODE: SWEEP	
START:	-2	
STOP:	4	
PNTS:	61	
STEP:	0.1

ID:	S	
UNIT:	SMU1	
MODE: CONST	
VALUE:	0

DATA:  TRANSFER  04/28/2025  16:00:00

IS	IS2	VD	VD2	ID	ID2	VG	IG	IG2	ACCSTRESS
-2.19000000E-011	-1.41550000E-010	5.00000000E-001	5.00000000E+000	-2.27000000E-011	-1.45100000E-010	-2.00000000E+000	-2.49000000E-011	-1.46600000E-010	0.00000000E+000
4.95000000E-012	1.16700000E-010	5.00000000E-001	5.00000000E+000	3.88510000E-011	1.37450000E-010	-1.90000000E+000	1.10500000E-011	-1.90500000E-011	*
-2.84000000E-011	3.24500000E-011	5.00000000E-001	5.00000000E+000	2.29000000E-011	1.70000000E-010	-1.80000000E+000	2.63500000E-011	9.28500000E-011	*
-3.67490000E-011	-8.56990000E-011	5.00000000E-001	5.00000000E+000	-1.61000000E-011	5.97990000E-011	-1.70000000E+000	2.53500000E-011	1.25350000E-010	*
-1.34000000E-011	-1.19650000E-010	5.00000000E-001	5.00000000E+000	-3.42500000E-011	-9.04490000E-011	-1.60000000E+000	5.80000000E-012	3.87000000E-011	*
2.18000000E-011	-5.14510000E-011	5.00000000E-001	5.00000000E+000	-2.78500000E-011	-1.72650000E-010	-1.50000000E+000	-2.16000000E-011	-7.63510000E-011	*
3.72500000E-011	6.39990000E-011	5.00000000E-001	5.00000000E+000	3.20000000E-012	-1.04750000E-010	-1.40000000E+000	-2.03000000E-011	-1.34500000E-010	*
3.26500000E-011	1.35600000E-010	5.00000000E-001	5.00000000E+000	2.27000000E-011	7.51010000E-011	-1.30000000E+000	-6.95000000E-012	-8.34000000E-011	*
5.64990000E-012	9.50490000E-011	5.00000000E-001	5.00000000E+000	3.88510000E-011	1.97950000E-010	-1.20000000E+000	1.13500000E-011	5.70990000E-011	*
-3.19990000E-011	-4.99000000E-011	5.00000000E-001	5.00000000E+000	2.05000000E-011	1.45800000E-010	-1.10000000E+000	3.59000000E-011	1.53450000E-010	*
-3.50000000E-011	-1.37900000E-010	5.00000000E-001	5.00000000E+000	-1.68500000E-011	-5.25500000E-011	-1.00000000E+000	2.79000000E-011	1.19400000E-010	*
-1.33500000E-011	-1.05800000E-010	5.00000000E-001	5.00000000E+000	-2.59000000E-011	-1.73750000E-010	-9.00000000E-001	8.90000000E-012	-2.40500000E-011	*
1.38000000E-011	3.02990000E-011	5.00000000E-001	5.00000000E+000	-3.56000000E-011	-2.00200000E-010	-8.00000000E-001	-1.61500000E-011	-1.47250000E-010	*
3.58010000E-011	1.36900000E-010	5.00000000E-001	5.00000000E+000	-7.15000000E-012	2.55500000E-011	-7.00000000E-001	-2.53500000E-011	-1.45550000E-010	*
3.56990000E-011	1.20700000E-010	5.00000000E-001	5.00000000E+000	2.22000000E-011	1.87800000E-010	-6.00000000E-001	-8.90000000E-012	1.41000000E-011	*
2.95000000E-012	-1.70000000E-011	5.00000000E-001	5.00000000E+000	4.21990000E-011	1.99100000E-010	-5.00000000E-001	1.33000000E-011	1.41850000E-010	*
-3.83500000E-011	-1.15300000E-010	5.00000000E-001	5.00000000E+000	2.98500000E-011	9.65010000E-012	-4.00000000E-001	3.41010000E-011	1.58750000E-010	*
-7.84510000E-011	-1.29550000E-010	5.00000000E-001	5.00000000E+000	2.33500000E-011	-1.40400000E-010	-3.00000000E-001	3.92010000E-011	2.52500000E-011	*
-1.07650000E-010	-3.29500000E-011	5.00000000E-001	5.00000000E+000	6.03500000E-011	-1.86900000E-010	-2.00000000E-001	1.14500000E-011	-9.33510000E-011	*
-1.69000000E-010	6.18990000E-011	5.00000000E-001	5.00000000E+000	1.70200000E-010	-4.19510000E-011	-1.00000000E-001	-2.36490000E-011	-1.37200000E-010	*
-3.43300000E-010	9.23990000E-011	5.00000000E-001	5.00000000E+000	3.81550000E-010	1.72600000E-010	0.00000000E+000	-9.30010000E-012	-3.87990000E-011	*
-6.64810000E-010	-4.24000000E-011	5.00000000E-001	5.00000000E+000	7.19350000E-010	3.12690000E-010	1.00000000E-001	3.69990000E-012	9.91990000E-011	*
-9.38140000E-010	-2.92000000E-010	5.00000000E-001	5.00000000E+000	9.41040000E-010	3.32410000E-010	2.00000000E-001	1.53000000E-011	1.63200000E-010	*
-1.29990000E-009	-5.53090000E-010	5.00000000E-001	5.00000000E+000	1.38650000E-009	3.14340000E-010	3.00000000E-001	5.32000000E-011	1.20800000E-010	*
-2.13740000E-009	-8.21560000E-010	5.00000000E-001	5.00000000E+000	2.05750000E-009	4.86550000E-010	4.00000000E-001	3.57490000E-011	-3.27510000E-011	*
-3.37340000E-009	-8.29970000E-010	5.00000000E-001	5.00000000E+000	3.30740000E-009	9.80490000E-010	5.00000000E-001	-7.39980000E-012	1.40500000E-011	*
-5.30100000E-009	-1.49600000E-009	5.00000000E-001	5.00000000E+000	5.31280000E-009	1.29100000E-009	6.00000000E-001	-4.14000000E-011	-9.41010000E-011	*
-8.33730000E-009	-2.42540000E-009	5.00000000E-001	5.00000000E+000	8.43510000E-009	2.42240000E-009	7.00000000E-001	-3.69000000E-011	-1.41350000E-010	*
-1.09600000E-008	-4.00840000E-009	5.00000000E-001	5.00000000E+000	1.06250000E-008	4.25390000E-009	8.00000000E-001	-5.26000000E-011	-8.73010000E-011	*
-1.60100000E-008	-6.78780000E-009	5.00000000E-001	5.00000000E+000	1.54900000E-008	7.12630000E-009	9.00000000E-001	-1.26650000E-010	6.12490000E-011	*
-2.48750000E-008	-9.92980000E-009	5.00000000E-001	5.00000000E+000	2.47950000E-008	9.36460000E-009	1.00000000E+000	-9.83500000E-011	1.38700000E-010	*
-3.83440000E-008	-1.36450000E-008	5.00000000E-001	5.00000000E+000	3.85150000E-008	1.42400000E-008	1.10000000E+000	2.85000000E-011	1.47750000E-010	*
-5.92300000E-008	-2.29300000E-008	5.00000000E-001	5.00000000E+000	5.94300000E-008	2.27750000E-008	1.20000000E+000	1.35800000E-010	9.07510000E-011	*
-8.93850000E-008	-3.69540000E-008	5.00000000E-001	5.00000000E+000	8.92250000E-008	3.61340000E-008	1.30000000E+000	1.40350000E-010	-3.90990000E-011	*
-1.08750000E-007	-5.90410000E-008	5.00000000E-001	5.00000000E+000	1.05950000E-007	5.83550000E-008	1.40000000E+000	-7.64010000E-011	-1.58850000E-010	*
-1.47350000E-007	-9.27500000E-008	5.00000000E-001	5.00000000E+000	1.45400000E-007	9.24660000E-008	1.50000000E+000	-1.05650000E-010	-1.33950000E-010	*
-2.23340000E-007	-1.14500000E-007	5.00000000E-001	5.00000000E+000	2.22350000E-007	1.12100000E-007	1.60000000E+000	-4.97010000E-011	-1.47050000E-010	*
-3.35290000E-007	-1.68850000E-007	5.00000000E-001	5.00000000E+000	3.34390000E-007	1.67100000E-007	1.70000000E+000	5.77490000E-011	-1.49550000E-010	*
-4.98430000E-007	-2.65790000E-007	5.00000000E-001	5.00000000E+000	4.96800000E-007	2.65050000E-007	1.80000000E+000	1.43750000E-010	1.55000000E-012	*
-7.25790000E-007	-4.13350000E-007	5.00000000E-001	5.00000000E+000	7.23780000E-007	4.13290000E-007	1.90000000E+000	9.80020000E-011	8.98480000E-011	*
-1.05020000E-006	-6.40340000E-007	5.00000000E-001	5.00000000E+000	1.04860000E-006	6.40780000E-007	2.00000000E+000	-2.86500000E-011	1.59850000E-010	*
-1.19400000E-006	-9.76490000E-007	5.00000000E-001	5.00000000E+000	1.16650000E-006	9.73410000E-007	2.10000000E+000	1.12600000E-010	1.07700000E-010	*
-1.49800000E-006	-1.17800000E-006	5.00000000E-001	5.00000000E+000	1.49950000E-006	1.15900000E-006	2.20000000E+000	1.88500000E-011	-2.27500000E-011	*
-2.16250000E-006	-1.64300000E-006	5.00000000E-001	5.00000000E+000	2.16100000E-006	1.64050000E-006	2.30000000E+000	-5.73000000E-011	-1.42050000E-010	*
-3.05150000E-006	-2.49790000E-006	5.00000000E-001	5.00000000E+000	3.05500000E-006	2.48740000E-006	2.40000000E+000	-9.60020000E-011	-1.45150000E-010	*
-4.20540000E-006	-3.74650000E-006	5.00000000E-001	5.00000000E+000	4.21350000E-006	3.71490000E-006	2.50000000E+000	-6.60980000E-011	3.95000000E-012	*
-5.65290000E-006	-5.47690000E-006	5.00000000E-001	5.00000000E+000	5.64590000E-006	5.46800000E-006	2.60000000E+000	5.62010000E-011	1.18700000E-010	*
-7.38450000E-006	-7.96790000E-006	5.00000000E-001	5.00000000E+000	7.35400000E-006	7.93950000E-006	2.70000000E+000	1.42250000E-010	1.50800000E-010	*
-9.43800000E-006	-9.07250000E-006	5.00000000E-001	5.00000000E+000	9.43800000E-006	8.82380000E-006	2.80000000E+000	1.11300000E-010	1.50250000E-010	*
-9.67270000E-006	-1.02800000E-005	5.00000000E-001	5.00000000E+000	9.33700000E-006	1.00690000E-005	2.90000000E+000	2.07490000E-011	-1.52200000E-010	*
-1.02200000E-005	-1.22200000E-005	5.00000000E-001	5.00000000E+000	1.02050000E-005	1.20350000E-005	3.00000000E+000	1.33400000E-010	-3.85010000E-011	*
-1.31400000E-005	-1.62300000E-005	5.00000000E-001	5.00000000E+000	1.31350000E-005	1.62050000E-005	3.10000000E+000	2.59990000E-011	1.01350000E-010	*
-1.63100000E-005	-2.29050000E-005	5.00000000E-001	5.00000000E+000	1.62600000E-005	2.29250000E-005	3.20000000E+000	-8.79510000E-011	1.68950000E-010	*
-1.95150000E-005	-3.13500000E-005	5.00000000E-001	5.00000000E+000	1.94650000E-005	3.12050000E-005	3.30000000E+000	-9.88510000E-011	7.94500000E-011	*
-2.27890000E-005	-4.16600000E-005	5.00000000E-001	5.00000000E+000	2.27800000E-005	4.15440000E-005	3.40000000E+000	-3.04500000E-011	-8.69490000E-011	*
-2.60500000E-005	-5.34240000E-005	5.00000000E-001	5.00000000E+000	2.59750000E-005	5.33090000E-005	3.50000000E+000	9.73520000E-011	-1.59800000E-010	*
-2.90900000E-005	-6.66830000E-005	5.00000000E-001	5.00000000E+000	2.90350000E-005	6.65560000E-005	3.60000000E+000	1.50750000E-010	-1.34750000E-010	*
-3.20390000E-005	-8.06640000E-005	5.00000000E-001	5.00000000E+000	3.19740000E-005	8.05150000E-005	3.70000000E+000	1.15150000E-010	4.28490000E-011	*
-3.47940000E-005	-9.48350000E-005	5.00000000E-001	5.00000000E+000	3.47200000E-005	9.46040000E-005	3.80000000E+000	-2.68490000E-011	1.74900000E-010	*
-3.72940000E-005	-9.64630000E-005	5.00000000E-001	5.00000000E+000	3.72340000E-005	9.47380000E-005	3.90000000E+000	-1.10350000E-010	-4.95500000E-011	*
-3.96690000E-005	-1.03500000E-004	5.00000000E-001	5.00000000E+000	3.96050000E-005	1.03600000E-004	4.00000000E+000	-9.46520000E-011	-1.58300000E-010	*

TEST RESULTS:  TRANSFER  04/28/2025  16:00:00


SETUP:OUTPUT  04/28/2025  16:00:41
DATE:04/28/2025
TIME:16:00:41

CONDITIONS:

ID:	D	
UNIT:	SMU2	
MODE: SWEEP	
START:	0	
STOP:	5	
PNTS:	51	
STEP:	0.1

ID:	G	
UNIT:	SMU4	
MODE: STEP	
START:	-2	
STOP:	4	
PNTS:	3	
STEP:	3

ID:	S	
UNIT:	SMU1	
MODE: CONST	
VALUE:	0

DATA:  OUTPUT  04/28/2025  16:00:41

IS	IS2	IS3	VD	ID	ID2	ID3	VG	VG2	VG3	IG	IG2	IG3	ACCSTRESS
-3.68510000E-011	8.48500000E-011	-2.86600000E-008	0.00000000E+000	3.19000000E-011	-6.49990000E-012	2.79900000E-008	-2.00000000E+000	1.00000000E+000	4.00000000E+000	2.79000000E-011	-2.62000000E-011	-1.62900000E-010	0.00000000E+000
-2.69500000E-011	-2.15240000E-009	-6.59980000E-006	1.00000000E-001	2.13600000E-010	2.17350000E-009	6.49600000E-006	-2.00000000E+000	1.00000000E+000	4.00000000E+000	1.53350000E-010	1.80350000E-010	1.56600000E-010	*
-1.38550000E-010	-3.79440000E-009	-1.10050000E-005	2.00000000E-001	-3.30490000E-011	3.51750000E-009	1.10100000E-005	-2.00000000E+000	1.00000000E+000	4.00000000E+000	1.70200000E-010	1.18400000E-010	1.97450000E-010	*
-1.33700000E-010	-4.96830000E-009	-1.56840000E-005	3.00000000E-001	-1.69950000E-010	4.58090000E-009	1.56650000E-005	-2.00000000E+000	1.00000000E+000	4.00000000E+000	5.34990000E-012	-5.47490000E-011	5.34990000E-012	*
-6.82510000E-011	-5.85650000E-009	-1.98950000E-005	4.00000000E-001	-2.34150000E-010	5.72680000E-009	1.99000000E-005	-2.00000000E+000	1.00000000E+000	4.00000000E+000	-9.77990000E-011	-1.96950000E-010	-1.49750000E-010	*
6.97510000E-011	-6.57430000E-009	-2.37450000E-005	5.00000000E-001	-1.57150000E-010	6.80480000E-009	2.38000000E-005	-2.00000000E+000	1.00000000E+000	4.00000000E+000	-1.76100000E-010	-1.76100000E-010	-1.87300000E-010	*
1.57850000E-010	-7.24640000E-009	-2.71840000E-005	6.00000000E-001	9.04980000E-011	7.67110000E-009	2.72050000E-005	-2.00000000E+000	1.00000000E+000	4.00000000E+000	-1.39300000E-010	4.95000000E-012	-3.45500000E-011	*
1.30250000E-010	-7.93990000E-009	-3.03440000E-005	7.00000000E-001	2.52650000E-010	8.19680000E-009	3.03400000E-005	-2.00000000E+000	1.00000000E+000	4.00000000E+000	4.93510000E-011	1.39650000E-010	1.25450000E-010	*
-3.77000000E-011	-8.50690000E-009	-3.31290000E-005	8.00000000E-001	2.19450000E-010	8.43280000E-009	3.31290000E-005	-2.00000000E+000	1.00000000E+000	4.00000000E+000	1.58750000E-010	1.74650000E-010	1.91750000E-010	*
-1.40100000E-010	-8.79710000E-009	-3.56990000E-005	9.00000000E-001	-4.54000000E-011	8.51920000E-009	3.56750000E-005	-2.00000000E+000	1.00000000E+000	4.00000000E+000	1.58750000E-010	1.48500000E-011	1.07400000E-010	*
-1.36550000E-010	-8.91390000E-009	-3.79740000E-005	1.00000000E+000	-2.11450000E-010	8.70110000E-009	3.79550000E-005	-2.00000000E+000	1.00000000E+000	4.00000000E+000	-1.09000000E-011	-1.11400000E-010	-6.55510000E-011	*
-5.00000000E-012	-8.86710000E-009	-4.00150000E-005	1.10000000E+000	-1.93850000E-010	8.97030000E-009	3.99740000E-005	-2.00000000E+000	1.00000000E+000	4.00000000E+000	-1.42000000E-010	-1.71950000E-010	-1.94350000E-010	*
9.98990000E-011	-8.83480000E-009	-4.17900000E-005	1.20000000E+000	-3.43990000E-011	9.19770000E-009	4.17640000E-005	-2.00000000E+000	1.00000000E+000	4.00000000E+000	-1.56550000E-010	-5.80990000E-011	-1.90550000E-010	*
1.48400000E-010	-8.85850000E-009	-4.33100000E-005	1.30000000E+000	1.57400000E-010	9.32460000E-009	4.33340000E-005	-2.00000000E+000	1.00000000E+000	4.00000000E+000	-4.80510000E-011	6.04000000E-011	-1.00000000E-011	*
6.31990000E-011	-9.05580000E-009	-4.45900000E-005	1.40000000E+000	2.26050000E-010	9.27590000E-009	4.45900000E-005	-2.00000000E+000	1.00000000E+000	4.00000000E+000	9.97990000E-011	1.83600000E-010	1.36100000E-010	*
-7.26490000E-011	-9.14170000E-009	-4.57450000E-005	1.50000000E+000	1.28050000E-010	8.97260000E-009	4.57600000E-005	-2.00000000E+000	1.00000000E+000	4.00000000E+000	1.58800000E-010	1.81400000E-010	1.85650000E-010	*
-1.65000000E-010	-9.10720000E-009	-4.68140000E-005	1.60000000E+000	-8.35000000E-011	8.75570000E-009	4.66950000E-005	-2.00000000E+000	1.00000000E+000	4.00000000E+000	1.26400000E-010	-2.05500000E-011	2.71500000E-011	*
-1.24150000E-010	-8.84980000E-009	-4.76200000E-005	1.70000000E+000	-2.42150000E-010	8.69570000E-009	4.75740000E-005	-2.00000000E+000	1.00000000E+000	4.00000000E+000	-4.73510000E-011	-1.64250000E-010	-1.18400000E-010	*
3.80500000E-011	-8.74020000E-009	-4.83340000E-005	1.80000000E+000	-2.02850000E-010	8.95030000E-009	4.83150000E-005	-2.00000000E+000	1.00000000E+000	4.00000000E+000	-1.63150000E-010	-1.79250000E-010	-1.95950000E-010	*
1.46550000E-010	-8.67380000E-009	-4.87750000E-005	1.90000000E+000	3.76000000E-011	9.07720000E-009	4.87600000E-005	-2.00000000E+000	1.00000000E+000	4.00000000E+000	-1.64650000E-010	2.00000000E-012	-9.03990000E-011	*
1.30350000E-010	-8.80160000E-009	-4.91090000E-005	2.00000000E+000	2.25750000E-010	9.04130000E-009	4.90600000E-005	-2.00000000E+000	1.00000000E+000	4.00000000E+000	8.70010000E-012	1.43200000E-010	4.99990000E-011	*
-1.69500000E-011	-8.90440000E-009	-4.93900000E-005	2.10000000E+000	2.19250000E-010	8.84440000E-009	4.93900000E-005	-2.00000000E+000	1.00000000E+000	4.00000000E+000	1.43900000E-010	1.71850000E-010	2.07450000E-010	*
-1.02050000E-010	-8.90980000E-009	-4.96490000E-005	2.20000000E+000	3.12990000E-011	8.62750000E-009	4.96040000E-005	-2.00000000E+000	1.00000000E+000	4.00000000E+000	1.50900000E-010	2.29500000E-011	1.81000000E-010	*
-1.58150000E-010	-8.80660000E-009	-4.96390000E-005	2.30000000E+000	-1.23700000E-010	8.59290000E-009	4.96390000E-005	-2.00000000E+000	1.00000000E+000	4.00000000E+000	5.98990000E-011	-1.15750000E-010	-1.74500000E-011	*
-9.68010000E-011	-8.57560000E-009	-4.96300000E-005	2.40000000E+000	-2.36450000E-010	8.66570000E-009	4.96600000E-005	-2.00000000E+000	1.00000000E+000	4.00000000E+000	-9.02500000E-011	-1.77000000E-010	-1.74700000E-010	*
5.62010000E-011	-8.50060000E-009	-4.95950000E-005	2.50000000E+000	-1.58900000E-010	8.85350000E-009	4.94850000E-005	-2.00000000E+000	1.00000000E+000	4.00000000E+000	-1.70750000E-010	-7.79000000E-011	-2.03400000E-010	*
1.55500000E-010	-8.53790000E-009	-4.93450000E-005	2.60000000E+000	7.26000000E-011	8.91080000E-009	4.93300000E-005	-2.00000000E+000	1.00000000E+000	4.00000000E+000	-1.51200000E-010	9.85980000E-011	3.90000000E-012	*
1.35800000E-010	-8.65060000E-009	-4.90900000E-005	2.70000000E+000	2.47150000E-010	8.73980000E-009	4.90490000E-005	-2.00000000E+000	1.00000000E+000	4.00000000E+000	3.78510000E-011	1.77250000E-010	1.25800000E-010	*
-4.39510000E-011	-8.71520000E-009	-4.88090000E-005	2.80000000E+000	2.15800000E-010	8.49830000E-009	4.90100000E-005	-2.00000000E+000	1.00000000E+000	4.00000000E+000	1.76200000E-010	1.58450000E-010	1.99650000E-010	*
-1.50050000E-010	-8.66570000E-009	-4.86040000E-005	2.90000000E+000	-4.72990000E-011	8.31230000E-009	4.86390000E-005	-2.00000000E+000	1.00000000E+000	4.00000000E+000	1.62150000E-010	-4.90500000E-011	1.19600000E-010	*
-1.31400000E-010	-8.46190000E-009	-4.83450000E-005	3.00000000E+000	-2.03650000E-010	8.30460000E-009	4.83390000E-005	-2.00000000E+000	1.00000000E+000	4.00000000E+000	-9.34980000E-012	-1.83750000E-010	-8.12010000E-011	*
-1.18000000E-011	-8.30960000E-009	-4.79200000E-005	3.10000000E+000	-1.83900000E-010	8.54510000E-009	4.79950000E-005	-2.00000000E+000	1.00000000E+000	4.00000000E+000	-1.31250000E-010	-1.85450000E-010	-2.00900000E-010	*
1.01900000E-010	-8.26050000E-009	-4.76590000E-005	3.20000000E+000	-4.21000000E-011	8.68290000E-009	4.76840000E-005	-2.00000000E+000	1.00000000E+000	4.00000000E+000	-1.60650000E-010	1.36000000E-011	-1.48600000E-010	*
1.60200000E-010	-8.39640000E-009	-4.72550000E-005	3.30000000E+000	1.35050000E-010	8.65700000E-009	4.72290000E-005	-2.00000000E+000	1.00000000E+000	4.00000000E+000	-5.73500000E-011	1.65300000E-010	6.81480000E-011	*
8.38510000E-011	-8.47190000E-009	-4.68290000E-005	3.40000000E+000	2.36750000E-010	8.35050000E-009	4.68040000E-005	-2.00000000E+000	1.00000000E+000	4.00000000E+000	8.61000000E-011	1.90450000E-010	2.00100000E-010	*
-7.24010000E-011	-8.47470000E-009	-4.64240000E-005	3.50000000E+000	1.32000000E-010	8.17640000E-009	4.64790000E-005	-2.00000000E+000	1.00000000E+000	4.00000000E+000	1.74200000E-010	3.90000000E-012	1.85450000E-010	*
-1.65450000E-010	-8.29410000E-009	-4.60350000E-005	3.60000000E+000	-8.90490000E-011	8.10580000E-009	4.60590000E-005	-2.00000000E+000	1.00000000E+000	4.00000000E+000	9.10490000E-011	-1.18200000E-010	-2.84000000E-011	*
-1.35200000E-010	-8.17040000E-009	-4.57990000E-005	3.70000000E+000	-2.16550000E-010	8.26050000E-009	4.57800000E-005	-2.00000000E+000	1.00000000E+000	4.00000000E+000	-4.25490000E-011	-1.72900000E-010	-1.89350000E-010	*
3.01000000E-011	-8.06810000E-009	-4.53740000E-005	3.80000000E+000	-2.06300000E-010	8.43010000E-009	4.53050000E-005	-2.00000000E+000	1.00000000E+000	4.00000000E+000	-1.76550000E-010	-6.78990000E-011	-1.93950000E-010	*
1.29750000E-010	-8.11270000E-009	-4.50200000E-005	3.90000000E+000	3.81510000E-011	8.53880000E-009	4.50150000E-005	-2.00000000E+000	1.00000000E+000	4.00000000E+000	-1.73000000E-010	8.85510000E-011	7.74980000E-012	*
1.24200000E-010	-8.27320000E-009	-4.46590000E-005	4.00000000E+000	1.99050000E-010	8.39230000E-009	4.46740000E-005	-2.00000000E+000	1.00000000E+000	4.00000000E+000	1.02500000E-011	1.86650000E-010	1.58600000E-010	*
4.10010000E-012	-8.37320000E-009	-4.42690000E-005	4.10000000E+000	2.33950000E-010	8.14220000E-009	4.42940000E-005	-2.00000000E+000	1.00000000E+000	4.00000000E+000	1.47950000E-010	1.10100000E-010	1.85150000E-010	*
-1.23650000E-010	-8.28590000E-009	-4.37850000E-005	4.20000000E+000	1.91000000E-011	7.96850000E-009	4.37550000E-005	-2.00000000E+000	1.00000000E+000	4.00000000E+000	1.69300000E-010	-6.38990000E-011	5.49500000E-011	*
-1.53000000E-010	-8.09860000E-009	-4.34140000E-005	4.30000000E+000	-1.48050000E-010	8.02990000E-009	4.33940000E-005	-2.00000000E+000	1.00000000E+000	4.00000000E+000	1.63500000E-011	-1.91300000E-010	-1.00550000E-010	*
-5.41510000E-011	-7.93760000E-009	-4.29300000E-005	4.40000000E+000	-2.12650000E-010	8.21320000E-009	4.29600000E-005	-2.00000000E+000	1.00000000E+000	4.00000000E+000	-1.13200000E-010	-1.59400000E-010	-1.96000000E-010	*
7.43510000E-011	-7.97760000E-009	-4.26940000E-005	4.50000000E+000	-1.40500000E-010	8.41730000E-009	4.27740000E-005	-2.00000000E+000	1.00000000E+000	4.00000000E+000	-2.08350000E-010	6.36510000E-011	-1.02350000E-010	*
1.54200000E-010	-8.12270000E-009	-4.23490000E-005	4.60000000E+000	8.25510000E-011	8.36460000E-009	4.24050000E-005	-2.00000000E+000	1.00000000E+000	4.00000000E+000	-1.59000000E-010	1.78450000E-010	6.68510000E-011	*
1.56600000E-010	-8.17450000E-009	-4.20400000E-005	4.70000000E+000	2.44040000E-010	8.03270000E-009	4.19990000E-005	-2.00000000E+000	1.00000000E+000	4.00000000E+000	2.15500000E-011	1.77600000E-010	2.03400000E-010	*
-3.77990000E-011	-8.13320000E-009	-4.16040000E-005	4.80000000E+000	2.30000000E-010	7.79890000E-009	4.16240000E-005	-2.00000000E+000	1.00000000E+000	4.00000000E+000	1.66550000E-010	-1.60000000E-011	1.66600000E-010	*
-1.52000000E-010	-7.95710000E-009	-4.13150000E-005	4.90000000E+000	-3.14010000E-011	7.79840000E-009	4.13300000E-005	-2.00000000E+000	1.00000000E+000	4.00000000E+000	1.62000000E-010	-1.66200000E-010	-3.67490000E-011	*
-1.43050000E-010	-7.83980000E-009	-4.11400000E-005	5.00000000E+000	-1.94400000E-010	7.96400000E-009	4.11100000E-005	-2.00000000E+000	1.00000000E+000	4.00000000E+000	-4.81500000E-011	-1.61050000E-010	-1.66000000E-010	*

TEST RESULTS:  OUTPUT  04/28/2025  16:00:41


