ATTRIBUTES:

Attribute #1:C:\Metrics\ics\projects\6.2600J_S25\transistor_measurement.ics
Attribute #2:Test
Attribute #3:dev1
Attribute #4:PASSED
SETUP:TRANSFER  04/28/2025  16:40:07
DATE:04/28/2025
TIME:16:40:07

CONDITIONS:

ID:	D	
UNIT:	SMU2	
MODE: STEP	
START:	0.5	
STOP:	5	
PNTS:	2	
STEP:	4.5

ID:	G	
UNIT:	SMU4	
MODE: SWEEP	
START:	-2	
STOP:	4	
PNTS:	61	
STEP:	0.1

ID:	S	
UNIT:	SMU1	
MODE: CONST	
VALUE:	0

DATA:  TRANSFER  04/28/2025  16:40:07

IS	IS2	VD	VD2	ID	ID2	VG	IG	IG2	ACCSTRESS
2.56500000E-011	-3.03510000E-011	5.00000000E-001	5.00000000E+000	1.68000000E-011	-5.25000000E-012	-2.00000000E+000	1.14500000E-011	-2.63000000E-011	0.00000000E+000
-3.05500000E-011	2.54990000E-011	5.00000000E-001	5.00000000E+000	8.30000000E-012	3.36990000E-011	-1.90000000E+000	1.87500000E-011	-1.43000000E-011	*
-3.17510000E-011	-1.05000000E-011	5.00000000E-001	5.00000000E+000	-1.26000000E-011	2.38500000E-011	-1.80000000E+000	2.48000000E-011	1.80000000E-011	*
-2.00000000E-012	-3.12990000E-011	5.00000000E-001	5.00000000E+000	-2.01500000E-011	1.62500000E-011	-1.70000000E+000	-4.99980000E-014	2.26000000E-011	*
2.66500000E-011	-3.80990000E-011	5.00000000E-001	5.00000000E+000	-1.10500000E-011	-1.32500000E-011	-1.60000000E+000	-1.70000000E-011	1.68000000E-011	*
3.70990000E-011	-1.50000000E-011	5.00000000E-001	5.00000000E+000	8.05000000E-012	-1.59000000E-011	-1.50000000E+000	-8.90000000E-012	3.05000000E-012	*
1.97000000E-011	9.65010000E-012	5.00000000E-001	5.00000000E+000	1.85490000E-011	-1.39000000E-011	-1.40000000E+000	-3.65000000E-012	-1.36500000E-011	*
-9.59990000E-012	3.19500000E-011	5.00000000E-001	5.00000000E+000	1.75500000E-011	7.20000000E-012	-1.30000000E+000	2.13000000E-011	-1.75000000E-011	*
-3.43990000E-011	3.43490000E-011	5.00000000E-001	5.00000000E+000	3.74990000E-012	1.49500000E-011	-1.20000000E+000	2.27000000E-011	-1.67000000E-011	*
-2.99990000E-011	4.05010000E-012	5.00000000E-001	5.00000000E+000	-1.76990000E-011	2.84000000E-011	-1.10000000E+000	1.46500000E-011	1.30000000E-011	*
-7.10010000E-012	-3.36000000E-011	5.00000000E-001	5.00000000E+000	-2.22000000E-011	1.53000000E-011	-1.00000000E+000	2.00000000E-012	2.81000000E-011	*
2.59500000E-011	-3.76500000E-011	5.00000000E-001	5.00000000E+000	-9.40000000E-012	-1.22000000E-011	-9.00000000E-001	-2.01500000E-011	2.16500000E-011	*
3.55010000E-011	-8.59980000E-012	5.00000000E-001	5.00000000E+000	2.25000000E-012	-9.15000000E-012	-8.00000000E-001	-1.25500000E-011	1.85000000E-012	*
3.20510000E-011	1.32500000E-011	5.00000000E-001	5.00000000E+000	1.92500000E-011	-1.84000000E-011	-7.00000000E-001	-1.03000000E-011	-1.31000000E-011	*
-3.55010000E-012	3.46500000E-011	5.00000000E-001	5.00000000E+000	2.28500000E-011	2.00000000E-013	-6.00000000E-001	9.74990000E-012	-2.14000000E-011	*
-3.39000000E-011	3.19990000E-011	5.00000000E-001	5.00000000E+000	6.95000000E-012	2.86000000E-011	-5.00000000E-001	2.07490000E-011	-1.06000000E-011	*
-3.50000000E-011	5.64990000E-012	5.00000000E-001	5.00000000E+000	-1.68500000E-011	2.50500000E-011	-4.00000000E-001	2.78000000E-011	1.04000000E-011	*
-1.90000000E-011	-3.15500000E-011	5.00000000E-001	5.00000000E+000	-1.54500000E-011	1.47000000E-011	-3.00000000E-001	6.79990000E-012	2.93510000E-011	*
3.00010000E-012	-3.84000000E-011	5.00000000E-001	5.00000000E+000	8.39990000E-012	-7.74980000E-012	-2.00000000E-001	-1.39000000E-011	2.99000000E-011	*
-8.49980000E-013	-1.63500000E-011	5.00000000E-001	5.00000000E+000	4.23500000E-011	-7.35010000E-012	-1.00000000E-001	-1.62500000E-011	2.25000000E-012	*
-4.09500000E-011	-1.30000000E-012	5.00000000E-001	5.00000000E+000	8.95000000E-011	-9.50020000E-013	0.00000000E+000	-3.45000000E-012	-7.25000000E-012	*
-1.18350000E-010	1.12500000E-011	5.00000000E-001	5.00000000E+000	1.47300000E-010	2.00500000E-011	1.00000000E-001	1.36500000E-011	-2.45000000E-011	*
-2.25450000E-010	-4.60010000E-012	5.00000000E-001	5.00000000E+000	2.04650000E-010	6.24000000E-011	2.00000000E-001	2.63500000E-011	-1.56500000E-011	*
-3.40700000E-010	-6.36010000E-011	5.00000000E-001	5.00000000E+000	2.88550000E-010	9.23990000E-011	3.00000000E-001	2.66000000E-011	1.44000000E-011	*
-4.77090000E-010	-1.39050000E-010	5.00000000E-001	5.00000000E+000	4.45400000E-010	1.23150000E-010	4.00000000E-001	3.35000000E-012	2.81990000E-011	*
-6.82400000E-010	-2.25300000E-010	5.00000000E-001	5.00000000E+000	7.04210000E-010	1.75800000E-010	5.00000000E-001	-2.20000000E-011	3.25000000E-011	*
-1.02180000E-009	-3.17990000E-010	5.00000000E-001	5.00000000E+000	9.60820000E-010	2.89600000E-010	6.00000000E-001	1.09500000E-011	6.99990000E-012	*
-1.15700000E-009	-4.64350000E-010	5.00000000E-001	5.00000000E+000	1.06050000E-009	4.80040000E-010	7.00000000E-001	-2.36490000E-011	-1.75000000E-011	*
-1.54850000E-009	-7.39450000E-010	5.00000000E-001	5.00000000E+000	1.60340000E-009	7.80060000E-010	8.00000000E-001	-1.24500000E-011	-1.47500000E-011	*
-2.55250000E-009	-8.64590000E-010	5.00000000E-001	5.00000000E+000	2.58900000E-009	8.39860000E-010	9.00000000E-001	3.74990000E-012	1.32000000E-011	*
-4.03250000E-009	-1.19400000E-009	5.00000000E-001	5.00000000E+000	4.03340000E-009	1.13700000E-009	1.00000000E+000	2.53500000E-011	2.75000000E-012	*
-6.25640000E-009	-1.81150000E-009	5.00000000E-001	5.00000000E+000	6.23030000E-009	1.81550000E-009	1.10000000E+000	2.77000000E-011	2.28500000E-011	*
-9.70070000E-009	-2.98250000E-009	5.00000000E-001	5.00000000E+000	9.67930000E-009	2.95890000E-009	1.20000000E+000	1.90500000E-011	3.03510000E-011	*
-1.06900000E-008	-4.82690000E-009	5.00000000E-001	5.00000000E+000	1.02800000E-008	4.79780000E-009	1.30000000E+000	2.59500000E-011	2.23000000E-011	*
-1.49250000E-008	-7.69430000E-009	5.00000000E-001	5.00000000E+000	1.46650000E-008	7.70300000E-009	1.40000000E+000	1.66500000E-011	1.90000000E-012	*
-2.30800000E-008	-1.04400000E-008	5.00000000E-001	5.00000000E+000	2.29800000E-008	1.01150000E-008	1.50000000E+000	2.00000000E-012	1.02500000E-011	*
-3.55390000E-008	-1.52700000E-008	5.00000000E-001	5.00000000E+000	3.56360000E-008	1.50300000E-008	1.60000000E+000	-1.49500000E-011	-7.89990000E-012	*
-5.32660000E-008	-2.40850000E-008	5.00000000E-001	5.00000000E+000	5.30750000E-008	2.42700000E-008	1.70000000E+000	-1.46500000E-011	-2.11500000E-011	*
-8.01850000E-008	-3.82150000E-008	5.00000000E-001	5.00000000E+000	7.93010000E-008	3.82240000E-008	1.80000000E+000	8.74990000E-012	-1.02500000E-011	*
-9.00000000E-008	-6.06200000E-008	5.00000000E-001	5.00000000E+000	8.36260000E-008	6.10450000E-008	1.90000000E+000	2.91000000E-011	1.39000000E-011	*
-9.51980000E-008	-9.32990000E-008	5.00000000E-001	5.00000000E+000	9.08800000E-008	9.26010000E-008	2.00000000E+000	-2.47000000E-011	2.74000000E-011	*
-1.10150000E-007	-1.06000000E-007	5.00000000E-001	5.00000000E+000	1.07750000E-007	1.04100000E-007	2.10000000E+000	8.20010000E-012	4.45000000E-012	*
-1.57950000E-007	-1.52000000E-007	5.00000000E-001	5.00000000E+000	1.58350000E-007	1.52850000E-007	2.20000000E+000	3.00510000E-011	2.47500000E-011	*
-2.42200000E-007	-2.38650000E-007	5.00000000E-001	5.00000000E+000	2.40190000E-007	2.39040000E-007	2.30000000E+000	2.22000000E-011	2.61000000E-011	*
-3.65090000E-007	-3.71600000E-007	5.00000000E-001	5.00000000E+000	3.66650000E-007	3.68850000E-007	2.40000000E+000	1.09000000E-011	1.15500000E-011	*
-5.48580000E-007	-5.67790000E-007	5.00000000E-001	5.00000000E+000	5.49330000E-007	5.67490000E-007	2.50000000E+000	-7.45000000E-012	-1.00000000E-011	*
-8.13250000E-007	-8.66620000E-007	5.00000000E-001	5.00000000E+000	8.13280000E-007	8.61440000E-007	2.60000000E+000	-1.56000000E-011	-1.44500000E-011	*
-9.31500000E-007	-1.04800000E-006	5.00000000E-001	5.00000000E+000	8.65430000E-007	9.90110000E-007	2.70000000E+000	-5.64990000E-012	1.98000000E-011	*
-9.63690000E-007	-1.19900000E-006	5.00000000E-001	5.00000000E+000	9.25240000E-007	1.16800000E-006	2.80000000E+000	1.91000000E-011	5.80000000E-012	*
-1.10750000E-006	-1.61750000E-006	5.00000000E-001	5.00000000E+000	1.07200000E-006	1.60900000E-006	2.90000000E+000	-9.30010000E-012	-8.90000000E-012	*
-1.46350000E-006	-2.50200000E-006	5.00000000E-001	5.00000000E+000	1.45550000E-006	2.48590000E-006	3.00000000E+000	2.47000000E-011	-1.69000000E-011	*
-2.20500000E-006	-3.73190000E-006	5.00000000E-001	5.00000000E+000	2.19650000E-006	3.72190000E-006	3.10000000E+000	3.25500000E-011	-1.90500000E-011	*
-3.22550000E-006	-5.57750000E-006	5.00000000E-001	5.00000000E+000	3.22050000E-006	5.53650000E-006	3.20000000E+000	1.80000000E-011	6.90000000E-012	*
-4.68150000E-006	-8.05320000E-006	5.00000000E-001	5.00000000E+000	4.67500000E-006	8.01450000E-006	3.30000000E+000	3.35000000E-012	2.95000000E-011	*
-6.62330000E-006	-8.92950000E-006	5.00000000E-001	5.00000000E+000	6.55890000E-006	8.57240000E-006	3.40000000E+000	-1.57500000E-011	-1.97490000E-011	*
-9.16280000E-006	-9.36450000E-006	5.00000000E-001	5.00000000E+000	9.14190000E-006	9.11210000E-006	3.50000000E+000	-1.70000000E-011	-5.05000000E-012	*
-9.30530000E-006	-1.02850000E-005	5.00000000E-001	5.00000000E+000	8.81130000E-006	1.00560000E-005	3.60000000E+000	-1.52000000E-011	2.20000000E-011	*
-1.04080000E-005	-1.17000000E-005	5.00000000E-001	5.00000000E+000	1.03950000E-005	1.15150000E-005	3.70000000E+000	-1.61000000E-011	-2.15500000E-011	*
-1.17800000E-005	-1.55890000E-005	5.00000000E-001	5.00000000E+000	1.13800000E-005	1.55200000E-005	3.80000000E+000	1.05000000E-011	-1.15000000E-011	*
-1.35850000E-005	-2.27750000E-005	5.00000000E-001	5.00000000E+000	1.35600000E-005	2.27350000E-005	3.90000000E+000	3.16490000E-011	-3.19990000E-012	*
-1.88290000E-005	-3.26240000E-005	5.00000000E-001	5.00000000E+000	1.88000000E-005	3.24900000E-005	4.00000000E+000	2.06500000E-011	1.94500000E-011	*

TEST RESULTS:  TRANSFER  04/28/2025  16:40:07


SETUP:OUTPUT  04/28/2025  16:40:53
DATE:04/28/2025
TIME:16:40:53

CONDITIONS:

ID:	D	
UNIT:	SMU2	
MODE: SWEEP	
START:	0	
STOP:	5	
PNTS:	51	
STEP:	0.1

ID:	G	
UNIT:	SMU4	
MODE: STEP	
START:	-2	
STOP:	4	
PNTS:	3	
STEP:	3

ID:	S	
UNIT:	SMU1	
MODE: CONST	
VALUE:	0

DATA:  OUTPUT  04/28/2025  16:40:53

IS	IS2	IS3	VD	ID	ID2	ID3	VG	VG2	VG3	IG	IG2	IG3	ACCSTRESS
-7.15000000E-012	3.12500000E-011	-5.07900000E-008	0.00000000E+000	-1.55000000E-012	2.12000000E-011	3.50990000E-008	-2.00000000E+000	1.00000000E+000	4.00000000E+000	-6.70000000E-012	2.41490000E-011	-1.43500000E-011	0.00000000E+000
-4.65010000E-012	-4.44040000E-010	-5.39540000E-006	1.00000000E-001	1.99000000E-011	4.05450000E-010	5.16350000E-006	-2.00000000E+000	1.00000000E+000	4.00000000E+000	1.02000000E-011	2.04500000E-011	-2.45500000E-011	*
-3.28010000E-011	-6.77940000E-010	-7.35880000E-006	2.00000000E-001	9.94980000E-012	6.87100000E-010	7.35440000E-006	-2.00000000E+000	1.00000000E+000	4.00000000E+000	1.56000000E-011	-4.99990000E-013	-6.50000000E-013	*
-3.74490000E-011	-8.53360000E-010	-9.95730000E-006	3.00000000E-001	-1.04500000E-011	8.41450000E-010	9.94100000E-006	-2.00000000E+000	1.00000000E+000	4.00000000E+000	1.14500000E-011	4.29990000E-012	2.24000000E-011	*
-1.63500000E-011	-1.05180000E-009	-1.15700000E-005	4.00000000E-001	-2.16500000E-011	1.03740000E-009	1.15400000E-005	-2.00000000E+000	1.00000000E+000	4.00000000E+000	-2.25000000E-012	1.82000000E-011	2.42500000E-011	*
1.39500000E-011	-1.11400000E-009	-1.32800000E-005	5.00000000E-001	-1.93990000E-011	1.11900000E-009	1.32800000E-005	-2.00000000E+000	1.00000000E+000	4.00000000E+000	-2.12500000E-011	-1.16000000E-011	5.69990000E-012	*
3.48010000E-011	-1.20750000E-009	-1.46300000E-005	6.00000000E-001	-2.10000000E-012	1.24900000E-009	1.46000000E-005	-2.00000000E+000	1.00000000E+000	4.00000000E+000	-2.86500000E-011	-2.78500000E-011	-2.30000000E-011	*
3.50490000E-011	-1.27350000E-009	-1.57500000E-005	7.00000000E-001	1.78000000E-011	1.32600000E-009	1.57150000E-005	-2.00000000E+000	1.00000000E+000	4.00000000E+000	-2.13000000E-011	-2.00500000E-011	-1.93990000E-011	*
7.49980000E-012	-1.35800000E-009	-1.66500000E-005	8.00000000E-001	2.62500000E-011	1.38950000E-009	1.66500000E-005	-2.00000000E+000	1.00000000E+000	4.00000000E+000	6.55010000E-012	3.20000000E-012	-1.40000000E-012	*
-2.74500000E-011	-1.43550000E-009	-1.73100000E-005	9.00000000E-001	1.43000000E-011	1.42940000E-009	1.73100000E-005	-2.00000000E+000	1.00000000E+000	4.00000000E+000	2.21000000E-011	1.77500000E-011	2.68490000E-011	*
-3.87500000E-011	-1.47950000E-009	-1.78750000E-005	1.00000000E+000	-9.40000000E-012	1.43600000E-009	1.79300000E-005	-2.00000000E+000	1.00000000E+000	4.00000000E+000	1.47500000E-011	3.05000000E-011	2.02000000E-011	*
-1.58000000E-011	-1.47550000E-009	-1.83350000E-005	1.10000000E+000	-1.63000000E-011	1.44350000E-009	1.83290000E-005	-2.00000000E+000	1.00000000E+000	4.00000000E+000	-3.50000000E-013	6.10000000E-012	1.41500000E-011	*
1.51000000E-011	-1.47550000E-009	-1.86940000E-005	1.20000000E+000	-1.62000000E-011	1.47000000E-009	1.87150000E-005	-2.00000000E+000	1.00000000E+000	4.00000000E+000	-2.00500000E-011	-1.55000000E-011	-1.29000000E-011	*
3.26500000E-011	-1.45950000E-009	-1.87800000E-005	1.30000000E+000	-2.50000000E-012	1.49550000E-009	1.87600000E-005	-2.00000000E+000	1.00000000E+000	4.00000000E+000	-2.97500000E-011	-2.88990000E-011	-2.84000000E-011	*
3.32500000E-011	-1.46000000E-009	-1.88700000E-005	1.40000000E+000	1.67000000E-011	1.52150000E-009	1.88840000E-005	-2.00000000E+000	1.00000000E+000	4.00000000E+000	-2.22500000E-011	-2.67500000E-011	-2.27990000E-011	*
1.00000000E-011	-1.48900000E-009	-1.89790000E-005	1.50000000E+000	2.83500000E-011	1.53100000E-009	1.89790000E-005	-2.00000000E+000	1.00000000E+000	4.00000000E+000	-2.05000000E-012	4.95000000E-012	-4.50000000E-013	*
-1.79000000E-011	-1.51200000E-009	-1.89000000E-005	1.60000000E+000	1.67500000E-011	1.51250000E-009	1.88350000E-005	-2.00000000E+000	1.00000000E+000	4.00000000E+000	2.47000000E-011	1.84500000E-011	2.50500000E-011	*
-3.47490000E-011	-1.52450000E-009	-1.88050000E-005	1.70000000E+000	1.40000000E-012	1.49200000E-009	1.87950000E-005	-2.00000000E+000	1.00000000E+000	4.00000000E+000	1.71500000E-011	1.73500000E-011	2.44000000E-011	*
-3.25500000E-011	-1.51650000E-009	-1.87400000E-005	1.80000000E+000	-1.76000000E-011	1.47890000E-009	1.87550000E-005	-2.00000000E+000	1.00000000E+000	4.00000000E+000	1.33500000E-011	2.10000000E-011	1.38000000E-011	*
1.10000000E-012	-1.49600000E-009	-1.85950000E-005	1.90000000E+000	-1.77500000E-011	1.48000000E-009	1.85750000E-005	-2.00000000E+000	1.00000000E+000	4.00000000E+000	-1.16500000E-011	1.30000000E-012	-1.37000000E-011	*
3.04500000E-011	-1.45300000E-009	-1.84800000E-005	2.00000000E+000	-6.19990000E-012	1.46950000E-009	1.84700000E-005	-2.00000000E+000	1.00000000E+000	4.00000000E+000	-3.33000000E-011	-2.13500000E-011	-2.21000000E-011	*
3.70000000E-011	-1.43750000E-009	-1.80900000E-005	2.10000000E+000	1.16000000E-011	1.48800000E-009	1.80950000E-005	-2.00000000E+000	1.00000000E+000	4.00000000E+000	-2.27990000E-011	-2.33500000E-011	-1.43000000E-011	*
1.39000000E-011	-1.44100000E-009	-1.79490000E-005	2.20000000E+000	2.91000000E-011	1.49900000E-009	1.79490000E-005	-2.00000000E+000	1.00000000E+000	4.00000000E+000	-6.44990000E-012	-1.25000000E-011	1.24500000E-011	*
-1.03000000E-011	-1.46250000E-009	-1.77300000E-005	2.30000000E+000	2.06000000E-011	1.49800000E-009	1.77000000E-005	-2.00000000E+000	1.00000000E+000	4.00000000E+000	1.29500000E-011	6.95000000E-012	1.90500000E-011	*
-3.39500000E-011	-1.49050000E-009	-1.74600000E-005	2.40000000E+000	9.44970000E-012	1.48250000E-009	1.74500000E-005	-2.00000000E+000	1.00000000E+000	4.00000000E+000	1.88500000E-011	2.48000000E-011	1.74000000E-011	*
-3.35500000E-011	-1.49400000E-009	-1.72000000E-005	2.50000000E+000	-8.10020000E-012	1.45850000E-009	1.72100000E-005	-2.00000000E+000	1.00000000E+000	4.00000000E+000	1.48500000E-011	1.09000000E-011	-2.75000000E-012	*
-3.95000000E-012	-1.49090000E-009	-1.69400000E-005	2.60000000E+000	-1.97000000E-011	1.45100000E-009	1.69500000E-005	-2.00000000E+000	1.00000000E+000	4.00000000E+000	-4.90010000E-012	9.80010000E-012	-2.34000000E-011	*
3.01500000E-011	-1.45600000E-009	-1.67000000E-005	2.70000000E+000	-7.95010000E-012	1.44650000E-009	1.66800000E-005	-2.00000000E+000	1.00000000E+000	4.00000000E+000	-2.78000000E-011	-1.12500000E-011	-1.75000000E-011	*
3.86000000E-011	-1.42450000E-009	-1.64150000E-005	2.80000000E+000	1.20500000E-011	1.46640000E-009	1.63850000E-005	-2.00000000E+000	1.00000000E+000	4.00000000E+000	-1.96000000E-011	-3.05000000E-011	-5.25000000E-012	*
2.48500000E-011	-1.41300000E-009	-1.61040000E-005	2.90000000E+000	2.01500000E-011	1.47800000E-009	1.61150000E-005	-2.00000000E+000	1.00000000E+000	4.00000000E+000	-1.80000000E-011	-1.84000000E-011	1.50000000E-011	*
-5.80000000E-012	-1.44100000E-009	-1.58250000E-005	3.00000000E+000	2.29500000E-011	1.48750000E-009	1.58550000E-005	-2.00000000E+000	1.00000000E+000	4.00000000E+000	9.40000000E-012	5.15010000E-012	2.85490000E-011	*
-3.35000000E-011	-1.48050000E-009	-1.55200000E-005	3.10000000E+000	1.05500000E-011	1.48250000E-009	1.54900000E-005	-2.00000000E+000	1.00000000E+000	4.00000000E+000	3.10510000E-011	1.98500000E-011	1.61500000E-011	*
-3.37510000E-011	-1.49050000E-009	-1.53600000E-005	3.20000000E+000	-1.15500000E-011	1.45550000E-009	1.53100000E-005	-2.00000000E+000	1.00000000E+000	4.00000000E+000	1.63000000E-011	2.02000000E-011	1.15000000E-012	*
-9.69980000E-012	-1.47250000E-009	-1.50650000E-005	3.30000000E+000	-1.08500000E-011	1.44700000E-009	1.50250000E-005	-2.00000000E+000	1.00000000E+000	4.00000000E+000	-7.10010000E-012	5.09990000E-012	-2.36000000E-011	*
2.44000000E-011	-1.43690000E-009	-1.47550000E-005	3.40000000E+000	-1.19500000E-011	1.43650000E-009	1.47250000E-005	-2.00000000E+000	1.00000000E+000	4.00000000E+000	-2.26500000E-011	-5.85000000E-012	-2.40500000E-011	*
3.63500000E-011	-1.40400000E-009	-1.45250000E-005	3.50000000E+000	1.34500000E-011	1.44100000E-009	1.44850000E-005	-2.00000000E+000	1.00000000E+000	4.00000000E+000	-2.88000000E-011	-2.65000000E-011	5.99990000E-013	*
3.08500000E-011	-1.40300000E-009	-1.42700000E-005	3.60000000E+000	2.40500000E-011	1.47050000E-009	1.43000000E-005	-2.00000000E+000	1.00000000E+000	4.00000000E+000	-1.52000000E-011	-1.91500000E-011	1.55500000E-011	*
3.80010000E-012	-1.42800000E-009	-1.40600000E-005	3.70000000E+000	3.08000000E-011	1.47050000E-009	1.40450000E-005	-2.00000000E+000	1.00000000E+000	4.00000000E+000	5.60000000E-012	3.50000000E-013	2.20000000E-011	*
-3.14500000E-011	-1.44750000E-009	-1.37850000E-005	3.80000000E+000	1.35000000E-011	1.46350000E-009	1.37950000E-005	-2.00000000E+000	1.00000000E+000	4.00000000E+000	2.01500000E-011	1.56000000E-011	1.69500000E-011	*
-3.63500000E-011	-1.46750000E-009	-1.36300000E-005	3.90000000E+000	-8.14990000E-012	1.45500000E-009	1.35800000E-005	-2.00000000E+000	1.00000000E+000	4.00000000E+000	2.29500000E-011	2.87500000E-011	-6.60010000E-012	*
-6.79990000E-012	-1.46550000E-009	-1.34050000E-005	4.00000000E+000	-1.84500000E-011	1.42300000E-009	1.33900000E-005	-2.00000000E+000	1.00000000E+000	4.00000000E+000	2.25000000E-012	1.33500000E-011	-2.94500000E-011	*
2.36000000E-011	-1.43050000E-009	-1.31850000E-005	4.10000000E+000	-6.60010000E-012	1.40740000E-009	1.31700000E-005	-2.00000000E+000	1.00000000E+000	4.00000000E+000	-2.38500000E-011	-5.55000000E-012	-2.01000000E-011	*
3.76000000E-011	-1.39100000E-009	-1.30550000E-005	4.20000000E+000	9.74990000E-012	1.41150000E-009	1.30400000E-005	-2.00000000E+000	1.00000000E+000	4.00000000E+000	-2.48500000E-011	-1.95000000E-011	5.75010000E-012	*
3.12990000E-011	-1.36650000E-009	-1.28000000E-005	4.30000000E+000	2.34500000E-011	1.42600000E-009	1.27850000E-005	-2.00000000E+000	1.00000000E+000	4.00000000E+000	-1.37500000E-011	-2.24500000E-011	2.59000000E-011	*
-1.20000000E-012	-1.37900000E-009	-1.25900000E-005	4.40000000E+000	3.36990000E-011	1.43940000E-009	1.26150000E-005	-2.00000000E+000	1.00000000E+000	4.00000000E+000	6.99990000E-012	-8.90000000E-012	2.24500000E-011	*
-2.79000000E-011	-1.40100000E-009	-1.23900000E-005	4.50000000E+000	1.12500000E-011	1.43690000E-009	1.24150000E-005	-2.00000000E+000	1.00000000E+000	4.00000000E+000	1.68000000E-011	8.84980000E-012	9.40000000E-012	*
-3.55500000E-011	-1.44250000E-009	-1.22400000E-005	4.60000000E+000	9.50020000E-013	1.43550000E-009	1.22250000E-005	-2.00000000E+000	1.00000000E+000	4.00000000E+000	1.61500000E-011	2.78500000E-011	-8.24980000E-012	*
-9.05010000E-012	-1.44400000E-009	-1.20800000E-005	4.70000000E+000	-1.76990000E-011	1.40990000E-009	1.20700000E-005	-2.00000000E+000	1.00000000E+000	4.00000000E+000	6.50000000E-013	2.21000000E-011	-2.51000000E-011	*
2.34500000E-011	-1.42150000E-009	-1.19000000E-005	4.80000000E+000	-3.69990000E-012	1.39700000E-009	1.19050000E-005	-2.00000000E+000	1.00000000E+000	4.00000000E+000	-2.50500000E-011	6.40000000E-012	-2.17500000E-011	*
3.77490000E-011	-1.38750000E-009	-1.17150000E-005	4.90000000E+000	1.44500000E-011	1.39200000E-009	1.17150000E-005	-2.00000000E+000	1.00000000E+000	4.00000000E+000	-2.59990000E-011	-1.23000000E-011	6.95000000E-012	*
2.51000000E-011	-1.36450000E-009	-1.15550000E-005	5.00000000E+000	2.54990000E-011	1.41150000E-009	1.15650000E-005	-2.00000000E+000	1.00000000E+000	4.00000000E+000	-2.25000000E-011	-2.94500000E-011	2.47000000E-011	*

TEST RESULTS:  OUTPUT  04/28/2025  16:40:53


