ATTRIBUTES:

Attribute #1:C:\Metrics\ics\projects\6.2600J_S25\transistor_measurement.ics
Attribute #2:Test
Attribute #3:dev1
Attribute #4:PASSED
SETUP:TRANSFER  04/28/2025  15:50:32
DATE:04/28/2025
TIME:15:50:32

CONDITIONS:

ID:	D	
UNIT:	SMU2	
MODE: STEP	
START:	0.5	
STOP:	5	
PNTS:	2	
STEP:	4.5

ID:	G	
UNIT:	SMU4	
MODE: SWEEP	
START:	-2	
STOP:	4	
PNTS:	61	
STEP:	0.1

ID:	S	
UNIT:	SMU1	
MODE: CONST	
VALUE:	0

DATA:  TRANSFER  04/28/2025  15:50:32

IS	IS2	VD	VD2	ID	ID2	VG	IG	IG2	ACCSTRESS
-5.20000000E-012	-2.98000000E-011	5.00000000E-001	5.00000000E+000	-1.12500000E-011	7.26000000E-011	-2.00000000E+000	5.25000000E-012	-8.35000000E-011	0.00000000E+000
1.68000000E-011	1.91500000E-011	5.00000000E-001	5.00000000E+000	-1.13000000E-011	6.99000000E-011	-1.90000000E+000	3.29990000E-011	-3.42500000E-011	*
2.27990000E-011	-9.30010000E-012	5.00000000E-001	5.00000000E+000	1.63500000E-011	4.91500000E-011	-1.80000000E+000	3.76000000E-011	-7.20000000E-012	*
1.02500000E-011	-3.20510000E-011	5.00000000E-001	5.00000000E+000	7.49980000E-012	2.15500000E-011	-1.70000000E+000	3.87000000E-011	7.04990000E-012	*
-2.18000000E-011	-3.12990000E-011	5.00000000E-001	5.00000000E+000	9.00000000E-013	2.50000000E-012	-1.60000000E+000	5.48500000E-011	2.31500000E-011	*
-3.92010000E-011	-3.05000000E-012	5.00000000E-001	5.00000000E+000	-3.05000000E-012	1.07000000E-011	-1.50000000E+000	5.79500000E-011	2.58490000E-011	*
-2.73500000E-011	2.79000000E-011	5.00000000E-001	5.00000000E+000	-1.67500000E-011	5.64990000E-012	-1.40000000E+000	5.64490000E-011	2.01500000E-011	*
-4.50000000E-012	2.77000000E-011	5.00000000E-001	5.00000000E+000	-4.84990000E-012	2.50500000E-011	-1.30000000E+000	3.93500000E-011	2.30000000E-011	*
2.18500000E-011	4.10010000E-012	5.00000000E-001	5.00000000E+000	2.90000000E-012	1.78000000E-011	-1.20000000E+000	3.46500000E-011	3.14010000E-011	*
2.34500000E-011	-2.43500000E-011	5.00000000E-001	5.00000000E+000	2.00000000E-012	1.23000000E-011	-1.10000000E+000	3.97500000E-011	4.48500000E-011	*
3.60000000E-012	-4.10500000E-011	5.00000000E-001	5.00000000E+000	1.57000000E-011	-5.50000000E-013	-1.00000000E+000	4.52490000E-011	5.63500000E-011	*
-2.27500000E-011	-3.10510000E-011	5.00000000E-001	5.00000000E+000	5.15010000E-012	-5.60000000E-012	-9.00000000E-001	5.59000000E-011	5.25000000E-011	*
-3.74490000E-011	-3.60000000E-012	5.00000000E-001	5.00000000E+000	-9.09980000E-012	3.10000000E-012	-8.00000000E-001	5.36990000E-011	4.43010000E-011	*
-2.91000000E-011	2.31500000E-011	5.00000000E-001	5.00000000E+000	-4.99980000E-014	1.95000000E-011	-7.00000000E-001	5.75010000E-011	2.65500000E-011	*
-1.99990000E-013	2.34500000E-011	5.00000000E-001	5.00000000E+000	-4.54990000E-012	3.19000000E-011	-6.00000000E-001	4.09010000E-011	1.70000000E-011	*
2.29000000E-011	-2.45000000E-012	5.00000000E-001	5.00000000E+000	2.90000000E-012	3.09500000E-011	-5.00000000E-001	2.98000000E-011	2.51000000E-011	*
2.44500000E-011	-3.06490000E-011	5.00000000E-001	5.00000000E+000	2.19000000E-011	2.01000000E-011	-4.00000000E-001	2.61000000E-011	3.60990000E-011	*
1.33500000E-011	-3.17510000E-011	5.00000000E-001	5.00000000E+000	2.29500000E-011	1.07500000E-011	-3.00000000E-001	2.86500000E-011	3.70990000E-011	*
-2.20500000E-011	-1.40000000E-011	5.00000000E-001	5.00000000E+000	2.43000000E-011	1.53500000E-011	-2.00000000E-001	4.16010000E-011	2.77000000E-011	*
-3.69500000E-011	1.39500000E-011	5.00000000E-001	5.00000000E+000	7.45000000E-012	1.73500000E-011	-1.00000000E-001	4.43010000E-011	1.05000000E-011	*
-3.28500000E-011	2.71990000E-011	5.00000000E-001	5.00000000E+000	1.95000000E-012	3.78510000E-011	0.00000000E+000	4.35000000E-011	3.99990000E-012	*
-3.69990000E-012	2.01500000E-011	5.00000000E-001	5.00000000E+000	5.34990000E-012	3.70000000E-011	1.00000000E-001	4.43010000E-011	-2.25000000E-012	*
3.69990000E-012	-1.58490000E-011	5.00000000E-001	5.00000000E+000	1.75000000E-011	4.15510000E-011	2.00000000E-001	4.45490000E-011	1.66500000E-011	*
-9.61010000E-011	-4.27000000E-011	5.00000000E-001	5.00000000E+000	2.53500000E-011	2.97010000E-011	3.00000000E-001	1.73100000E-010	2.61500000E-011	*
-2.69250000E-010	-6.31000000E-011	5.00000000E-001	5.00000000E+000	2.94190000E-010	2.14000000E-011	4.00000000E-001	1.50000000E-012	5.21010000E-011	*
-8.54360000E-010	-1.25300000E-010	5.00000000E-001	5.00000000E+000	8.47910000E-010	1.24350000E-010	5.00000000E-001	6.19990000E-012	-1.44000000E-011	*
-2.36050000E-009	-5.57350000E-010	5.00000000E-001	5.00000000E+000	2.35340000E-009	6.13510000E-010	6.00000000E-001	-2.84990000E-012	-2.76500000E-011	*
-5.31780000E-009	-1.89550000E-009	5.00000000E-001	5.00000000E+000	5.32530000E-009	1.86490000E-009	7.00000000E-001	1.42000000E-011	-2.20000000E-011	*
-9.98760000E-009	-4.63680000E-009	5.00000000E-001	5.00000000E+000	9.91390000E-009	4.63800000E-009	8.00000000E-001	7.02510000E-011	7.60010000E-012	*
-1.54750000E-008	-9.25550000E-009	5.00000000E-001	5.00000000E+000	1.53600000E-008	9.30870000E-009	9.00000000E-001	4.05010000E-012	-1.39500000E-011	*
-2.28700000E-008	-1.58250000E-008	5.00000000E-001	5.00000000E+000	2.27900000E-008	1.57750000E-008	1.00000000E+000	3.64490000E-011	-2.07490000E-011	*
-3.20000000E-008	-2.52500000E-008	5.00000000E-001	5.00000000E+000	3.19000000E-008	2.51950000E-008	1.10000000E+000	-3.05000000E-012	-7.79990000E-012	*
-4.29240000E-008	-3.77090000E-008	5.00000000E-001	5.00000000E+000	4.28350000E-008	3.76550000E-008	1.20000000E+000	4.33500000E-011	3.30000000E-012	*
-5.53050000E-008	-5.33400000E-008	5.00000000E-001	5.00000000E+000	5.52650000E-008	5.33600000E-008	1.30000000E+000	-4.50000000E-013	-1.43000000E-011	*
-6.94340000E-008	-7.26500000E-008	5.00000000E-001	5.00000000E+000	6.94200000E-008	7.25850000E-008	1.40000000E+000	1.09500000E-011	-9.65010000E-012	*
-8.53910000E-008	-9.58530000E-008	5.00000000E-001	5.00000000E+000	8.52490000E-008	9.57730000E-008	1.50000000E+000	1.71500000E-011	1.38500000E-011	*
-1.02780000E-007	-1.22450000E-007	5.00000000E-001	5.00000000E+000	1.02760000E-007	1.22250000E-007	1.60000000E+000	-6.30010000E-012	-3.73500000E-011	*
-1.20150000E-007	-1.53400000E-007	5.00000000E-001	5.00000000E+000	1.19600000E-007	1.53400000E-007	1.70000000E+000	8.90000000E-012	-4.29510000E-011	*
-1.39550000E-007	-1.89900000E-007	5.00000000E-001	5.00000000E+000	1.39450000E-007	1.89790000E-007	1.80000000E+000	1.38500000E-011	-2.69500000E-011	*
-1.61900000E-007	-2.31450000E-007	5.00000000E-001	5.00000000E+000	1.61740000E-007	2.31240000E-007	1.90000000E+000	-2.38500000E-011	-5.55000000E-012	*
-1.85350000E-007	-2.78000000E-007	5.00000000E-001	5.00000000E+000	1.85100000E-007	2.77900000E-007	2.00000000E+000	2.48000000E-011	-3.31010000E-011	*
-2.10350000E-007	-3.29990000E-007	5.00000000E-001	5.00000000E+000	2.10200000E-007	3.29790000E-007	2.10000000E+000	-1.84000000E-011	-1.89500000E-011	*
-2.36100000E-007	-3.87650000E-007	5.00000000E-001	5.00000000E+000	2.36000000E-007	3.87490000E-007	2.20000000E+000	-4.15000000E-012	-1.00000000E-013	*
-2.62940000E-007	-4.50750000E-007	5.00000000E-001	5.00000000E+000	2.62790000E-007	4.50690000E-007	2.30000000E+000	1.93500000E-011	-2.74500000E-011	*
-2.91100000E-007	-5.20200000E-007	5.00000000E-001	5.00000000E+000	2.90990000E-007	5.20000000E-007	2.40000000E+000	-2.10000000E-011	-1.50000000E-012	*
-3.20200000E-007	-5.95930000E-007	5.00000000E-001	5.00000000E+000	3.19890000E-007	5.95730000E-007	2.50000000E+000	3.12500000E-011	-1.80000000E-012	*
-3.50090000E-007	-6.77830000E-007	5.00000000E-001	5.00000000E+000	3.49990000E-007	6.77620000E-007	2.60000000E+000	-7.74980000E-012	-1.50500000E-011	*
-3.81000000E-007	-7.66330000E-007	5.00000000E-001	5.00000000E+000	3.80790000E-007	7.66040000E-007	2.70000000E+000	-2.75000000E-012	-9.69980000E-012	*
-4.12740000E-007	-8.61590000E-007	5.00000000E-001	5.00000000E+000	4.12490000E-007	8.61180000E-007	2.80000000E+000	3.14010000E-011	4.65010000E-012	*
-4.45040000E-007	-9.63570000E-007	5.00000000E-001	5.00000000E+000	4.45000000E-007	9.63220000E-007	2.90000000E+000	-1.43500000E-011	-1.87500000E-011	*
-4.78440000E-007	-1.07000000E-006	5.00000000E-001	5.00000000E+000	4.78150000E-007	1.06750000E-006	3.00000000E+000	2.75500000E-011	-5.59500000E-011	*
-5.12080000E-007	-1.17900000E-006	5.00000000E-001	5.00000000E+000	5.11880000E-007	1.17800000E-006	3.10000000E+000	9.44970000E-012	-5.42000000E-011	*
-5.46540000E-007	-1.30350000E-006	5.00000000E-001	5.00000000E+000	5.46390000E-007	1.30250000E-006	3.20000000E+000	-1.30000000E-012	-4.05510000E-011	*
-5.81640000E-007	-1.43350000E-006	5.00000000E-001	5.00000000E+000	5.81200000E-007	1.43550000E-006	3.30000000E+000	3.09500000E-011	-9.69980000E-012	*
-6.17000000E-007	-1.57600000E-006	5.00000000E-001	5.00000000E+000	6.16680000E-007	1.57200000E-006	3.40000000E+000	-3.24010000E-011	-3.60000000E-011	*
-6.52890000E-007	-1.71800000E-006	5.00000000E-001	5.00000000E+000	6.52450000E-007	1.71700000E-006	3.50000000E+000	2.18000000E-011	-2.13000000E-011	*
-6.89030000E-007	-1.87150000E-006	5.00000000E-001	5.00000000E+000	6.88680000E-007	1.87050000E-006	3.60000000E+000	2.13500000E-011	-2.80000000E-012	*
-7.25530000E-007	-2.03200000E-006	5.00000000E-001	5.00000000E+000	7.25300000E-007	2.02950000E-006	3.70000000E+000	-2.81990000E-011	-2.04000000E-011	*
-7.62490000E-007	-2.19900000E-006	5.00000000E-001	5.00000000E+000	7.62080000E-007	2.19790000E-006	3.80000000E+000	3.75010000E-011	-1.22500000E-011	*
-7.99390000E-007	-2.37740000E-006	5.00000000E-001	5.00000000E+000	7.98930000E-007	2.37390000E-006	3.90000000E+000	1.82000000E-011	9.90010000E-012	*
-8.36440000E-007	-2.55750000E-006	5.00000000E-001	5.00000000E+000	8.36180000E-007	2.55390000E-006	4.00000000E+000	-1.12500000E-011	-2.34000000E-011	*

TEST RESULTS:  TRANSFER  04/28/2025  15:50:32


SETUP:OUTPUT  04/28/2025  15:51:22
DATE:04/28/2025
TIME:15:51:22

CONDITIONS:

ID:	D	
UNIT:	SMU2	
MODE: SWEEP	
START:	0	
STOP:	5	
PNTS:	51	
STEP:	0.1

ID:	G	
UNIT:	SMU4	
MODE: STEP	
START:	-2	
STOP:	4	
PNTS:	3	
STEP:	3

ID:	S	
UNIT:	SMU1	
MODE: CONST	
VALUE:	0

DATA:  OUTPUT  04/28/2025  15:51:22

IS	IS2	IS3	VD	ID	ID2	ID3	VG	VG2	VG3	IG	IG2	IG3	ACCSTRESS
2.95500000E-011	-2.75000000E-012	-3.89410000E-010	0.00000000E+000	1.21000000E-011	4.78500000E-011	3.82990000E-010	-2.00000000E+000	1.00000000E+000	4.00000000E+000	-1.45000000E-012	1.74000000E-011	3.50000000E-013	0.00000000E+000
-2.15000000E-011	-1.18350000E-008	-1.93950000E-007	1.00000000E-001	-1.27500000E-011	1.18450000E-008	1.93290000E-007	-2.00000000E+000	1.00000000E+000	4.00000000E+000	-1.95000000E-012	1.22500000E-011	-8.24980000E-012	*
4.29990000E-012	-2.05400000E-008	-3.71950000E-007	2.00000000E-001	-2.25000000E-012	2.06650000E-008	3.71790000E-007	-2.00000000E+000	1.00000000E+000	4.00000000E+000	-8.24980000E-012	-1.15400000E-010	-4.35000000E-011	*
3.21500000E-011	-2.69100000E-008	-5.42990000E-007	3.00000000E-001	7.39980000E-012	2.70100000E-008	5.42730000E-007	-2.00000000E+000	1.00000000E+000	4.00000000E+000	-1.31500000E-011	-1.56300000E-010	-4.29510000E-011	*
3.35500000E-011	-3.12100000E-008	-7.04490000E-007	4.00000000E-001	1.31500000E-011	3.13850000E-008	7.04050000E-007	-2.00000000E+000	1.00000000E+000	4.00000000E+000	-1.20000000E-011	-1.87850000E-010	-4.47500000E-011	*
1.24000000E-011	-3.39550000E-008	-8.56520000E-007	5.00000000E-001	1.70500000E-011	3.41500000E-008	8.56230000E-007	-2.00000000E+000	1.00000000E+000	4.00000000E+000	-4.60010000E-012	-2.22000000E-010	-4.06500000E-011	*
-1.58000000E-011	-3.55850000E-008	-9.99370000E-007	6.00000000E-001	1.13500000E-011	3.58650000E-008	9.99190000E-007	-2.00000000E+000	1.00000000E+000	4.00000000E+000	-2.95000000E-012	-2.34810000E-010	-6.14510000E-011	*
-2.86000000E-011	-3.65250000E-008	-1.13050000E-006	7.00000000E-001	-1.29500000E-011	3.68250000E-008	1.13000000E-006	-2.00000000E+000	1.00000000E+000	4.00000000E+000	-2.40000000E-012	-2.36650000E-010	-3.04010000E-011	*
-2.53000000E-011	-3.70450000E-008	-1.24800000E-006	8.00000000E-001	-2.65000000E-012	3.72800000E-008	1.24800000E-006	-2.00000000E+000	1.00000000E+000	4.00000000E+000	-3.50000000E-012	-2.05500000E-010	-5.33000000E-011	*
1.10000000E-012	-3.72660000E-008	-1.36450000E-006	9.00000000E-001	-1.37500000E-011	3.74350000E-008	1.36250000E-006	-2.00000000E+000	1.00000000E+000	4.00000000E+000	-1.16500000E-011	-1.98350000E-010	-2.97010000E-011	*
2.02500000E-011	-3.73690000E-008	-1.47100000E-006	1.00000000E+000	-2.90000000E-012	3.75090000E-008	1.47200000E-006	-2.00000000E+000	1.00000000E+000	4.00000000E+000	-1.40000000E-011	-1.81800000E-010	-1.06500000E-011	*
3.76500000E-011	-3.73690000E-008	-1.57100000E-006	1.10000000E+000	1.95500000E-011	3.74400000E-008	1.57050000E-006	-2.00000000E+000	1.00000000E+000	4.00000000E+000	-1.36000000E-011	-1.44700000E-010	-8.05000000E-012	*
2.06500000E-011	-3.72890000E-008	-1.66050000E-006	1.20000000E+000	1.49000000E-011	3.74350000E-008	1.66200000E-006	-2.00000000E+000	1.00000000E+000	4.00000000E+000	-8.74990000E-012	-1.29250000E-010	-1.62000000E-011	*
-1.11500000E-011	-3.72860000E-008	-1.74350000E-006	1.30000000E+000	1.40000000E-011	3.74600000E-008	1.74700000E-006	-2.00000000E+000	1.00000000E+000	4.00000000E+000	-2.84990000E-012	-1.05600000E-010	-3.28500000E-011	*
-2.95000000E-011	-3.72800000E-008	-1.81950000E-006	1.40000000E+000	3.99990000E-012	3.74150000E-008	1.82150000E-006	-2.00000000E+000	1.00000000E+000	4.00000000E+000	8.49980000E-013	-8.22490000E-011	-4.72000000E-011	*
-3.10510000E-011	-3.73090000E-008	-1.89250000E-006	1.50000000E+000	-1.47000000E-011	3.73860000E-008	1.89000000E-006	-2.00000000E+000	1.00000000E+000	4.00000000E+000	9.99980000E-013	-5.94510000E-011	-4.31000000E-011	*
-6.55010000E-012	-3.72890000E-008	-1.95450000E-006	1.60000000E+000	-1.35000000E-012	3.73350000E-008	1.95600000E-006	-2.00000000E+000	1.00000000E+000	4.00000000E+000	-6.24990000E-012	-4.92990000E-011	-2.42000000E-011	*
2.48000000E-011	-3.73000000E-008	-2.00900000E-006	1.70000000E+000	-9.99980000E-013	3.72550000E-008	2.00900000E-006	-2.00000000E+000	1.00000000E+000	4.00000000E+000	-1.51500000E-011	-4.42510000E-011	-1.70500000E-011	*
3.22000000E-011	-3.71890000E-008	-2.06150000E-006	1.80000000E+000	7.95010000E-012	3.72350000E-008	2.05850000E-006	-2.00000000E+000	1.00000000E+000	4.00000000E+000	-1.34000000E-011	-4.63010000E-011	-1.21000000E-011	*
2.05500000E-011	-3.71750000E-008	-2.10600000E-006	1.90000000E+000	2.00500000E-011	3.72260000E-008	2.10550000E-006	-2.00000000E+000	1.00000000E+000	4.00000000E+000	-1.63000000E-011	-5.48010000E-011	-1.60000000E-011	*
-3.80010000E-012	-3.71200000E-008	-2.14600000E-006	2.00000000E+000	2.27500000E-011	3.72400000E-008	2.14340000E-006	-2.00000000E+000	1.00000000E+000	4.00000000E+000	-8.49980000E-013	-5.68010000E-011	-3.90000000E-011	*
-2.62500000E-011	-3.71000000E-008	-2.17800000E-006	2.10000000E+000	9.50020000E-013	3.72060000E-008	2.17740000E-006	-2.00000000E+000	1.00000000E+000	4.00000000E+000	2.30000000E-012	-4.64500000E-011	-7.96480000E-011	*
-2.69500000E-011	-3.71290000E-008	-2.21100000E-006	2.20000000E+000	-5.60000000E-012	3.71800000E-008	2.20900000E-006	-2.00000000E+000	1.00000000E+000	4.00000000E+000	-7.99970000E-013	-2.87000000E-011	-7.26490000E-011	*
-1.02500000E-011	-3.71490000E-008	-2.23490000E-006	2.30000000E+000	-4.35010000E-012	3.71400000E-008	2.23490000E-006	-2.00000000E+000	1.00000000E+000	4.00000000E+000	-4.84990000E-012	-1.88500000E-011	-7.30010000E-011	*
1.18500000E-011	-3.71000000E-008	-2.25950000E-006	2.40000000E+000	-7.45000000E-012	3.70550000E-008	2.25650000E-006	-2.00000000E+000	1.00000000E+000	4.00000000E+000	-1.23500000E-011	-1.56500000E-011	-9.07010000E-011	*
3.35500000E-011	-3.70750000E-008	-2.27740000E-006	2.50000000E+000	1.34500000E-011	3.70650000E-008	2.27650000E-006	-2.00000000E+000	1.00000000E+000	4.00000000E+000	-1.11000000E-011	-2.89500000E-011	-1.11100000E-010	*
3.23000000E-011	-3.70090000E-008	-2.29700000E-006	2.60000000E+000	1.83000000E-011	3.70250000E-008	2.29590000E-006	-2.00000000E+000	1.00000000E+000	4.00000000E+000	-1.29000000E-011	-3.80000000E-011	-1.36850000E-010	*
-2.00000000E-012	-3.69690000E-008	-2.30790000E-006	2.70000000E+000	2.16000000E-011	3.70000000E-008	2.30940000E-006	-2.00000000E+000	1.00000000E+000	4.00000000E+000	-1.02500000E-011	-3.32500000E-011	-1.90250000E-010	*
-2.32500000E-011	-3.69660000E-008	-2.32490000E-006	2.80000000E+000	6.90000000E-012	3.70090000E-008	2.32550000E-006	-2.00000000E+000	1.00000000E+000	4.00000000E+000	9.00000000E-013	-3.15000000E-011	-2.07000000E-010	*
-3.21500000E-011	-3.69800000E-008	-2.33450000E-006	2.90000000E+000	-1.40000000E-012	3.69750000E-008	2.33650000E-006	-2.00000000E+000	1.00000000E+000	4.00000000E+000	-7.35010000E-012	-1.90000000E-011	-2.21150000E-010	*
-1.60500000E-011	-3.69350000E-008	-2.35100000E-006	3.00000000E+000	-3.65000000E-012	3.69490000E-008	2.34800000E-006	-2.00000000E+000	1.00000000E+000	4.00000000E+000	7.20000000E-012	-8.65000000E-012	-2.19950000E-010	*
1.55000000E-011	-3.69250000E-008	-2.35600000E-006	3.10000000E+000	0.00000000E+000	3.69090000E-008	2.35850000E-006	-2.00000000E+000	1.00000000E+000	4.00000000E+000	-1.16500000E-011	-6.49990000E-012	-2.16500000E-010	*
3.25000000E-011	-3.68510000E-008	-2.36950000E-006	3.20000000E+000	1.31000000E-011	3.68450000E-008	2.36740000E-006	-2.00000000E+000	1.00000000E+000	4.00000000E+000	-1.86000000E-011	-1.75500000E-011	-2.18200000E-010	*
2.58490000E-011	-3.68200000E-008	-2.37550000E-006	3.30000000E+000	2.46490000E-011	3.68450000E-008	2.37350000E-006	-2.00000000E+000	1.00000000E+000	4.00000000E+000	-7.64990000E-012	-3.10510000E-011	-2.25400000E-010	*
-4.84990000E-012	-3.67910000E-008	-2.38090000E-006	3.40000000E+000	1.66000000E-011	3.68340000E-008	2.38240000E-006	-2.00000000E+000	1.00000000E+000	4.00000000E+000	4.90010000E-012	-2.22000000E-011	-2.37450000E-010	*
-2.51500000E-011	-3.67600000E-008	-2.38700000E-006	3.50000000E+000	7.54990000E-012	3.68340000E-008	2.38850000E-006	-2.00000000E+000	1.00000000E+000	4.00000000E+000	9.50020000E-013	-2.39500000E-011	-2.44650000E-010	*
-3.36000000E-011	-3.67910000E-008	-2.39500000E-006	3.60000000E+000	1.15000000E-012	3.68250000E-008	2.39350000E-006	-2.00000000E+000	1.00000000E+000	4.00000000E+000	5.15010000E-012	-1.26500000E-011	-2.39790000E-010	*
-1.06500000E-011	-3.67540000E-008	-2.39790000E-006	3.70000000E+000	-2.14990000E-012	3.67940000E-008	2.40000000E-006	-2.00000000E+000	1.00000000E+000	4.00000000E+000	-1.08000000E-011	-1.35000000E-012	-2.11650000E-010	*
1.27500000E-011	-3.67710000E-008	-2.40440000E-006	3.80000000E+000	3.35000000E-012	3.67050000E-008	2.40440000E-006	-2.00000000E+000	1.00000000E+000	4.00000000E+000	-7.39980000E-012	2.30000000E-012	-1.69500000E-010	*
2.93510000E-011	-3.66910000E-008	-2.40600000E-006	3.90000000E+000	1.70500000E-011	3.66600000E-008	2.40850000E-006	-2.00000000E+000	1.00000000E+000	4.00000000E+000	-1.90000000E-011	3.50000000E-013	-1.57300000E-010	*
2.46490000E-011	-3.66650000E-008	-2.41100000E-006	4.00000000E+000	2.51500000E-011	3.66200000E-008	2.41350000E-006	-2.00000000E+000	1.00000000E+000	4.00000000E+000	-1.19500000E-011	-2.67500000E-011	-1.38100000E-010	*
-2.65000000E-012	-3.66000000E-008	-2.41450000E-006	4.10000000E+000	1.83500000E-011	3.66540000E-008	2.41600000E-006	-2.00000000E+000	1.00000000E+000	4.00000000E+000	-6.60010000E-012	-2.41490000E-011	-1.24600000E-010	*
-2.74500000E-011	-3.66140000E-008	-2.42100000E-006	4.20000000E+000	1.60500000E-011	3.66650000E-008	2.41950000E-006	-2.00000000E+000	1.00000000E+000	4.00000000E+000	-9.44970000E-012	-1.29500000E-011	-1.20900000E-010	*
-2.91000000E-011	-3.65940000E-008	-2.42140000E-006	4.30000000E+000	6.70000000E-012	3.66510000E-008	2.42200000E-006	-2.00000000E+000	1.00000000E+000	4.00000000E+000	-2.35000000E-012	-2.80000000E-012	-1.01150000E-010	*
-1.70000000E-011	-3.66200000E-008	-2.42450000E-006	4.40000000E+000	9.34980000E-012	3.66000000E-008	2.42450000E-006	-2.00000000E+000	1.00000000E+000	4.00000000E+000	-1.15500000E-011	3.00010000E-012	-8.80510000E-011	*
1.24500000E-011	-3.65940000E-008	-2.42640000E-006	4.50000000E+000	1.66500000E-011	3.65200000E-008	2.42750000E-006	-2.00000000E+000	1.00000000E+000	4.00000000E+000	-2.72500000E-011	0.00000000E+000	-7.79000000E-011	*
3.40000000E-011	-3.64940000E-008	-2.42840000E-006	4.60000000E+000	3.16990000E-011	3.65110000E-008	2.42800000E-006	-2.00000000E+000	1.00000000E+000	4.00000000E+000	-2.99990000E-011	-1.69500000E-011	-7.12500000E-011	*
2.37000000E-011	-3.64600000E-008	-2.42840000E-006	4.70000000E+000	4.53500000E-011	3.64910000E-008	2.42700000E-006	-2.00000000E+000	1.00000000E+000	4.00000000E+000	-4.33500000E-011	-2.02000000E-011	-7.24510000E-011	*
2.49990000E-013	-3.64310000E-008	-2.43100000E-006	4.80000000E+000	5.28010000E-011	3.64740000E-008	2.43140000E-006	-2.00000000E+000	1.00000000E+000	4.00000000E+000	-3.80990000E-011	-2.06500000E-011	-7.66500000E-011	*
-2.91000000E-011	-3.64650000E-008	-2.43250000E-006	4.90000000E+000	6.31500000E-011	3.65000000E-008	2.43140000E-006	-2.00000000E+000	1.00000000E+000	4.00000000E+000	-4.53500000E-011	-1.50000000E-011	-8.13500000E-011	*
-2.43000000E-011	-3.64540000E-008	-2.43340000E-006	5.00000000E+000	6.36510000E-011	3.64510000E-008	2.43200000E-006	-2.00000000E+000	1.00000000E+000	4.00000000E+000	-6.80490000E-011	8.00000000E-013	-6.74480000E-011	*

TEST RESULTS:  OUTPUT  04/28/2025  15:51:22


