ATTRIBUTES:

Attribute #1:C:\Metrics\ics\projects\6.2600J_S25\transistor_measurement.ics
Attribute #2:Test
Attribute #3:dev1
Attribute #4:PASSED
SETUP:TRANSFER  04/28/2025  16:20:02
DATE:04/28/2025
TIME:16:20:02

CONDITIONS:

ID:	D	
UNIT:	SMU2	
MODE: STEP	
START:	0.5	
STOP:	5	
PNTS:	2	
STEP:	4.5

ID:	G	
UNIT:	SMU4	
MODE: SWEEP	
START:	-2	
STOP:	4	
PNTS:	61	
STEP:	0.1

ID:	S	
UNIT:	SMU1	
MODE: CONST	
VALUE:	0

DATA:  TRANSFER  04/28/2025  16:20:02

IS	IS2	VD	VD2	ID	ID2	VG	IG	IG2	ACCSTRESS
-1.32500000E-011	2.44000000E-011	5.00000000E-001	5.00000000E+000	-3.25000000E-012	2.88000000E-011	-2.00000000E+000	-4.60010000E-012	-9.20020000E-012	0.00000000E+000
2.65000000E-012	-2.95000000E-011	5.00000000E-001	5.00000000E+000	1.46500000E-011	6.40000000E-012	-1.90000000E+000	-1.75000000E-012	5.25000000E-012	*
-2.61000000E-011	-2.95500000E-011	5.00000000E-001	5.00000000E+000	-1.99990000E-013	2.00000000E-013	-1.80000000E+000	7.79990000E-012	1.60000000E-012	*
-2.46000000E-011	-1.30500000E-011	5.00000000E-001	5.00000000E+000	-6.05010000E-012	-3.00010000E-012	-1.70000000E+000	6.49990000E-012	5.34990000E-012	*
-1.74500000E-011	1.69000000E-011	5.00000000E-001	5.00000000E+000	-7.25000000E-012	-1.00000000E-013	-1.60000000E+000	8.70010000E-012	-9.50020000E-013	*
7.45000000E-012	2.96000000E-011	5.00000000E-001	5.00000000E+000	-8.80000000E-012	7.15000000E-012	-1.50000000E+000	6.90000000E-012	-6.24990000E-012	*
3.28500000E-011	2.62500000E-011	5.00000000E-001	5.00000000E+000	-1.85000000E-012	2.04500000E-011	-1.40000000E+000	-1.09000000E-011	-1.45000000E-012	*
2.71500000E-011	2.00000000E-013	5.00000000E-001	5.00000000E+000	1.68500000E-011	1.57500000E-011	-1.30000000E+000	-4.70000000E-012	1.40000000E-012	*
6.44990000E-012	-2.81500000E-011	5.00000000E-001	5.00000000E+000	5.85000000E-012	8.80000000E-012	-1.20000000E+000	3.90000000E-012	9.40000000E-012	*
-2.24500000E-011	-3.36500000E-011	5.00000000E-001	5.00000000E+000	3.74990000E-012	-7.95010000E-012	-1.10000000E+000	7.85010000E-012	8.10020000E-012	*
-3.45500000E-011	-1.63500000E-011	5.00000000E-001	5.00000000E+000	-6.19990000E-012	-7.64990000E-012	-1.00000000E+000	9.84990000E-012	5.45010000E-012	*
-2.06000000E-011	1.35000000E-011	5.00000000E-001	5.00000000E+000	-1.89000000E-011	-4.15000000E-012	-9.00000000E-001	4.35010000E-012	7.74980000E-012	*
4.50000000E-012	3.08500000E-011	5.00000000E-001	5.00000000E+000	-3.19990000E-012	9.30010000E-012	-8.00000000E-001	1.15000000E-012	-7.60010000E-012	*
2.82500000E-011	2.56000000E-011	5.00000000E-001	5.00000000E+000	-1.40000000E-012	1.57000000E-011	-7.00000000E-001	-7.50010000E-013	-1.50000000E-012	*
2.93510000E-011	-7.99980000E-012	5.00000000E-001	5.00000000E+000	1.06500000E-011	1.66000000E-011	-6.00000000E-001	-3.25000000E-012	3.50000000E-012	*
1.34000000E-011	-3.17510000E-011	5.00000000E-001	5.00000000E+000	1.73000000E-011	-8.49980000E-013	-5.00000000E-001	7.39980000E-012	1.01000000E-011	*
-2.45500000E-011	-2.95500000E-011	5.00000000E-001	5.00000000E+000	-5.50000000E-012	-4.05010000E-012	-4.00000000E-001	1.32000000E-011	1.09000000E-011	*
-9.91490000E-011	-1.54500000E-011	5.00000000E-001	5.00000000E+000	5.88510000E-011	-1.11500000E-011	-3.00000000E-001	1.06500000E-011	8.14990000E-012	*
-8.27840000E-010	1.01000000E-011	5.00000000E-001	5.00000000E+000	8.63450000E-010	5.99990000E-013	-2.00000000E-001	1.28500000E-011	2.65000000E-012	*
-7.76160000E-009	-4.09500000E-011	5.00000000E-001	5.00000000E+000	7.76160000E-009	7.59000000E-011	-1.00000000E-001	4.79990000E-012	1.85000000E-012	*
-3.41040000E-008	-8.11640000E-010	5.00000000E-001	5.00000000E+000	3.37460000E-008	7.83500000E-010	0.00000000E+000	-7.10010000E-012	-1.27500000E-011	*
-9.55950000E-008	-7.31570000E-009	5.00000000E-001	5.00000000E+000	9.54750000E-008	7.29940000E-009	1.00000000E-001	-2.20000000E-012	4.24990000E-012	*
-1.97800000E-007	-3.04300000E-008	5.00000000E-001	5.00000000E+000	1.95750000E-007	3.03350000E-008	2.00000000E-001	8.24980000E-012	8.74990000E-012	*
-3.56640000E-007	-8.41390000E-008	5.00000000E-001	5.00000000E+000	3.56190000E-007	8.46040000E-008	3.00000000E-001	3.20000000E-012	1.17500000E-011	*
-5.77450000E-007	-1.72200000E-007	5.00000000E-001	5.00000000E+000	5.77390000E-007	1.67650000E-007	4.00000000E-001	1.24000000E-011	2.49990000E-013	*
-8.47530000E-007	-3.05300000E-007	5.00000000E-001	5.00000000E+000	8.49830000E-007	3.04190000E-007	5.00000000E-001	4.15000000E-012	1.15500000E-011	*
-1.13200000E-006	-4.94790000E-007	5.00000000E-001	5.00000000E+000	1.12100000E-006	5.00180000E-007	6.00000000E-001	1.29500000E-011	1.42000000E-011	*
-1.44950000E-006	-7.54340000E-007	5.00000000E-001	5.00000000E+000	1.44350000E-006	7.55240000E-007	7.00000000E-001	9.84990000E-012	1.61500000E-011	*
-1.84350000E-006	-1.05500000E-006	5.00000000E-001	5.00000000E+000	1.84150000E-006	1.03600000E-006	8.00000000E-001	9.65010000E-012	3.00000000E-013	*
-2.26000000E-006	-1.39700000E-006	5.00000000E-001	5.00000000E+000	2.26800000E-006	1.39250000E-006	9.00000000E-001	4.40000000E-012	7.04990000E-012	*
-2.70140000E-006	-1.84750000E-006	5.00000000E-001	5.00000000E+000	2.69900000E-006	1.84000000E-006	1.00000000E+000	-1.90000000E-012	1.03500000E-011	*
-3.18090000E-006	-2.36650000E-006	5.00000000E-001	5.00000000E+000	3.16700000E-006	2.36800000E-006	1.10000000E+000	1.03000000E-011	-3.30000000E-012	*
-3.68550000E-006	-2.98090000E-006	5.00000000E-001	5.00000000E+000	3.67740000E-006	2.96200000E-006	1.20000000E+000	2.53000000E-011	-8.59980000E-012	*
-4.22290000E-006	-3.73890000E-006	5.00000000E-001	5.00000000E+000	4.22590000E-006	3.73100000E-006	1.30000000E+000	1.57000000E-011	2.70000000E-012	*
-4.74650000E-006	-4.53480000E-006	5.00000000E-001	5.00000000E+000	4.73340000E-006	4.53950000E-006	1.40000000E+000	1.84500000E-011	2.25000000E-012	*
-5.28550000E-006	-5.44680000E-006	5.00000000E-001	5.00000000E+000	5.29150000E-006	5.43640000E-006	1.50000000E+000	1.15000000E-011	2.26500000E-011	*
-5.83750000E-006	-6.48340000E-006	5.00000000E-001	5.00000000E+000	5.83750000E-006	6.45690000E-006	1.60000000E+000	3.10000000E-012	2.01500000E-011	*
-6.45940000E-006	-7.58930000E-006	5.00000000E-001	5.00000000E+000	6.45450000E-006	7.56750000E-006	1.70000000E+000	1.22500000E-011	1.92500000E-011	*
-7.04990000E-006	-8.79170000E-006	5.00000000E-001	5.00000000E+000	7.04380000E-006	8.74650000E-006	1.80000000E+000	1.01000000E-011	6.60010000E-012	*
-7.72210000E-006	-1.01870000E-005	5.00000000E-001	5.00000000E+000	7.70900000E-006	1.01570000E-005	1.90000000E+000	1.64500000E-011	6.10000000E-012	*
-8.36190000E-006	-1.12850000E-005	5.00000000E-001	5.00000000E+000	8.34750000E-006	1.12750000E-005	2.00000000E+000	2.52000000E-011	1.45500000E-011	*
-9.02030000E-006	-1.26000000E-005	5.00000000E-001	5.00000000E+000	9.01010000E-006	1.25350000E-005	2.10000000E+000	1.99500000E-011	8.59980000E-012	*
-9.71180000E-006	-1.43000000E-005	5.00000000E-001	5.00000000E+000	9.72490000E-006	1.44250000E-005	2.20000000E+000	5.09990000E-012	8.24980000E-012	*
-1.03890000E-005	-1.62150000E-005	5.00000000E-001	5.00000000E+000	1.03690000E-005	1.62350000E-005	2.30000000E+000	5.20000000E-012	1.30000000E-012	*
-1.07550000E-005	-1.83650000E-005	5.00000000E-001	5.00000000E+000	1.07750000E-005	1.82650000E-005	2.40000000E+000	8.20010000E-012	-5.00000000E-012	*
-1.14950000E-005	-2.05200000E-005	5.00000000E-001	5.00000000E+000	1.14950000E-005	2.05200000E-005	2.50000000E+000	2.47500000E-011	5.05000000E-012	*
-1.22850000E-005	-2.29390000E-005	5.00000000E-001	5.00000000E+000	1.22650000E-005	2.29500000E-005	2.60000000E+000	1.32500000E-011	2.67500000E-011	*
-1.29450000E-005	-2.54450000E-005	5.00000000E-001	5.00000000E+000	1.29200000E-005	2.53900000E-005	2.70000000E+000	8.65000000E-012	1.52000000E-011	*
-1.37850000E-005	-2.82690000E-005	5.00000000E-001	5.00000000E+000	1.37700000E-005	2.82500000E-005	2.80000000E+000	6.85010000E-012	1.90000000E-011	*
-1.44700000E-005	-3.13650000E-005	5.00000000E-001	5.00000000E+000	1.44550000E-005	3.13690000E-005	2.90000000E+000	9.00000000E-013	9.15000000E-012	*
-1.53440000E-005	-3.44850000E-005	5.00000000E-001	5.00000000E+000	1.53300000E-005	3.44740000E-005	3.00000000E+000	1.57500000E-011	-5.50000000E-013	*
-1.60490000E-005	-3.78250000E-005	5.00000000E-001	5.00000000E+000	1.60550000E-005	3.78960000E-005	3.10000000E+000	1.79000000E-011	4.95000000E-012	*
-1.68950000E-005	-4.14850000E-005	5.00000000E-001	5.00000000E+000	1.68400000E-005	4.14700000E-005	3.20000000E+000	1.79500000E-011	6.40000000E-012	*
-1.77700000E-005	-4.53700000E-005	5.00000000E-001	5.00000000E+000	1.77350000E-005	4.54450000E-005	3.30000000E+000	1.98500000E-011	1.44000000E-011	*
-1.86650000E-005	-5.00640000E-005	5.00000000E-001	5.00000000E+000	1.86250000E-005	4.99690000E-005	3.40000000E+000	1.16500000E-011	1.06000000E-011	*
-1.96100000E-005	-5.48790000E-005	5.00000000E-001	5.00000000E+000	1.96100000E-005	5.48190000E-005	3.50000000E+000	1.25000000E-012	2.07490000E-011	*
-2.06400000E-005	-6.03050000E-005	5.00000000E-001	5.00000000E+000	2.05650000E-005	6.02750000E-005	3.60000000E+000	1.14500000E-011	7.74980000E-012	*
-2.15950000E-005	-6.58560000E-005	5.00000000E-001	5.00000000E+000	2.15350000E-005	6.56840000E-005	3.70000000E+000	1.40500000E-011	-5.20000000E-012	*
-2.26650000E-005	-7.20550000E-005	5.00000000E-001	5.00000000E+000	2.26600000E-005	7.18790000E-005	3.80000000E+000	2.40500000E-011	8.24980000E-012	*
-2.37700000E-005	-7.88080000E-005	5.00000000E-001	5.00000000E+000	2.37450000E-005	7.85030000E-005	3.90000000E+000	2.01500000E-011	2.16000000E-011	*
-2.49590000E-005	-8.57490000E-005	5.00000000E-001	5.00000000E+000	2.49000000E-005	8.56930000E-005	4.00000000E+000	1.50000000E-011	7.74980000E-012	*

TEST RESULTS:  TRANSFER  04/28/2025  16:20:02


SETUP:OUTPUT  04/28/2025  16:20:41
DATE:04/28/2025
TIME:16:20:41

CONDITIONS:

ID:	D	
UNIT:	SMU2	
MODE: SWEEP	
START:	0	
STOP:	5	
PNTS:	51	
STEP:	0.1

ID:	G	
UNIT:	SMU4	
MODE: STEP	
START:	-2	
STOP:	4	
PNTS:	3	
STEP:	3

ID:	S	
UNIT:	SMU1	
MODE: CONST	
VALUE:	0

DATA:  OUTPUT  04/28/2025  16:20:41

IS	IS2	IS3	VD	ID	ID2	ID3	VG	VG2	VG3	IG	IG2	IG3	ACCSTRESS
-2.91500000E-011	4.84580000E-009	5.10840000E-008	0.00000000E+000	-1.15500000E-011	-4.42900000E-009	-4.38190000E-008	-2.00000000E+000	1.00000000E+000	4.00000000E+000	-1.32500000E-011	4.60010000E-012	1.03000000E-011	0.00000000E+000
2.98000000E-011	-4.85280000E-007	-4.38050000E-006	1.00000000E-001	1.75500000E-011	4.69900000E-007	4.29810000E-006	-2.00000000E+000	1.00000000E+000	4.00000000E+000	-5.50000000E-012	5.75010000E-012	7.25000000E-012	*
1.92500000E-011	-8.61300000E-007	-7.67780000E-006	2.00000000E-001	1.35000000E-011	8.52070000E-007	7.67230000E-006	-2.00000000E+000	1.00000000E+000	4.00000000E+000	-6.95000000E-012	6.30010000E-012	1.36000000E-011	*
-1.20500000E-011	-1.15300000E-006	-1.08450000E-005	3.00000000E-001	7.35010000E-012	1.15800000E-006	1.08550000E-005	-2.00000000E+000	1.00000000E+000	4.00000000E+000	-1.59990000E-012	6.19990000E-012	-5.30000000E-012	*
-2.87500000E-011	-1.36200000E-006	-1.39900000E-005	4.00000000E-001	-9.50020000E-013	1.35700000E-006	1.39950000E-005	-2.00000000E+000	1.00000000E+000	4.00000000E+000	-2.40000000E-012	1.07000000E-011	-1.00000000E-013	*
-2.74500000E-011	-1.56350000E-006	-1.67800000E-005	5.00000000E-001	-6.00010000E-012	1.56400000E-006	1.68000000E-005	-2.00000000E+000	1.00000000E+000	4.00000000E+000	1.05000000E-012	1.07500000E-011	-8.74990000E-012	*
-4.45000000E-012	-1.71100000E-006	-1.95850000E-005	6.00000000E-001	-1.31000000E-011	1.71350000E-006	1.95450000E-005	-2.00000000E+000	1.00000000E+000	4.00000000E+000	5.50000000E-013	2.75000000E-012	5.00000000E-012	*
2.00500000E-011	-1.84450000E-006	-2.20000000E-005	7.00000000E-001	1.20000000E-012	1.83900000E-006	2.20150000E-005	-2.00000000E+000	1.00000000E+000	4.00000000E+000	-1.15000000E-011	-1.85490000E-011	9.90010000E-012	*
2.92990000E-011	-1.91950000E-006	-2.44350000E-005	8.00000000E-001	9.09980000E-012	1.90790000E-006	2.44250000E-005	-2.00000000E+000	1.00000000E+000	4.00000000E+000	-9.84990000E-012	-4.29990000E-012	5.34990000E-012	*
2.78000000E-011	-1.95340000E-006	-2.66100000E-005	9.00000000E-001	1.20500000E-011	1.93600000E-006	2.66350000E-005	-2.00000000E+000	1.00000000E+000	4.00000000E+000	-5.55000000E-012	-7.89990000E-012	6.19990000E-012	*
2.49990000E-013	-1.94490000E-006	-2.85900000E-005	1.00000000E+000	1.44000000E-011	1.94900000E-006	2.86000000E-005	-2.00000000E+000	1.00000000E+000	4.00000000E+000	-4.05010000E-012	1.12500000E-011	-3.95000000E-012	*
-2.28500000E-011	-1.95250000E-006	-3.02300000E-005	1.10000000E+000	6.15000000E-012	1.96000000E-006	3.02800000E-005	-2.00000000E+000	1.00000000E+000	4.00000000E+000	1.10000000E-011	1.03500000E-011	-7.79990000E-012	*
-2.88500000E-011	-1.98650000E-006	-3.19550000E-005	1.20000000E+000	-5.15010000E-012	1.96040000E-006	3.20340000E-005	-2.00000000E+000	1.00000000E+000	4.00000000E+000	-2.20000000E-012	8.65000000E-012	-2.10000000E-012	*
-1.42500000E-011	-1.96350000E-006	-3.33100000E-005	1.30000000E+000	-9.34980000E-012	1.97800000E-006	3.34050000E-005	-2.00000000E+000	1.00000000E+000	4.00000000E+000	1.30000000E-012	2.65000000E-012	6.30010000E-012	*
8.70010000E-012	-1.98300000E-006	-3.47490000E-005	1.40000000E+000	-2.25000000E-012	1.98940000E-006	3.47740000E-005	-2.00000000E+000	1.00000000E+000	4.00000000E+000	-3.00010000E-012	-1.31500000E-011	4.50000000E-012	*
2.90000000E-011	-2.01950000E-006	-3.61450000E-005	1.50000000E+000	-3.05000000E-012	2.03800000E-006	3.59790000E-005	-2.00000000E+000	1.00000000E+000	4.00000000E+000	-1.71000000E-011	-3.00010000E-012	1.50000000E-013	*
2.86500000E-011	-2.03140000E-006	-3.71650000E-005	1.60000000E+000	6.40000000E-012	2.01640000E-006	3.71190000E-005	-2.00000000E+000	1.00000000E+000	4.00000000E+000	-9.34980000E-012	-1.25500000E-011	-6.65000000E-012	*
8.24980000E-012	-1.96700000E-006	-3.80800000E-005	1.70000000E+000	2.26000000E-011	1.98000000E-006	3.81990000E-005	-2.00000000E+000	1.00000000E+000	4.00000000E+000	-8.30000000E-012	5.39990000E-012	-1.36000000E-011	*
-2.18500000E-011	-1.97150000E-006	-3.90800000E-005	1.80000000E+000	8.10020000E-012	1.96540000E-006	3.89850000E-005	-2.00000000E+000	1.00000000E+000	4.00000000E+000	9.00000000E-013	3.40000000E-012	-8.49980000E-013	*
-3.04010000E-011	-1.96250000E-006	-3.97990000E-005	1.90000000E+000	-5.34990000E-012	1.96750000E-006	3.97390000E-005	-2.00000000E+000	1.00000000E+000	4.00000000E+000	5.00000000E-014	9.00000000E-013	-1.80000000E-012	*
-2.23000000E-011	-1.98550000E-006	-4.04040000E-005	2.00000000E+000	-2.35000000E-012	1.99800000E-006	4.03040000E-005	-2.00000000E+000	1.00000000E+000	4.00000000E+000	-1.50000000E-012	5.60000000E-012	3.15000000E-012	*
4.65010000E-012	-1.98590000E-006	-4.08650000E-005	2.10000000E+000	-4.60010000E-012	1.99500000E-006	4.08350000E-005	-2.00000000E+000	1.00000000E+000	4.00000000E+000	-6.00010000E-012	-1.08000000E-011	8.14990000E-012	*
2.83500000E-011	-2.01350000E-006	-4.12540000E-005	2.20000000E+000	9.24990000E-012	2.01250000E-006	4.12800000E-005	-2.00000000E+000	1.00000000E+000	4.00000000E+000	-1.09000000E-011	-7.45000000E-012	7.85010000E-012	*
3.36990000E-011	-1.94900000E-006	-4.17700000E-005	2.30000000E+000	1.21500000E-011	1.94100000E-006	4.17050000E-005	-2.00000000E+000	1.00000000E+000	4.00000000E+000	-8.30000000E-012	-1.24500000E-011	-5.09990000E-012	*
1.45000000E-011	-1.99590000E-006	-4.22150000E-005	2.40000000E+000	2.14000000E-011	1.98240000E-006	4.21290000E-005	-2.00000000E+000	1.00000000E+000	4.00000000E+000	-8.90000000E-012	-2.49990000E-013	-1.27000000E-011	*
-1.85490000E-011	-1.95540000E-006	-4.22800000E-005	2.50000000E+000	9.55010000E-012	1.95300000E-006	4.23100000E-005	-2.00000000E+000	1.00000000E+000	4.00000000E+000	-7.50010000E-013	1.93990000E-011	-1.65000000E-012	*
-2.99490000E-011	-1.91050000E-006	-4.25950000E-005	2.60000000E+000	2.10000000E-012	1.90750000E-006	4.25840000E-005	-2.00000000E+000	1.00000000E+000	4.00000000E+000	5.09990000E-012	-7.50010000E-013	2.60000000E-012	*
-2.15000000E-011	-1.94250000E-006	-4.25890000E-005	2.70000000E+000	-8.39990000E-012	1.95650000E-006	4.25650000E-005	-2.00000000E+000	1.00000000E+000	4.00000000E+000	-1.00000000E-013	-2.22500000E-011	-6.99990000E-013	*
-4.99980000E-014	-1.94450000E-006	-4.27200000E-005	2.80000000E+000	-7.15000000E-012	1.93050000E-006	4.27140000E-005	-2.00000000E+000	1.00000000E+000	4.00000000E+000	-2.80000000E-012	-5.25000000E-012	-1.34500000E-011	*
2.24500000E-011	-1.92550000E-006	-4.26690000E-005	2.90000000E+000	6.50000000E-013	1.94600000E-006	4.27200000E-005	-2.00000000E+000	1.00000000E+000	4.00000000E+000	-5.50000000E-012	-1.36000000E-011	-1.59990000E-012	*
3.29500000E-011	-1.96850000E-006	-4.25540000E-005	3.00000000E+000	1.07500000E-011	1.95750000E-006	4.23140000E-005	-2.00000000E+000	1.00000000E+000	4.00000000E+000	-8.24980000E-012	5.00000000E-014	-1.23500000E-011	*
2.26000000E-011	-1.93990000E-006	-4.24550000E-005	3.10000000E+000	1.62000000E-011	1.95100000E-006	4.23190000E-005	-2.00000000E+000	1.00000000E+000	4.00000000E+000	-1.39000000E-011	2.05500000E-011	-7.89990000E-012	*
-1.14000000E-011	-1.94490000E-006	-4.23600000E-005	3.20000000E+000	1.68000000E-011	1.96500000E-006	4.22950000E-005	-2.00000000E+000	1.00000000E+000	4.00000000E+000	-1.40000000E-012	1.23500000E-011	-4.99990000E-013	*
-2.68490000E-011	-1.95150000E-006	-4.20190000E-005	3.30000000E+000	3.69990000E-012	1.96150000E-006	4.20340000E-005	-2.00000000E+000	1.00000000E+000	4.00000000E+000	7.39980000E-012	-4.20000000E-012	1.40000000E-012	*
-2.94500000E-011	-1.99050000E-006	-4.19950000E-005	3.40000000E+000	-8.90000000E-012	1.99240000E-006	4.20490000E-005	-2.00000000E+000	1.00000000E+000	4.00000000E+000	2.10000000E-012	-4.45000000E-012	-4.90010000E-012	*
-9.90010000E-012	-1.99550000E-006	-4.16540000E-005	3.50000000E+000	-4.29990000E-012	1.98800000E-006	4.16390000E-005	-2.00000000E+000	1.00000000E+000	4.00000000E+000	5.50000000E-013	-1.19000000E-011	-3.95000000E-012	*
2.29000000E-011	-1.96190000E-006	-4.15150000E-005	3.60000000E+000	2.00000000E-013	1.96700000E-006	4.14740000E-005	-2.00000000E+000	1.00000000E+000	4.00000000E+000	-9.30010000E-012	4.79990000E-012	1.10000000E-012	*
3.21010000E-011	-1.95650000E-006	-4.12240000E-005	3.70000000E+000	1.21000000E-011	1.95650000E-006	4.12050000E-005	-2.00000000E+000	1.00000000E+000	4.00000000E+000	-1.06000000E-011	-6.15000000E-012	-9.80010000E-012	*
2.37500000E-011	-1.95500000E-006	-4.11700000E-005	3.80000000E+000	1.88000000E-011	1.95100000E-006	4.11740000E-005	-2.00000000E+000	1.00000000E+000	4.00000000E+000	-5.64990000E-012	1.50000000E-013	-6.15000000E-012	*
-3.10000000E-012	-1.88800000E-006	-4.12840000E-005	3.90000000E+000	2.12000000E-011	1.88400000E-006	4.12890000E-005	-2.00000000E+000	1.00000000E+000	4.00000000E+000	-3.05000000E-012	1.91500000E-011	-4.70000000E-012	*
-2.80490000E-011	-1.92640000E-006	-4.10340000E-005	4.00000000E+000	5.45010000E-012	1.89800000E-006	4.10640000E-005	-2.00000000E+000	1.00000000E+000	4.00000000E+000	3.95000000E-012	-5.39990000E-012	-1.75000000E-012	*
-2.88500000E-011	-1.90700000E-006	-4.11400000E-005	4.10000000E+000	-3.50000000E-013	1.89850000E-006	4.12840000E-005	-2.00000000E+000	1.00000000E+000	4.00000000E+000	1.00000000E-013	-4.40000000E-012	1.50000000E-013	*
-2.12500000E-011	-1.91050000E-006	-4.07550000E-005	4.20000000E+000	-5.45010000E-012	1.87600000E-006	4.07400000E-005	-2.00000000E+000	1.00000000E+000	4.00000000E+000	6.65000000E-012	6.65000000E-012	1.75000000E-012	*
1.24000000E-011	-1.91850000E-006	-4.04850000E-005	4.30000000E+000	-2.50000000E-012	1.91640000E-006	4.05850000E-005	-2.00000000E+000	1.00000000E+000	4.00000000E+000	-8.45010000E-012	-5.05000000E-012	-7.89990000E-012	*
2.75000000E-011	-1.89350000E-006	-4.07300000E-005	4.40000000E+000	1.07000000E-011	1.89400000E-006	4.07900000E-005	-2.00000000E+000	1.00000000E+000	4.00000000E+000	-1.22000000E-011	1.65000000E-011	-2.10000000E-012	*
2.63500000E-011	-1.87550000E-006	-4.07600000E-005	4.50000000E+000	1.32000000E-011	1.86600000E-006	4.08290000E-005	-2.00000000E+000	1.00000000E+000	4.00000000E+000	-7.20000000E-012	2.14990000E-012	1.15000000E-012	*
9.50020000E-013	-1.90500000E-006	-4.02290000E-005	4.60000000E+000	2.81500000E-011	1.89900000E-006	4.03040000E-005	-2.00000000E+000	1.00000000E+000	4.00000000E+000	-1.17000000E-011	7.54990000E-012	-9.24990000E-012	*
-2.29500000E-011	-1.91350000E-006	-4.04250000E-005	4.70000000E+000	8.84980000E-012	1.91400000E-006	4.03190000E-005	-2.00000000E+000	1.00000000E+000	4.00000000E+000	4.60010000E-012	-7.50010000E-013	9.90010000E-012	*
-2.91000000E-011	-1.87650000E-006	-4.01050000E-005	4.80000000E+000	-3.60000000E-012	1.88750000E-006	3.99850000E-005	-2.00000000E+000	1.00000000E+000	4.00000000E+000	7.20000000E-012	-8.84980000E-012	4.50000000E-013	*
-2.19000000E-011	-1.82500000E-006	-3.99350000E-005	4.90000000E+000	-1.90000000E-012	1.84250000E-006	4.00240000E-005	-2.00000000E+000	1.00000000E+000	4.00000000E+000	-2.60000000E-012	-2.03500000E-011	1.35000000E-011	*
7.15000000E-012	-1.85200000E-006	-3.95550000E-005	5.00000000E+000	1.02500000E-011	1.85450000E-006	3.96090000E-005	-2.00000000E+000	1.00000000E+000	4.00000000E+000	-7.45000000E-012	-6.55010000E-012	-3.10000000E-012	*

TEST RESULTS:  OUTPUT  04/28/2025  16:20:41


