ATTRIBUTES:

Attribute #1:C:\Metrics\ics\projects\6.2600J_S25\transistor_measurement.ics
Attribute #2:Test
Attribute #3:dev1
Attribute #4:PASSED
SETUP:TRANSFER  04/28/2025  16:48:07
DATE:04/28/2025
TIME:16:48:07

CONDITIONS:

ID:	D	
UNIT:	SMU2	
MODE: STEP	
START:	0.5	
STOP:	5	
PNTS:	2	
STEP:	4.5

ID:	G	
UNIT:	SMU4	
MODE: SWEEP	
START:	-2	
STOP:	4	
PNTS:	61	
STEP:	0.1

ID:	S	
UNIT:	SMU1	
MODE: CONST	
VALUE:	0

DATA:  TRANSFER  04/28/2025  16:48:07

IS	IS2	VD	VD2	ID	ID2	VG	IG	IG2	ACCSTRESS
4.50000000E-013	1.91000000E-011	5.00000000E-001	5.00000000E+000	-2.20000000E-012	1.07500000E-011	-2.00000000E+000	4.29990000E-012	-1.55000000E-012	0.00000000E+000
1.47500000E-011	-4.45000000E-012	5.00000000E-001	5.00000000E+000	-7.64990000E-012	-4.50000000E-013	-1.90000000E+000	-8.74990000E-012	-5.00000000E-012	*
2.97010000E-011	1.96000000E-011	5.00000000E-001	5.00000000E+000	7.54990000E-012	4.10010000E-012	-1.80000000E+000	-1.32000000E-011	-9.65010000E-012	*
2.84000000E-011	3.08000000E-011	5.00000000E-001	5.00000000E+000	1.19000000E-011	1.04000000E-011	-1.70000000E+000	-1.08500000E-011	-7.45000000E-012	*
-5.50000000E-013	2.01000000E-011	5.00000000E-001	5.00000000E+000	1.75000000E-011	2.80490000E-011	-1.60000000E+000	3.55010000E-012	-5.45010000E-012	*
-2.74000000E-011	-1.24500000E-011	5.00000000E-001	5.00000000E+000	6.50000000E-013	1.63500000E-011	-1.50000000E+000	1.44500000E-011	9.65010000E-012	*
-3.14500000E-011	-3.19500000E-011	5.00000000E-001	5.00000000E+000	-1.00500000E-011	1.35000000E-012	-1.40000000E+000	1.09500000E-011	1.28000000E-011	*
-1.08000000E-011	-2.23000000E-011	5.00000000E-001	5.00000000E+000	-7.85010000E-012	-7.29990000E-012	-1.30000000E+000	4.35010000E-012	1.12500000E-011	*
1.54000000E-011	-8.49980000E-013	5.00000000E-001	5.00000000E+000	-8.74990000E-012	-9.80010000E-012	-1.20000000E+000	-4.05010000E-012	2.50000000E-012	*
3.05000000E-011	2.57500000E-011	5.00000000E-001	5.00000000E+000	3.30000000E-012	2.75000000E-012	-1.10000000E+000	-9.69980000E-012	-4.35010000E-012	*
2.39000000E-011	3.37510000E-011	5.00000000E-001	5.00000000E+000	1.28000000E-011	1.11000000E-011	-1.00000000E+000	-4.24990000E-012	-1.15000000E-012	*
-5.50000000E-013	2.19500000E-011	5.00000000E-001	5.00000000E+000	1.14500000E-011	1.56500000E-011	-9.00000000E-001	1.45000000E-011	-6.95000000E-012	*
-2.97500000E-011	-6.10000000E-012	5.00000000E-001	5.00000000E+000	4.99990000E-013	1.52500000E-011	-8.00000000E-001	1.14000000E-011	8.80000000E-012	*
-2.98500000E-011	-2.91500000E-011	5.00000000E-001	5.00000000E+000	-5.34990000E-012	4.95000000E-012	-7.00000000E-001	1.98000000E-011	1.46000000E-011	*
-3.09000000E-011	-2.57500000E-011	5.00000000E-001	5.00000000E+000	-1.70000000E-012	-5.05000000E-012	-6.00000000E-001	6.60010000E-012	8.35020000E-012	*
-3.29500000E-011	-6.79990000E-012	5.00000000E-001	5.00000000E+000	3.32000000E-011	-8.55000000E-012	-5.00000000E-001	1.55000000E-012	1.10500000E-011	*
-6.93990000E-011	1.36500000E-011	5.00000000E-001	5.00000000E+000	1.01250000E-010	1.07000000E-011	-4.00000000E-001	-9.20020000E-012	1.15000000E-012	*
-1.80350000E-010	7.15000000E-012	5.00000000E-001	5.00000000E+000	2.17700000E-010	3.26500000E-011	-3.00000000E-001	-5.80000000E-012	-9.44970000E-012	*
-4.06400000E-010	-3.67000000E-011	5.00000000E-001	5.00000000E+000	4.12900000E-010	6.62510000E-011	-2.00000000E-001	1.06500000E-011	-1.95000000E-012	*
-7.73890000E-010	-1.12600000E-010	5.00000000E-001	5.00000000E+000	7.41010000E-010	1.31000000E-010	-1.00000000E-001	2.25000000E-011	2.70000000E-012	*
-9.65650000E-010	-2.38340000E-010	5.00000000E-001	5.00000000E+000	8.78910000E-010	2.08100000E-010	0.00000000E+000	-8.70010000E-012	2.49500000E-011	*
-1.26850000E-009	-4.06800000E-010	5.00000000E-001	5.00000000E+000	1.27000000E-009	3.70550000E-010	1.00000000E-001	4.40000000E-012	1.63000000E-011	*
-2.10300000E-009	-6.72740000E-010	5.00000000E-001	5.00000000E+000	2.06250000E-009	6.65100000E-010	2.00000000E-001	1.47000000E-011	5.34990000E-012	*
-3.39700000E-009	-8.04900000E-010	5.00000000E-001	5.00000000E+000	3.40590000E-009	8.10100000E-010	3.00000000E-001	7.64990000E-012	1.29500000E-011	*
-5.50450000E-009	-1.26150000E-009	5.00000000E-001	5.00000000E+000	5.53040000E-009	1.21050000E-009	4.00000000E-001	-4.99980000E-014	-7.95010000E-012	*
-8.98490000E-009	-2.09740000E-009	5.00000000E-001	5.00000000E+000	9.04760000E-009	2.11950000E-009	5.00000000E-001	-6.30010000E-012	9.30010000E-012	*
-1.14450000E-008	-3.62240000E-009	5.00000000E-001	5.00000000E+000	1.10450000E-008	3.61050000E-009	6.00000000E-001	4.29990000E-012	1.50000000E-011	*
-1.68100000E-008	-6.15730000E-009	5.00000000E-001	5.00000000E+000	1.67100000E-008	6.10980000E-009	7.00000000E-001	5.50000000E-013	1.71500000E-011	*
-2.70000000E-008	-1.03420000E-008	5.00000000E-001	5.00000000E+000	2.68250000E-008	1.03730000E-008	8.00000000E-001	-8.80000000E-012	8.84980000E-012	*
-4.28900000E-008	-1.42900000E-008	5.00000000E-001	5.00000000E+000	4.28440000E-008	1.40100000E-008	9.00000000E-001	1.75000000E-012	-7.60010000E-012	*
-6.74590000E-008	-2.23650000E-008	5.00000000E-001	5.00000000E+000	6.78080000E-008	2.21400000E-008	1.00000000E+000	1.46000000E-011	-7.45000000E-012	*
-1.04810000E-007	-3.72860000E-008	5.00000000E-001	5.00000000E+000	1.04520000E-007	3.71600000E-008	1.10000000E+000	1.81500000E-011	-2.20000000E-012	*
-1.25250000E-007	-6.09830000E-008	5.00000000E-001	5.00000000E+000	1.17900000E-007	6.06850000E-008	1.20000000E+000	-3.69990000E-012	1.16000000E-011	*
-1.67850000E-007	-9.89170000E-008	5.00000000E-001	5.00000000E+000	1.67050000E-007	9.91600000E-008	1.30000000E+000	-3.80010000E-012	1.70500000E-011	*
-2.63450000E-007	-1.20700000E-007	5.00000000E-001	5.00000000E+000	2.63300000E-007	1.16900000E-007	1.40000000E+000	5.25000000E-012	2.14990000E-012	*
-4.06540000E-007	-1.77690000E-007	5.00000000E-001	5.00000000E+000	4.05390000E-007	1.77650000E-007	1.50000000E+000	3.35000000E-012	1.19000000E-011	*
-6.22650000E-007	-2.91200000E-007	5.00000000E-001	5.00000000E+000	6.15400000E-007	2.89500000E-007	1.60000000E+000	1.43000000E-011	1.99500000E-011	*
-9.36470000E-007	-4.68130000E-007	5.00000000E-001	5.00000000E+000	9.40140000E-007	4.65750000E-007	1.70000000E+000	1.59500000E-011	7.95010000E-012	*
-1.02900000E-006	-7.35050000E-007	5.00000000E-001	5.00000000E+000	9.79930000E-007	7.33300000E-007	1.80000000E+000	4.40000000E-012	2.30000000E-012	*
-1.22050000E-006	-8.67580000E-007	5.00000000E-001	5.00000000E+000	1.22250000E-006	8.39590000E-007	1.90000000E+000	-1.80000000E-012	-1.29500000E-011	*
-1.84600000E-006	-1.06500000E-006	5.00000000E-001	5.00000000E+000	1.85800000E-006	1.04450000E-006	2.00000000E+000	1.32000000E-011	6.95000000E-012	*
-2.74450000E-006	-1.55000000E-006	5.00000000E-001	5.00000000E+000	2.74750000E-006	1.54450000E-006	2.10000000E+000	1.72500000E-011	1.70000000E-011	*
-3.94950000E-006	-2.43750000E-006	5.00000000E-001	5.00000000E+000	3.93440000E-006	2.43900000E-006	2.20000000E+000	1.08000000E-011	1.83000000E-011	*
-5.61490000E-006	-3.74100000E-006	5.00000000E-001	5.00000000E+000	5.57140000E-006	3.75190000E-006	2.30000000E+000	4.50000000E-012	1.21000000E-011	*
-7.73740000E-006	-5.66450000E-006	5.00000000E-001	5.00000000E+000	7.68480000E-006	5.67460000E-006	2.40000000E+000	-5.30000000E-012	1.05000000E-012	*
-9.67460000E-006	-8.45460000E-006	5.00000000E-001	5.00000000E+000	9.54650000E-006	8.45360000E-006	2.50000000E+000	1.02000000E-011	-3.69990000E-012	*
-1.01250000E-005	-9.69140000E-006	5.00000000E-001	5.00000000E+000	9.63500000E-006	9.33650000E-006	2.60000000E+000	1.84000000E-011	7.89990000E-012	*
-9.69650000E-006	-1.05100000E-005	5.00000000E-001	5.00000000E+000	9.46740000E-006	1.02300000E-005	2.70000000E+000	-5.80000000E-012	6.99990000E-013	*
-1.05050000E-005	-1.39200000E-005	5.00000000E-001	5.00000000E+000	1.02200000E-005	1.38500000E-005	2.80000000E+000	-1.45000000E-012	-8.55000000E-012	*
-1.29350000E-005	-2.08550000E-005	5.00000000E-001	5.00000000E+000	1.29300000E-005	2.07290000E-005	2.90000000E+000	1.42500000E-011	-7.04990000E-012	*
-1.80840000E-005	-3.04200000E-005	5.00000000E-001	5.00000000E+000	1.79600000E-005	3.03500000E-005	3.00000000E+000	1.33500000E-011	5.50000000E-013	*
-2.43490000E-005	-4.32240000E-005	5.00000000E-001	5.00000000E+000	2.43300000E-005	4.31350000E-005	3.10000000E+000	9.15000000E-012	1.26000000E-011	*
-3.18400000E-005	-5.98340000E-005	5.00000000E-001	5.00000000E+000	3.18900000E-005	5.96590000E-005	3.20000000E+000	8.59980000E-012	1.76990000E-011	*
-4.06240000E-005	-8.08910000E-005	5.00000000E-001	5.00000000E+000	4.05200000E-005	8.06900000E-005	3.30000000E+000	6.35000000E-012	1.09000000E-011	*
-5.03290000E-005	-8.52830000E-005	5.00000000E-001	5.00000000E+000	5.02390000E-005	8.24180000E-005	3.40000000E+000	-4.84990000E-012	1.09500000E-011	*
-6.05400000E-005	-9.43430000E-005	5.00000000E-001	5.00000000E+000	6.04330000E-005	9.43360000E-005	3.50000000E+000	6.19990000E-012	1.28500000E-011	*
-7.11380000E-005	-1.06050000E-004	5.00000000E-001	5.00000000E+000	7.09480000E-005	1.04150000E-004	3.60000000E+000	1.57500000E-011	4.99990000E-013	*
-8.20750000E-005	-1.21400000E-004	5.00000000E-001	5.00000000E+000	8.19000000E-005	1.21150000E-004	3.70000000E+000	1.39500000E-011	1.36000000E-011	*
-9.31250000E-005	-1.65300000E-004	5.00000000E-001	5.00000000E+000	9.28040000E-005	1.65000000E-004	3.80000000E+000	7.70000000E-012	1.07500000E-011	*
-1.03700000E-004	-2.16450000E-004	5.00000000E-001	5.00000000E+000	1.03360000E-004	2.15900000E-004	3.90000000E+000	-4.35010000E-012	8.95020000E-012	*
-1.00010000E-004	-2.74350000E-004	5.00000000E-001	5.00000000E+000	9.84560000E-005	2.74260000E-004	4.00000000E+000	5.64990000E-012	-3.50000000E-012	*

TEST RESULTS:  TRANSFER  04/28/2025  16:48:07


SETUP:OUTPUT  04/28/2025  16:48:52
DATE:04/28/2025
TIME:16:48:52

CONDITIONS:

ID:	D	
UNIT:	SMU2	
MODE: SWEEP	
START:	0	
STOP:	5	
PNTS:	51	
STEP:	0.1

ID:	G	
UNIT:	SMU4	
MODE: STEP	
START:	-2	
STOP:	4	
PNTS:	3	
STEP:	3

ID:	S	
UNIT:	SMU1	
MODE: CONST	
VALUE:	0

DATA:  OUTPUT  04/28/2025  16:48:52

IS	IS2	IS3	VD	ID	ID2	ID3	VG	VG2	VG3	IG	IG2	IG3	ACCSTRESS
-2.15000000E-011	-1.44000000E-011	-1.03500000E-007	0.00000000E+000	-8.65000000E-012	2.36490000E-011	8.30910000E-008	-2.00000000E+000	1.00000000E+000	4.00000000E+000	-1.71990000E-011	6.15000000E-012	-8.80000000E-012	0.00000000E+000
2.10000000E-012	-4.43080000E-009	-2.10100000E-005	1.00000000E-001	1.25500000E-011	4.48090000E-009	2.05050000E-005	-2.00000000E+000	1.00000000E+000	4.00000000E+000	1.15000000E-012	-7.10010000E-012	-1.70000000E-012	*
-1.97000000E-011	-7.73750000E-009	-3.24450000E-005	2.00000000E-001	5.69990000E-012	7.78980000E-009	3.23950000E-005	-2.00000000E+000	1.00000000E+000	4.00000000E+000	7.39980000E-012	-5.64990000E-012	-5.94990000E-012	*
-3.69000000E-011	-1.03560000E-008	-4.50950000E-005	3.00000000E-001	-6.24990000E-012	1.02500000E-008	4.51100000E-005	-2.00000000E+000	1.00000000E+000	4.00000000E+000	8.99990000E-012	1.42000000E-011	-2.95000000E-012	*
-1.85490000E-011	-1.24200000E-008	-5.61490000E-005	4.00000000E-001	-9.30010000E-012	1.24100000E-008	5.61400000E-005	-2.00000000E+000	1.00000000E+000	4.00000000E+000	3.10000000E-012	-1.20500000E-011	8.84980000E-012	*
1.10500000E-011	-1.43400000E-008	-6.58410000E-005	5.00000000E-001	-7.89990000E-012	1.43150000E-008	6.57140000E-005	-2.00000000E+000	1.00000000E+000	4.00000000E+000	-7.15000000E-012	-4.95000000E-012	1.25500000E-011	*
3.16490000E-011	-1.60100000E-008	-7.39690000E-005	6.00000000E-001	5.39990000E-012	1.59850000E-008	7.40330000E-005	-2.00000000E+000	1.00000000E+000	4.00000000E+000	-1.31500000E-011	8.49980000E-013	7.25000000E-012	*
2.97010000E-011	-1.73150000E-008	-8.13380000E-005	7.00000000E-001	8.74990000E-012	1.73950000E-008	8.11850000E-005	-2.00000000E+000	1.00000000E+000	4.00000000E+000	-1.37000000E-011	8.70010000E-012	-3.80010000E-012	*
9.15000000E-012	-1.88350000E-008	-8.71790000E-005	8.00000000E-001	1.88500000E-011	1.88200000E-008	8.71790000E-005	-2.00000000E+000	1.00000000E+000	4.00000000E+000	5.50000000E-013	9.74990000E-012	-3.19990000E-012	*
-1.35500000E-011	-1.95850000E-008	-9.20450000E-005	9.00000000E-001	9.20020000E-012	1.95550000E-008	9.21640000E-005	-2.00000000E+000	1.00000000E+000	4.00000000E+000	8.80000000E-012	4.70000000E-012	-1.27500000E-011	*
-3.53000000E-011	-2.04500000E-008	-9.65190000E-005	1.00000000E+000	9.99980000E-013	2.01400000E-008	9.64440000E-005	-2.00000000E+000	1.00000000E+000	4.00000000E+000	9.84990000E-012	-4.99980000E-014	4.50000000E-012	*
-2.80490000E-011	-2.07900000E-008	-1.00440000E-004	1.10000000E+000	-5.50000000E-012	2.07400000E-008	1.00300000E-004	-2.00000000E+000	1.00000000E+000	4.00000000E+000	8.30000000E-012	-9.15000000E-012	1.14500000E-011	*
5.34990000E-012	-2.12800000E-008	-1.03210000E-004	1.20000000E+000	-1.01000000E-011	2.13600000E-008	1.02970000E-004	-2.00000000E+000	1.00000000E+000	4.00000000E+000	-6.35000000E-012	-1.31000000E-011	1.55500000E-011	*
2.94010000E-011	-2.14550000E-008	-1.03360000E-004	1.30000000E+000	2.00000000E-013	2.14700000E-008	1.03300000E-004	-2.00000000E+000	1.00000000E+000	4.00000000E+000	-1.11500000E-011	-5.45010000E-012	1.16500000E-011	*
3.09000000E-011	-2.18000000E-008	-1.05020000E-004	1.40000000E+000	1.34000000E-011	2.19100000E-008	1.04950000E-004	-2.00000000E+000	1.00000000E+000	4.00000000E+000	-1.09500000E-011	5.55000000E-012	1.59000000E-011	*
8.24980000E-012	-2.18800000E-008	-1.04100000E-004	1.50000000E+000	2.19500000E-011	2.17900000E-008	1.04000000E-004	-2.00000000E+000	1.00000000E+000	4.00000000E+000	-1.40000000E-012	7.74980000E-012	-5.80000000E-012	*
-2.32000000E-011	-2.18050000E-008	-1.04750000E-004	1.60000000E+000	6.35000000E-012	2.17100000E-008	1.04550000E-004	-2.00000000E+000	1.00000000E+000	4.00000000E+000	-7.99970000E-013	9.59990000E-012	1.44500000E-011	*
-3.01500000E-011	-2.17400000E-008	-1.05700000E-004	1.70000000E+000	5.99990000E-013	2.16400000E-008	1.05750000E-004	-2.00000000E+000	1.00000000E+000	4.00000000E+000	4.10010000E-012	3.35000000E-012	2.00000000E-011	*
-2.42000000E-011	-2.15450000E-008	-1.06200000E-004	1.80000000E+000	-1.06000000E-011	2.15850000E-008	1.06100000E-004	-2.00000000E+000	1.00000000E+000	4.00000000E+000	5.15010000E-012	-3.25000000E-012	6.70000000E-012	*
-4.99980000E-014	-2.14450000E-008	-1.06300000E-004	1.90000000E+000	-6.79990000E-012	2.13650000E-008	1.06300000E-004	-2.00000000E+000	1.00000000E+000	4.00000000E+000	-8.05000000E-012	-1.32500000E-011	8.24980000E-012	*
2.15500000E-011	-2.15550000E-008	-1.06500000E-004	2.00000000E+000	-3.10000000E-012	2.16800000E-008	1.06450000E-004	-2.00000000E+000	1.00000000E+000	4.00000000E+000	-1.19000000E-011	-4.15000000E-012	-1.23000000E-011	*
3.29500000E-011	-2.14900000E-008	-1.06200000E-004	2.10000000E+000	1.64000000E-011	2.13150000E-008	1.06300000E-004	-2.00000000E+000	1.00000000E+000	4.00000000E+000	-1.46000000E-011	4.95000000E-012	-5.60000000E-012	*
2.12500000E-011	-2.13950000E-008	-1.05900000E-004	2.20000000E+000	1.59000000E-011	2.14450000E-008	1.05650000E-004	-2.00000000E+000	1.00000000E+000	4.00000000E+000	-1.85000000E-012	5.39990000E-012	-9.65010000E-012	*
-9.09980000E-012	-2.12650000E-008	-1.05500000E-004	2.30000000E+000	1.56000000E-011	2.14300000E-008	1.05350000E-004	-2.00000000E+000	1.00000000E+000	4.00000000E+000	2.90000000E-012	1.14500000E-011	6.70000000E-012	*
-2.94010000E-011	-2.11150000E-008	-1.05100000E-004	2.40000000E+000	6.95000000E-012	2.11550000E-008	1.05100000E-004	-2.00000000E+000	1.00000000E+000	4.00000000E+000	4.90010000E-012	3.05000000E-012	1.35000000E-011	*
-2.82500000E-011	-2.11450000E-008	-1.04650000E-004	2.50000000E+000	-6.35000000E-012	2.10250000E-008	1.04450000E-004	-2.00000000E+000	1.00000000E+000	4.00000000E+000	1.24500000E-011	-7.04990000E-012	5.34990000E-012	*
-7.89990000E-012	-2.08100000E-008	-1.03650000E-004	2.60000000E+000	-8.70010000E-012	2.08450000E-008	1.03600000E-004	-2.00000000E+000	1.00000000E+000	4.00000000E+000	-3.69990000E-012	-1.53000000E-011	1.70000000E-012	*
1.62000000E-011	-2.08050000E-008	-1.03000000E-004	2.70000000E+000	-4.50000000E-012	2.09350000E-008	1.03100000E-004	-2.00000000E+000	1.00000000E+000	4.00000000E+000	-7.89990000E-012	-7.79990000E-012	-7.49980000E-012	*
2.97500000E-011	-2.05800000E-008	-1.02000000E-004	2.80000000E+000	3.95000000E-012	2.06900000E-008	1.01340000E-004	-2.00000000E+000	1.00000000E+000	4.00000000E+000	-1.59500000E-011	2.65000000E-012	-5.80000000E-012	*
2.81000000E-011	-2.05700000E-008	-1.00130000E-004	2.90000000E+000	2.34000000E-011	2.06150000E-008	9.99120000E-005	-2.00000000E+000	1.00000000E+000	4.00000000E+000	-1.00000000E-011	6.60010000E-012	5.80000000E-012	*
-5.64990000E-012	-2.06500000E-008	-9.89580000E-005	3.00000000E+000	2.31000000E-011	2.06550000E-008	9.87390000E-005	-2.00000000E+000	1.00000000E+000	4.00000000E+000	3.45000000E-012	1.15000000E-011	-2.70000000E-012	*
-2.38500000E-011	-2.07500000E-008	-9.78000000E-005	3.10000000E+000	8.39990000E-012	2.05200000E-008	9.76170000E-005	-2.00000000E+000	1.00000000E+000	4.00000000E+000	6.49990000E-012	4.75000000E-012	-8.59980000E-012	*
-2.99000000E-011	-2.05150000E-008	-9.64480000E-005	3.20000000E+000	-3.69990000E-012	2.05200000E-008	9.61940000E-005	-2.00000000E+000	1.00000000E+000	4.00000000E+000	3.60000000E-012	-7.64990000E-012	-4.50000000E-012	*
-1.48500000E-011	-2.03100000E-008	-9.54940000E-005	3.30000000E+000	-4.40000000E-012	2.04550000E-008	9.53380000E-005	-2.00000000E+000	1.00000000E+000	4.00000000E+000	6.65000000E-012	-6.70000000E-012	8.10020000E-012	*
9.74990000E-012	-2.02650000E-008	-9.38140000E-005	3.40000000E+000	-3.15000000E-012	2.03450000E-008	9.39030000E-005	-2.00000000E+000	1.00000000E+000	4.00000000E+000	-7.29990000E-012	-9.84990000E-012	1.71000000E-011	*
3.16990000E-011	-2.02550000E-008	-9.32030000E-005	3.50000000E+000	4.10010000E-012	2.03400000E-008	9.31690000E-005	-2.00000000E+000	1.00000000E+000	4.00000000E+000	-1.31500000E-011	-5.50000000E-013	4.90010000E-012	*
2.88990000E-011	-2.02300000E-008	-9.18540000E-005	3.60000000E+000	2.13000000E-011	2.02750000E-008	9.18170000E-005	-2.00000000E+000	1.00000000E+000	4.00000000E+000	-1.26500000E-011	1.08500000E-011	-6.49990000E-012	*
1.15000000E-012	-2.04000000E-008	-9.02530000E-005	3.70000000E+000	2.05000000E-011	2.02500000E-008	9.02380000E-005	-2.00000000E+000	1.00000000E+000	4.00000000E+000	1.20000000E-012	1.18500000E-011	-9.30010000E-012	*
-2.33000000E-011	-2.01200000E-008	-8.89670000E-005	3.80000000E+000	6.44990000E-012	2.01300000E-008	8.89190000E-005	-2.00000000E+000	1.00000000E+000	4.00000000E+000	1.54500000E-011	1.30000000E-012	-9.30010000E-012	*
-2.66990000E-011	-2.02650000E-008	-8.77530000E-005	3.90000000E+000	-2.90000000E-012	2.02200000E-008	8.76860000E-005	-2.00000000E+000	1.00000000E+000	4.00000000E+000	9.15000000E-012	-4.05010000E-012	5.60000000E-012	*
-1.86000000E-011	-1.99750000E-008	-8.64150000E-005	4.00000000E+000	-7.79990000E-012	2.00450000E-008	8.64640000E-005	-2.00000000E+000	1.00000000E+000	4.00000000E+000	7.20000000E-012	-1.98000000E-011	1.17000000E-011	*
1.15500000E-011	-2.00600000E-008	-8.53390000E-005	4.10000000E+000	-3.30000000E-012	2.00450000E-008	8.52230000E-005	-2.00000000E+000	1.00000000E+000	4.00000000E+000	-9.24990000E-012	-1.38000000E-011	5.89990000E-012	*
3.11000000E-011	-2.00400000E-008	-8.36890000E-005	4.20000000E+000	7.35010000E-012	2.01000000E-008	8.37630000E-005	-2.00000000E+000	1.00000000E+000	4.00000000E+000	-1.39500000E-011	4.50000000E-013	2.70000000E-012	*
2.82500000E-011	-2.01300000E-008	-8.24180000E-005	4.30000000E+000	2.02500000E-011	2.01200000E-008	8.23180000E-005	-2.00000000E+000	1.00000000E+000	4.00000000E+000	-1.39000000E-011	6.55010000E-012	-1.36000000E-011	*
8.49980000E-013	-1.99100000E-008	-8.07980000E-005	4.40000000E+000	2.33500000E-011	1.99050000E-008	8.08280000E-005	-2.00000000E+000	1.00000000E+000	4.00000000E+000	-6.99990000E-013	9.90010000E-012	-3.05000000E-012	*
-2.40500000E-011	-2.00000000E-008	-7.95830000E-005	4.50000000E+000	1.13000000E-011	1.99250000E-008	7.95240000E-005	-2.00000000E+000	1.00000000E+000	4.00000000E+000	3.35000000E-012	1.06000000E-011	-4.79990000E-012	*
-2.96490000E-011	-1.97900000E-008	-7.85030000E-005	4.60000000E+000	5.60000000E-012	1.98400000E-008	7.84880000E-005	-2.00000000E+000	1.00000000E+000	4.00000000E+000	2.75000000E-012	-7.99980000E-012	4.60010000E-012	*
-1.80000000E-011	-1.96600000E-008	-7.70050000E-005	4.70000000E+000	-2.14990000E-012	1.96200000E-008	7.70730000E-005	-2.00000000E+000	1.00000000E+000	4.00000000E+000	-2.55000000E-012	-1.48500000E-011	1.91500000E-011	*
4.84990000E-012	-1.94650000E-008	-7.61220000E-005	4.80000000E+000	-2.40000000E-012	1.95250000E-008	7.58880000E-005	-2.00000000E+000	1.00000000E+000	4.00000000E+000	-9.15000000E-012	-1.75000000E-012	1.30000000E-012	*
2.98500000E-011	-1.95450000E-008	-7.49010000E-005	4.90000000E+000	1.08000000E-011	1.95950000E-008	7.49640000E-005	-2.00000000E+000	1.00000000E+000	4.00000000E+000	-1.93500000E-011	5.00000000E-014	-9.44970000E-012	*
2.85490000E-011	-1.94850000E-008	-7.36340000E-005	5.00000000E+000	2.10500000E-011	1.94450000E-008	7.35480000E-005	-2.00000000E+000	1.00000000E+000	4.00000000E+000	-1.06500000E-011	1.11500000E-011	-8.10020000E-012	*

TEST RESULTS:  OUTPUT  04/28/2025  16:48:52


