ATTRIBUTES:

Attribute #1:C:\Metrics\ics\projects\6.2600J_S25\transistor_measurement.ics
Attribute #2:Test
Attribute #3:dev1
Attribute #4:PASSED
SETUP:TRANSFER  04/28/2025  16:36:26
DATE:04/28/2025
TIME:16:36:26

CONDITIONS:

ID:	D	
UNIT:	SMU2	
MODE: STEP	
START:	0.5	
STOP:	5	
PNTS:	2	
STEP:	4.5

ID:	G	
UNIT:	SMU4	
MODE: SWEEP	
START:	-2	
STOP:	4	
PNTS:	61	
STEP:	0.1

ID:	S	
UNIT:	SMU1	
MODE: CONST	
VALUE:	0

DATA:  TRANSFER  04/28/2025  16:36:26

IS	IS2	VD	VD2	ID	ID2	VG	IG	IG2	ACCSTRESS
2.26500000E-011	3.49500000E-011	5.00000000E-001	5.00000000E+000	1.38000000E-011	5.80500000E-011	-2.00000000E+000	3.97000000E-011	-2.84990000E-012	0.00000000E+000
-1.15000000E-011	-1.60000000E-011	5.00000000E-001	5.00000000E+000	-1.63000000E-011	1.19000000E-011	-1.90000000E+000	4.96490000E-011	1.27000000E-011	*
2.11500000E-011	1.59500000E-011	5.00000000E-001	5.00000000E+000	-9.94980000E-012	1.65000000E-011	-1.80000000E+000	8.10020000E-012	-2.52500000E-011	*
2.80000000E-011	3.26000000E-011	5.00000000E-001	5.00000000E+000	5.94990000E-012	1.99500000E-011	-1.70000000E+000	-6.30010000E-012	-4.38000000E-011	*
7.60010000E-012	2.03000000E-011	5.00000000E-001	5.00000000E+000	1.35500000E-011	3.41510000E-011	-1.60000000E+000	1.45000000E-011	-1.48500000E-011	*
-1.85000000E-011	-9.44970000E-012	5.00000000E-001	5.00000000E+000	8.05000000E-012	2.63000000E-011	-1.50000000E+000	5.95010000E-011	3.35000000E-011	*
-4.13010000E-011	-3.70000000E-011	5.00000000E-001	5.00000000E+000	-2.65000000E-012	1.76000000E-011	-1.40000000E+000	8.13000000E-011	6.03000000E-011	*
-3.73000000E-011	-3.73500000E-011	5.00000000E-001	5.00000000E+000	-1.39000000E-011	-2.35000000E-012	-1.30000000E+000	7.67000000E-011	7.43510000E-011	*
3.50000000E-013	-7.85010000E-012	5.00000000E-001	5.00000000E+000	-2.15000000E-011	-5.09990000E-012	-1.20000000E+000	4.21000000E-011	2.97010000E-011	*
2.05000000E-011	2.28500000E-011	5.00000000E-001	5.00000000E+000	-7.99970000E-013	6.74990000E-012	-1.10000000E+000	-4.50000000E-013	-2.22000000E-011	*
3.13490000E-011	2.98000000E-011	5.00000000E-001	5.00000000E+000	5.05000000E-012	3.07010000E-011	-1.00000000E+000	-1.57500000E-011	-1.19000000E-011	*
1.54500000E-011	1.98000000E-011	5.00000000E-001	5.00000000E+000	1.50000000E-011	3.40490000E-011	-9.00000000E-001	1.66000000E-011	-1.46500000E-011	*
-1.55000000E-011	-9.30010000E-012	5.00000000E-001	5.00000000E+000	1.43000000E-011	3.36990000E-011	-8.00000000E-001	6.79490000E-011	3.30490000E-011	*
-3.94000000E-011	-3.48010000E-011	5.00000000E-001	5.00000000E+000	-6.99990000E-013	2.21000000E-011	-7.00000000E-001	9.20510000E-011	6.71500000E-011	*
-3.31500000E-011	-3.50000000E-011	5.00000000E-001	5.00000000E+000	-9.20020000E-012	1.42000000E-011	-6.00000000E-001	8.08990000E-011	6.00520000E-011	*
-5.45010000E-012	-5.60000000E-012	5.00000000E-001	5.00000000E+000	-1.17000000E-011	6.74990000E-012	-5.00000000E-001	3.49500000E-011	1.53500000E-011	*
2.22500000E-011	2.37000000E-011	5.00000000E-001	5.00000000E+000	-5.15010000E-012	2.24000000E-011	-4.00000000E-001	-7.45000000E-012	-3.32000000E-011	*
2.97500000E-011	3.18500000E-011	5.00000000E-001	5.00000000E+000	1.70000000E-011	4.11000000E-011	-3.00000000E-001	-2.70000000E-012	-3.29000000E-011	*
1.05000000E-011	7.29990000E-012	5.00000000E-001	5.00000000E+000	1.84500000E-011	4.72000000E-011	-2.00000000E-001	5.20000000E-012	-2.80000000E-012	*
-1.57000000E-011	-1.30000000E-011	5.00000000E-001	5.00000000E+000	1.92000000E-011	4.06500000E-011	-1.00000000E-001	5.13000000E-011	2.34000000E-011	*
-3.87990000E-011	-3.68010000E-011	5.00000000E-001	5.00000000E+000	8.99990000E-012	3.53990000E-011	0.00000000E+000	9.39520000E-011	6.05490000E-011	*
-4.45000000E-011	-3.15500000E-011	5.00000000E-001	5.00000000E+000	-1.13000000E-011	1.58000000E-011	1.00000000E-001	9.53020000E-011	4.94500000E-011	*
-2.98000000E-011	-7.25000000E-012	5.00000000E-001	5.00000000E+000	-7.20000000E-012	1.80500000E-011	2.00000000E-001	7.18500000E-011	5.89990000E-012	*
-2.27000000E-011	1.65500000E-011	5.00000000E-001	5.00000000E+000	-2.75000000E-012	2.88000000E-011	3.00000000E-001	6.22510000E-011	-2.94500000E-011	*
-5.63990000E-011	1.20000000E-011	5.00000000E-001	5.00000000E+000	1.13000000E-011	4.29010000E-011	4.00000000E-001	1.09750000E-010	-1.50000000E-011	*
2.02500000E-011	-1.56500000E-011	5.00000000E-001	5.00000000E+000	7.49980000E-012	5.18500000E-011	5.00000000E-001	-1.55000000E-011	2.59990000E-011	*
-2.59990000E-011	-6.64000000E-011	5.00000000E-001	5.00000000E+000	-5.69990000E-012	4.77500000E-011	6.00000000E-001	3.63000000E-011	8.62990000E-011	*
-1.78000000E-011	-1.29350000E-010	5.00000000E-001	5.00000000E+000	1.48500000E-011	2.03000000E-011	7.00000000E-001	-2.20000000E-012	1.67350000E-010	*
2.87000000E-011	-1.00500000E-011	5.00000000E-001	5.00000000E+000	6.24990000E-012	4.19010000E-011	8.00000000E-001	-4.30000000E-011	-2.55500000E-011	*
8.30000000E-012	3.57490000E-011	5.00000000E-001	5.00000000E+000	-2.14500000E-011	4.27000000E-011	9.00000000E-001	-1.25000000E-012	-7.09020000E-011	*
-3.53990000E-011	9.74990000E-012	5.00000000E-001	5.00000000E+000	-1.32500000E-011	1.17000000E-011	1.00000000E+000	5.91490000E-011	-7.60010000E-012	*
-5.67490000E-011	-3.53000000E-011	5.00000000E-001	5.00000000E+000	4.51500000E-011	1.93500000E-011	1.10000000E+000	-1.17000000E-011	2.99490000E-011	*
-6.68850000E-010	-1.83500000E-011	5.00000000E-001	5.00000000E+000	6.91390000E-010	5.59000000E-011	1.20000000E+000	-1.21500000E-011	-4.21490000E-011	*
-2.45700000E-009	-3.26000000E-010	5.00000000E-001	5.00000000E+000	2.32090000E-009	3.72790000E-010	1.30000000E+000	8.62490000E-011	-4.87500000E-011	*
-4.12640000E-009	-2.55500000E-009	5.00000000E-001	5.00000000E+000	4.07430000E-009	2.53840000E-009	1.40000000E+000	6.71500000E-011	-5.73000000E-011	*
-5.82690000E-009	-8.95440000E-009	5.00000000E-001	5.00000000E+000	5.78280000E-009	8.97120000E-009	1.50000000E+000	-9.90010000E-012	3.84490000E-011	*
-8.71480000E-009	-2.03700000E-008	5.00000000E-001	5.00000000E+000	8.62610000E-009	2.03400000E-008	1.60000000E+000	2.70000000E-011	4.27500000E-011	*
-1.06250000E-008	-3.69800000E-008	5.00000000E-001	5.00000000E+000	1.02850000E-008	3.70200000E-008	1.70000000E+000	7.99980000E-012	-1.46000000E-011	*
-1.44950000E-008	-5.80550000E-008	5.00000000E-001	5.00000000E+000	1.43100000E-008	5.80290000E-008	1.80000000E+000	4.82990000E-011	-6.21510000E-011	*
-1.82300000E-008	-8.30730000E-008	5.00000000E-001	5.00000000E+000	1.81950000E-008	8.30290000E-008	1.90000000E+000	1.60400000E-010	3.77000000E-011	*
-2.63550000E-008	-1.11200000E-007	5.00000000E-001	5.00000000E+000	2.63500000E-008	1.10950000E-007	2.00000000E+000	7.60010000E-012	-6.25990000E-011	*
-3.46100000E-008	-1.44050000E-007	5.00000000E-001	5.00000000E+000	3.44440000E-008	1.43900000E-007	2.10000000E+000	1.62300000E-010	-5.38010000E-011	*
-4.34360000E-008	-1.82350000E-007	5.00000000E-001	5.00000000E+000	4.37700000E-008	1.82150000E-007	2.20000000E+000	1.42750000E-010	3.69000000E-011	*
-5.52250000E-008	-2.25200000E-007	5.00000000E-001	5.00000000E+000	5.61500000E-008	2.25200000E-007	2.30000000E+000	-2.10000000E-012	-6.74990000E-012	*
-6.60110000E-008	-2.73340000E-007	5.00000000E-001	5.00000000E+000	6.49200000E-008	2.73200000E-007	2.40000000E+000	7.46500000E-011	-6.39990000E-011	*
-8.34000000E-008	-3.26690000E-007	5.00000000E-001	5.00000000E+000	8.20150000E-008	3.26540000E-007	2.50000000E+000	-1.36000000E-011	8.10020000E-012	*
-9.81960000E-008	-3.85440000E-007	5.00000000E-001	5.00000000E+000	9.78680000E-008	3.85290000E-007	2.60000000E+000	-3.70000000E-011	3.77000000E-011	*
-1.13950000E-007	-4.49600000E-007	5.00000000E-001	5.00000000E+000	1.11550000E-007	4.49490000E-007	2.70000000E+000	1.13300000E-010	-4.07990000E-011	*
-1.28540000E-007	-5.19500000E-007	5.00000000E-001	5.00000000E+000	1.29400000E-007	5.19240000E-007	2.80000000E+000	-7.35010000E-012	-3.73000000E-011	*
-1.54450000E-007	-5.95030000E-007	5.00000000E-001	5.00000000E+000	1.54690000E-007	5.94880000E-007	2.90000000E+000	-4.38500000E-011	3.66000000E-011	*
-1.84390000E-007	-6.76430000E-007	5.00000000E-001	5.00000000E+000	1.84150000E-007	6.76430000E-007	3.00000000E+000	5.76000000E-011	-3.65000000E-012	*
-2.12440000E-007	-7.63630000E-007	5.00000000E-001	5.00000000E+000	2.13000000E-007	7.63040000E-007	3.10000000E+000	-2.28500000E-011	-8.05010000E-011	*
-2.45000000E-007	-8.56140000E-007	5.00000000E-001	5.00000000E+000	2.45040000E-007	8.55620000E-007	3.20000000E+000	1.07000000E-011	2.51500000E-011	*
-2.81800000E-007	-9.55770000E-007	5.00000000E-001	5.00000000E+000	2.81350000E-007	9.55600000E-007	3.30000000E+000	3.09500000E-011	1.60000000E-011	*
-3.16200000E-007	-1.05400000E-006	5.00000000E-001	5.00000000E+000	3.16040000E-007	1.05300000E-006	3.40000000E+000	-1.53500000E-011	-2.92640000E-010	*
-3.55490000E-007	-1.16700000E-006	5.00000000E-001	5.00000000E+000	3.55040000E-007	1.16500000E-006	3.50000000E+000	7.46500000E-011	-1.11050000E-010	*
-3.94040000E-007	-1.28600000E-006	5.00000000E-001	5.00000000E+000	3.93950000E-007	1.28250000E-006	3.60000000E+000	1.94500000E-011	-1.49700000E-010	*
-4.35330000E-007	-1.40700000E-006	5.00000000E-001	5.00000000E+000	4.34490000E-007	1.40550000E-006	3.70000000E+000	-2.40500000E-011	-3.43990000E-011	*
-4.77650000E-007	-1.53550000E-006	5.00000000E-001	5.00000000E+000	4.77330000E-007	1.53400000E-006	3.80000000E+000	5.62010000E-011	-4.74000000E-011	*
-5.21050000E-007	-1.66950000E-006	5.00000000E-001	5.00000000E+000	5.20780000E-007	1.66650000E-006	3.90000000E+000	-3.53990000E-011	-6.19490000E-011	*
-5.63540000E-007	-1.80950000E-006	5.00000000E-001	5.00000000E+000	5.62930000E-007	1.80600000E-006	4.00000000E+000	3.82010000E-011	-2.96490000E-011	*

TEST RESULTS:  TRANSFER  04/28/2025  16:36:26


SETUP:OUTPUT  04/28/2025  16:37:14
DATE:04/28/2025
TIME:16:37:14

CONDITIONS:

ID:	D	
UNIT:	SMU2	
MODE: SWEEP	
START:	0	
STOP:	5	
PNTS:	51	
STEP:	0.1

ID:	G	
UNIT:	SMU4	
MODE: STEP	
START:	-2	
STOP:	4	
PNTS:	3	
STEP:	3

ID:	S	
UNIT:	SMU1	
MODE: CONST	
VALUE:	0

DATA:  OUTPUT  04/28/2025  16:37:14

IS	IS2	IS3	VD	ID	ID2	ID3	VG	VG2	VG3	IG	IG2	IG3	ACCSTRESS
-2.42500000E-011	-3.34510000E-011	-2.40740000E-010	0.00000000E+000	-6.49990000E-012	-2.20000000E-011	2.92900000E-010	-2.00000000E+000	1.00000000E+000	4.00000000E+000	-4.72990000E-011	-5.59000000E-011	6.62510000E-011	0.00000000E+000
1.03500000E-011	2.92000000E-011	-1.49500000E-007	1.00000000E-001	1.78500000E-011	1.80350000E-010	1.48800000E-007	-2.00000000E+000	1.00000000E+000	4.00000000E+000	-1.80000000E-011	-1.59350000E-010	-1.48000000E-011	*
-1.47500000E-011	1.00500000E-011	-2.78250000E-007	2.00000000E-001	1.22500000E-011	2.75650000E-010	2.78100000E-007	-2.00000000E+000	1.00000000E+000	4.00000000E+000	1.84000000E-011	-1.84250000E-010	-9.02500000E-011	*
-3.35000000E-011	-2.51000000E-011	-3.96090000E-007	3.00000000E-001	-2.80000000E-012	2.94050000E-010	3.95940000E-007	-2.00000000E+000	1.00000000E+000	4.00000000E+000	3.87000000E-011	-1.51700000E-010	-7.30510000E-011	*
-2.31500000E-011	-3.22500000E-011	-4.98400000E-007	4.00000000E-001	-1.00500000E-011	2.23500000E-010	4.98340000E-007	-2.00000000E+000	1.00000000E+000	4.00000000E+000	2.85000000E-011	-1.13850000E-010	-3.75510000E-011	*
3.95000000E-012	-2.15000000E-011	-5.85740000E-007	5.00000000E-001	-1.45000000E-011	1.59400000E-010	5.85600000E-007	-2.00000000E+000	1.00000000E+000	4.00000000E+000	-2.21500000E-011	-1.10400000E-010	1.41000000E-011	*
3.66500000E-011	1.47000000E-011	-6.59990000E-007	6.00000000E-001	2.65000000E-012	1.17200000E-010	6.59930000E-007	-2.00000000E+000	1.00000000E+000	4.00000000E+000	-5.99490000E-011	-1.37150000E-010	3.36500000E-011	*
3.02990000E-011	3.03510000E-011	-7.22330000E-007	7.00000000E-001	1.99500000E-011	1.07950000E-010	7.21770000E-007	-2.00000000E+000	1.00000000E+000	4.00000000E+000	-5.62500000E-011	-1.42800000E-010	-9.34980000E-012	*
1.23000000E-011	2.74000000E-011	-7.76370000E-007	8.00000000E-001	2.05000000E-011	1.01050000E-010	7.75590000E-007	-2.00000000E+000	1.00000000E+000	4.00000000E+000	-1.09500000E-011	-1.11950000E-010	-3.97990000E-011	*
-1.73000000E-011	-9.05010000E-012	-8.23350000E-007	9.00000000E-001	1.28500000E-011	8.05010000E-011	8.22440000E-007	-2.00000000E+000	1.00000000E+000	4.00000000E+000	2.10000000E-011	-4.01490000E-011	-9.65490000E-011	*
-3.07510000E-011	-3.16490000E-011	-8.66770000E-007	1.00000000E+000	5.99990000E-013	6.20480000E-011	8.66330000E-007	-2.00000000E+000	1.00000000E+000	4.00000000E+000	4.61500000E-011	6.19990000E-012	-7.05000000E-011	*
-2.27500000E-011	-3.19000000E-011	-9.03730000E-007	1.10000000E+000	-1.44500000E-011	4.45000000E-012	9.04080000E-007	-2.00000000E+000	1.00000000E+000	4.00000000E+000	2.46490000E-011	-6.15000000E-012	-4.98000000E-011	*
1.20000000E-011	-9.09980000E-012	-9.38540000E-007	1.20000000E+000	-1.08500000E-011	1.00500000E-011	9.38040000E-007	-2.00000000E+000	1.00000000E+000	4.00000000E+000	-3.29990000E-011	-3.01000000E-011	-4.60010000E-011	*
3.43990000E-011	2.16500000E-011	-9.70900000E-007	1.30000000E+000	6.55010000E-012	2.99000000E-011	9.70210000E-007	-2.00000000E+000	1.00000000E+000	4.00000000E+000	-6.65000000E-011	-7.07490000E-011	-6.57500000E-011	*
3.02500000E-011	3.53990000E-011	-1.00510000E-006	1.40000000E+000	2.03000000E-011	5.08500000E-011	1.00270000E-006	-2.00000000E+000	1.00000000E+000	4.00000000E+000	-5.68010000E-011	-7.95990000E-011	-1.51050000E-010	*
6.49990000E-012	1.71500000E-011	-1.03090000E-006	1.50000000E+000	2.37990000E-011	3.71510000E-011	1.03150000E-006	-2.00000000E+000	1.00000000E+000	4.00000000E+000	-7.99980000E-012	-3.04500000E-011	-2.57140000E-010	*
-1.77500000E-011	-1.21000000E-011	-1.05950000E-006	1.60000000E+000	1.55500000E-011	5.09490000E-011	1.05950000E-006	-2.00000000E+000	1.00000000E+000	4.00000000E+000	2.84500000E-011	1.78000000E-011	1.23000000E-011	*
-3.48500000E-011	-3.34010000E-011	-1.08550000E-006	1.70000000E+000	3.10000000E-012	1.69500000E-011	1.08200000E-006	-2.00000000E+000	1.00000000E+000	4.00000000E+000	3.77000000E-011	3.62500000E-011	-2.15650000E-010	*
-2.71500000E-011	-3.02500000E-011	-1.10600000E-006	1.80000000E+000	-7.04990000E-012	-1.43000000E-011	1.10800000E-006	-2.00000000E+000	1.00000000E+000	4.00000000E+000	2.76500000E-011	3.39500000E-011	-3.61300000E-010	*
8.10020000E-012	6.40000000E-012	-1.12650000E-006	1.90000000E+000	-7.04990000E-012	1.10500000E-011	1.12800000E-006	-2.00000000E+000	1.00000000E+000	4.00000000E+000	-2.06000000E-011	-2.55500000E-011	-3.15990000E-010	*
3.21500000E-011	2.79500000E-011	-1.14400000E-006	2.00000000E+000	3.40000000E-012	1.40500000E-011	1.14800000E-006	-2.00000000E+000	1.00000000E+000	4.00000000E+000	-6.16500000E-011	-6.59490000E-011	-2.91800000E-010	*
3.38500000E-011	2.79000000E-011	-1.16200000E-006	2.10000000E+000	1.98500000E-011	2.62500000E-011	1.16450000E-006	-2.00000000E+000	1.00000000E+000	4.00000000E+000	-5.02500000E-011	-5.43990000E-011	-2.39250000E-010	*
1.52500000E-011	1.01500000E-011	-1.18150000E-006	2.20000000E+000	2.69000000E-011	4.80010000E-011	1.18450000E-006	-2.00000000E+000	1.00000000E+000	4.00000000E+000	-1.54500000E-011	-2.44000000E-011	-2.69350000E-010	*
-2.04500000E-011	-2.20000000E-011	-1.20200000E-006	2.30000000E+000	1.33000000E-011	2.11500000E-011	1.20000000E-006	-2.00000000E+000	1.00000000E+000	4.00000000E+000	2.43500000E-011	2.57500000E-011	-2.70500000E-010	*
-3.02990000E-011	-3.28500000E-011	-1.21800000E-006	2.40000000E+000	1.10000000E-012	1.38000000E-011	1.21900000E-006	-2.00000000E+000	1.00000000E+000	4.00000000E+000	4.07500000E-011	3.70990000E-011	-2.58500000E-010	*
-2.13000000E-011	-2.50500000E-011	-1.23200000E-006	2.50000000E+000	-6.24990000E-012	-4.99980000E-014	1.23350000E-006	-2.00000000E+000	1.00000000E+000	4.00000000E+000	2.13000000E-011	2.94500000E-011	-3.48850000E-010	*
6.40000000E-012	-1.15000000E-012	-1.24600000E-006	2.60000000E+000	-1.30000000E-011	-2.30000000E-012	1.24450000E-006	-2.00000000E+000	1.00000000E+000	4.00000000E+000	-1.76500000E-011	-1.31000000E-011	-2.71360000E-010	*
3.65500000E-011	3.12500000E-011	-1.25850000E-006	2.70000000E+000	9.55010000E-012	5.85000000E-012	1.25950000E-006	-2.00000000E+000	1.00000000E+000	4.00000000E+000	-6.13480000E-011	-6.14510000E-011	-1.94500000E-010	*
3.32000000E-011	3.80500000E-011	-1.27400000E-006	2.80000000E+000	2.03000000E-011	2.65000000E-011	1.26850000E-006	-2.00000000E+000	1.00000000E+000	4.00000000E+000	-5.25500000E-011	-5.23490000E-011	-1.66850000E-010	*
9.49990000E-012	1.63000000E-011	-1.28000000E-006	2.90000000E+000	2.29500000E-011	3.27510000E-011	1.28450000E-006	-2.00000000E+000	1.00000000E+000	4.00000000E+000	-1.28500000E-011	-3.19990000E-011	-1.94800000E-010	*
-2.19000000E-011	-1.64000000E-011	-1.29800000E-006	3.00000000E+000	1.49000000E-011	3.09990000E-011	1.29650000E-006	-2.00000000E+000	1.00000000E+000	4.00000000E+000	2.62500000E-011	1.68500000E-011	-1.72650000E-010	*
-3.14010000E-011	-3.07010000E-011	-1.30850000E-006	3.10000000E+000	2.84990000E-012	1.11000000E-011	1.31000000E-006	-2.00000000E+000	1.00000000E+000	4.00000000E+000	4.55000000E-011	5.05000000E-011	-2.35640000E-010	*
-2.10500000E-011	-2.95500000E-011	-1.32300000E-006	3.20000000E+000	-3.55010000E-012	2.55000000E-012	1.32250000E-006	-2.00000000E+000	1.00000000E+000	4.00000000E+000	2.41000000E-011	3.00510000E-011	-1.67550000E-010	*
1.14500000E-011	7.15000000E-012	-1.33450000E-006	3.30000000E+000	-5.30000000E-012	-5.39990000E-012	1.33500000E-006	-2.00000000E+000	1.00000000E+000	4.00000000E+000	-2.64500000E-011	-2.13500000E-011	-1.58700000E-010	*
3.42500000E-011	3.04500000E-011	-1.34150000E-006	3.40000000E+000	4.65010000E-012	1.07500000E-011	1.34500000E-006	-2.00000000E+000	1.00000000E+000	4.00000000E+000	-5.15500000E-011	-6.18990000E-011	-7.43020000E-011	*
3.41510000E-011	2.81990000E-011	-1.35950000E-006	3.50000000E+000	2.84500000E-011	1.67000000E-011	1.35900000E-006	-2.00000000E+000	1.00000000E+000	4.00000000E+000	-5.82500000E-011	-5.23000000E-011	-3.28010000E-011	*
6.79990000E-012	1.47000000E-011	-1.36400000E-006	3.60000000E+000	2.19500000E-011	3.51010000E-011	1.36400000E-006	-2.00000000E+000	1.00000000E+000	4.00000000E+000	-1.38000000E-011	-2.84500000E-011	-1.10350000E-010	*
-1.99000000E-011	-1.02500000E-011	-1.37600000E-006	3.70000000E+000	1.62500000E-011	2.30500000E-011	1.37700000E-006	-2.00000000E+000	1.00000000E+000	4.00000000E+000	3.17510000E-011	1.33000000E-011	-1.16300000E-010	*
-3.51510000E-011	-3.20510000E-011	-1.38300000E-006	3.80000000E+000	8.45010000E-012	1.24000000E-011	1.38600000E-006	-2.00000000E+000	1.00000000E+000	4.00000000E+000	3.52000000E-011	3.49000000E-011	-1.88150000E-010	*
-1.99000000E-011	-2.95000000E-011	-1.39550000E-006	3.90000000E+000	-6.10000000E-012	-3.30000000E-012	1.39350000E-006	-2.00000000E+000	1.00000000E+000	4.00000000E+000	2.06500000E-011	3.31010000E-011	-1.61650000E-010	*
1.51000000E-011	4.79990000E-012	-1.40600000E-006	4.00000000E+000	-1.10000000E-011	3.00000000E-013	1.40550000E-006	-2.00000000E+000	1.00000000E+000	4.00000000E+000	-2.94010000E-011	-1.11000000E-011	-1.72100000E-010	*
3.62000000E-011	3.31010000E-011	-1.41350000E-006	4.10000000E+000	1.08500000E-011	5.89990000E-012	1.41400000E-006	-2.00000000E+000	1.00000000E+000	4.00000000E+000	-6.43010000E-011	-5.74000000E-011	-1.07300000E-010	*
3.31010000E-011	3.16000000E-011	-1.43050000E-006	4.20000000E+000	2.58000000E-011	2.50500000E-011	1.42850000E-006	-2.00000000E+000	1.00000000E+000	4.00000000E+000	-5.74490000E-011	-5.36500000E-011	-6.64500000E-011	*
7.99980000E-012	7.60010000E-012	-1.43750000E-006	4.30000000E+000	3.22000000E-011	2.92500000E-011	1.44400000E-006	-2.00000000E+000	1.00000000E+000	4.00000000E+000	-1.28500000E-011	-1.16000000E-011	-1.22000000E-011	*
-1.71500000E-011	-2.24500000E-011	-1.45250000E-006	4.40000000E+000	1.86000000E-011	2.30000000E-011	1.45350000E-006	-2.00000000E+000	1.00000000E+000	4.00000000E+000	3.09500000E-011	3.43990000E-011	-1.12800000E-010	*
-3.04010000E-011	-3.55500000E-011	-1.45850000E-006	4.50000000E+000	1.32000000E-011	1.27000000E-011	1.46150000E-006	-2.00000000E+000	1.00000000E+000	4.00000000E+000	3.56000000E-011	4.23500000E-011	-1.87100000E-010	*
-2.42000000E-011	-2.84000000E-011	-1.47000000E-006	4.60000000E+000	3.65000000E-012	-1.00000000E-013	1.46450000E-006	-2.00000000E+000	1.00000000E+000	4.00000000E+000	1.99500000E-011	3.68010000E-011	-9.93520000E-011	*
1.12000000E-011	1.80000000E-012	-1.48300000E-006	4.70000000E+000	5.39990000E-012	3.00000000E-013	1.48200000E-006	-2.00000000E+000	1.00000000E+000	4.00000000E+000	-3.33490000E-011	-1.32500000E-011	-1.54150000E-010	*
3.72010000E-011	2.78000000E-011	-1.49000000E-006	4.80000000E+000	2.65500000E-011	2.60000000E-012	1.49450000E-006	-2.00000000E+000	1.00000000E+000	4.00000000E+000	-8.91480000E-011	-5.63000000E-011	3.51510000E-011	*
3.11500000E-011	3.39500000E-011	-1.49650000E-006	4.90000000E+000	5.08500000E-011	2.40500000E-011	1.49900000E-006	-2.00000000E+000	1.00000000E+000	4.00000000E+000	-7.12000000E-011	-5.14510000E-011	6.99990000E-013	*
5.75010000E-012	1.64000000E-011	-1.50350000E-006	5.00000000E+000	6.46980000E-011	2.88500000E-011	1.50750000E-006	-2.00000000E+000	1.00000000E+000	4.00000000E+000	-3.75510000E-011	-2.37990000E-011	-2.71990000E-011	*

TEST RESULTS:  OUTPUT  04/28/2025  16:37:14


