ATTRIBUTES:

Attribute #1:C:\Metrics\ics\projects\6.2600J_S25\transistor_measurement.ics
Attribute #2:Test
Attribute #3:dev1
Attribute #4:PASSED
SETUP:TRANSFER  04/28/2025  16:08:03
DATE:04/28/2025
TIME:16:08:03

CONDITIONS:

ID:	D	
UNIT:	SMU2	
MODE: STEP	
START:	0.5	
STOP:	5	
PNTS:	2	
STEP:	4.5

ID:	G	
UNIT:	SMU4	
MODE: SWEEP	
START:	-2	
STOP:	4	
PNTS:	61	
STEP:	0.1

ID:	S	
UNIT:	SMU1	
MODE: CONST	
VALUE:	0

DATA:  TRANSFER  04/28/2025  16:08:03

IS	IS2	VD	VD2	ID	ID2	VG	IG	IG2	ACCSTRESS
-4.24990000E-012	-9.44970000E-012	5.00000000E-001	5.00000000E+000	-4.70000000E-012	1.40500000E-011	-2.00000000E+000	-3.95000000E-012	-1.36000000E-011	0.00000000E+000
1.78500000E-011	2.88500000E-011	5.00000000E-001	5.00000000E+000	-8.45010000E-012	1.01500000E-011	-1.90000000E+000	-1.45000000E-012	-1.11500000E-011	*
2.88500000E-011	2.61000000E-011	5.00000000E-001	5.00000000E+000	8.74990000E-012	2.67500000E-011	-1.80000000E+000	-1.70000000E-012	-8.10020000E-012	*
2.20500000E-011	1.27000000E-011	5.00000000E-001	5.00000000E+000	1.46500000E-011	1.54000000E-011	-1.70000000E+000	-4.60010000E-012	-6.05010000E-012	*
-9.44970000E-012	-1.83500000E-011	5.00000000E-001	5.00000000E+000	1.20000000E-011	1.88000000E-011	-1.60000000E+000	5.60000000E-012	6.74990000E-012	*
-3.28500000E-011	-3.32500000E-011	5.00000000E-001	5.00000000E+000	-1.40000000E-012	1.10000000E-012	-1.50000000E+000	1.28000000E-011	7.35010000E-012	*
-2.92990000E-011	-1.91000000E-011	5.00000000E-001	5.00000000E+000	-1.24000000E-011	-1.63000000E-011	-1.40000000E+000	1.15500000E-011	8.59980000E-012	*
-1.10000000E-011	2.14990000E-012	5.00000000E-001	5.00000000E+000	-4.75000000E-012	-3.45000000E-012	-1.30000000E+000	9.69980000E-012	7.85010000E-012	*
1.80000000E-011	2.86000000E-011	5.00000000E-001	5.00000000E+000	-9.05010000E-012	8.49980000E-012	-1.20000000E+000	9.00000000E-013	-2.65000000E-012	*
2.88500000E-011	2.83000000E-011	5.00000000E-001	5.00000000E+000	6.95000000E-012	1.51500000E-011	-1.10000000E+000	-4.54990000E-012	-3.00010000E-012	*
2.13000000E-011	-8.49980000E-013	5.00000000E-001	5.00000000E+000	9.90010000E-012	1.74500000E-011	-1.00000000E+000	-2.40000000E-012	8.35020000E-012	*
-2.55000000E-012	-2.48500000E-011	5.00000000E-001	5.00000000E+000	1.29000000E-011	3.74990000E-012	-9.00000000E-001	8.59980000E-012	9.90010000E-012	*
-3.17510000E-011	-3.02000000E-011	5.00000000E-001	5.00000000E+000	-3.65000000E-012	-8.90000000E-012	-8.00000000E-001	9.40000000E-012	1.18000000E-011	*
-2.84500000E-011	-1.94500000E-011	5.00000000E-001	5.00000000E+000	-8.80000000E-012	-1.00000000E-011	-7.00000000E-001	1.19000000E-011	1.23000000E-011	*
-3.69990000E-012	9.94980000E-012	5.00000000E-001	5.00000000E+000	-1.40500000E-011	7.50010000E-013	-6.00000000E-001	1.15000000E-011	3.30000000E-012	*
1.50000000E-011	3.18000000E-011	5.00000000E-001	5.00000000E+000	-4.60010000E-012	3.85000000E-012	-5.00000000E-001	-2.70000000E-012	-1.80000000E-012	*
2.14500000E-011	2.75500000E-011	5.00000000E-001	5.00000000E+000	1.46000000E-011	1.79000000E-011	-4.00000000E-001	-2.25000000E-012	1.60000000E-012	*
-1.84500000E-011	3.50000000E-013	5.00000000E-001	5.00000000E+000	4.82500000E-011	1.50000000E-011	-3.00000000E-001	1.90000000E-012	3.25000000E-012	*
-1.28800000E-010	-3.02990000E-011	5.00000000E-001	5.00000000E+000	1.21250000E-010	6.24990000E-012	-2.00000000E-001	1.45500000E-011	1.49500000E-011	*
-3.19900000E-010	-4.74000000E-011	5.00000000E-001	5.00000000E+000	2.93950000E-010	3.55010000E-012	-1.00000000E-001	1.33500000E-011	1.84000000E-011	*
-6.53840000E-010	-5.89500000E-011	5.00000000E-001	5.00000000E+000	6.12460000E-010	3.25500000E-011	0.00000000E+000	1.46000000E-011	1.07000000E-011	*
-1.09800000E-009	-8.63490000E-011	5.00000000E-001	5.00000000E+000	1.08350000E-009	8.15990000E-011	1.00000000E-001	1.30000000E-012	9.34980000E-012	*
-1.89740000E-009	-1.65150000E-010	5.00000000E-001	5.00000000E+000	1.88550000E-009	1.97900000E-010	2.00000000E-001	1.18500000E-011	9.99980000E-013	*
-3.34240000E-009	-3.58990000E-010	5.00000000E-001	5.00000000E+000	3.31090000E-009	3.88200000E-010	3.00000000E-001	1.20000000E-011	1.30000000E-012	*
-5.64930000E-009	-7.00200000E-010	5.00000000E-001	5.00000000E+000	5.57930000E-009	7.13700000E-010	4.00000000E-001	1.52000000E-011	1.68000000E-011	*
-8.61110000E-009	-1.00190000E-009	5.00000000E-001	5.00000000E+000	8.71250000E-009	8.90940000E-010	5.00000000E-001	8.55000000E-012	4.00000000E-013	*
-1.25300000E-008	-1.54050000E-009	5.00000000E-001	5.00000000E+000	1.19100000E-008	1.43550000E-009	6.00000000E-001	9.09980000E-012	-5.45010000E-012	*
-1.83850000E-008	-2.49890000E-009	5.00000000E-001	5.00000000E+000	1.83450000E-008	2.53000000E-009	7.00000000E-001	9.44970000E-012	5.15010000E-012	*
-2.91350000E-008	-4.15730000E-009	5.00000000E-001	5.00000000E+000	2.98200000E-008	4.15840000E-009	8.00000000E-001	1.35000000E-011	4.20000000E-012	*
-4.37190000E-008	-6.88330000E-009	5.00000000E-001	5.00000000E+000	4.38500000E-008	6.90530000E-009	9.00000000E-001	1.00000000E-013	1.32000000E-011	*
-6.38210000E-008	-1.08000000E-008	5.00000000E-001	5.00000000E+000	6.36460000E-008	1.06450000E-008	1.00000000E+000	4.90010000E-012	8.30000000E-012	*
-9.04910000E-008	-1.61050000E-008	5.00000000E-001	5.00000000E+000	8.98940000E-008	1.63200000E-008	1.10000000E+000	3.60000000E-012	8.74990000E-012	*
-1.15150000E-007	-2.43000000E-008	5.00000000E-001	5.00000000E+000	1.12950000E-007	2.47150000E-008	1.20000000E+000	-3.30000000E-012	4.54990000E-012	*
-1.56150000E-007	-3.97450000E-008	5.00000000E-001	5.00000000E+000	1.54450000E-007	4.03850000E-008	1.30000000E+000	1.55500000E-011	0.00000000E+000	*
-2.12200000E-007	-6.27590000E-008	5.00000000E-001	5.00000000E+000	2.08450000E-007	6.28350000E-008	1.40000000E+000	2.34000000E-011	1.17000000E-011	*
-2.99550000E-007	-9.40560000E-008	5.00000000E-001	5.00000000E+000	2.95840000E-007	9.44890000E-008	1.50000000E+000	1.11500000E-011	2.25000000E-011	*
-4.00150000E-007	-1.25500000E-007	5.00000000E-001	5.00000000E+000	3.99890000E-007	1.26190000E-007	1.60000000E+000	1.03500000E-011	-9.49990000E-012	*
-5.36500000E-007	-1.88150000E-007	5.00000000E-001	5.00000000E+000	5.33880000E-007	1.87050000E-007	1.70000000E+000	6.40000000E-012	7.45000000E-012	*
-7.27620000E-007	-2.79640000E-007	5.00000000E-001	5.00000000E+000	7.17880000E-007	2.77650000E-007	1.80000000E+000	1.06500000E-011	1.79500000E-011	*
-9.19880000E-007	-4.06290000E-007	5.00000000E-001	5.00000000E+000	9.24980000E-007	4.00640000E-007	1.90000000E+000	1.51000000E-011	1.64000000E-011	*
-1.02850000E-006	-5.79540000E-007	5.00000000E-001	5.00000000E+000	1.00860000E-006	5.79600000E-007	2.00000000E+000	8.55000000E-012	1.19000000E-011	*
-1.21100000E-006	-8.33620000E-007	5.00000000E-001	5.00000000E+000	1.21300000E-006	8.34870000E-007	2.10000000E+000	-2.65000000E-012	-4.99980000E-014	*
-1.55650000E-006	-1.06250000E-006	5.00000000E-001	5.00000000E+000	1.55750000E-006	1.06050000E-006	2.20000000E+000	-1.25000000E-012	4.95000000E-012	*
-1.98800000E-006	-1.40350000E-006	5.00000000E-001	5.00000000E+000	1.98800000E-006	1.39600000E-006	2.30000000E+000	6.10000000E-012	7.85010000E-012	*
-2.54000000E-006	-1.98800000E-006	5.00000000E-001	5.00000000E+000	2.53450000E-006	1.96950000E-006	2.40000000E+000	1.84000000E-011	1.18000000E-011	*
-3.21640000E-006	-2.75650000E-006	5.00000000E-001	5.00000000E+000	3.21990000E-006	2.74250000E-006	2.50000000E+000	1.45500000E-011	9.65010000E-012	*
-4.08500000E-006	-3.76940000E-006	5.00000000E-001	5.00000000E+000	4.07290000E-006	3.75040000E-006	2.60000000E+000	1.82500000E-011	-5.50000000E-013	*
-5.18490000E-006	-5.13350000E-006	5.00000000E-001	5.00000000E+000	5.17090000E-006	5.13440000E-006	2.70000000E+000	2.04500000E-011	-6.05010000E-012	*
-6.54140000E-006	-6.86430000E-006	5.00000000E-001	5.00000000E+000	6.51740000E-006	6.83850000E-006	2.80000000E+000	2.84990000E-012	4.15000000E-012	*
-8.19750000E-006	-9.18100000E-006	5.00000000E-001	5.00000000E+000	8.17660000E-006	9.17540000E-006	2.90000000E+000	4.40000000E-012	1.03000000E-011	*
-1.02170000E-005	-1.02250000E-005	5.00000000E-001	5.00000000E+000	1.01730000E-005	1.00350000E-005	3.00000000E+000	1.51000000E-011	5.34990000E-012	*
-1.00950000E-005	-1.12300000E-005	5.00000000E-001	5.00000000E+000	9.71650000E-006	1.10950000E-005	3.10000000E+000	2.70000000E-012	4.20000000E-012	*
-9.60290000E-006	-1.41100000E-005	5.00000000E-001	5.00000000E+000	9.38360000E-006	1.40950000E-005	3.20000000E+000	-5.69990000E-012	1.46500000E-011	*
-9.93170000E-006	-1.93040000E-005	5.00000000E-001	5.00000000E+000	9.70210000E-006	1.92750000E-005	3.30000000E+000	1.17000000E-011	2.20000000E-012	*
-1.05650000E-005	-2.59750000E-005	5.00000000E-001	5.00000000E+000	1.04050000E-005	2.58900000E-005	3.40000000E+000	1.85000000E-012	4.35010000E-012	*
-1.25450000E-005	-3.45950000E-005	5.00000000E-001	5.00000000E+000	1.25500000E-005	3.44550000E-005	3.50000000E+000	1.09500000E-011	-5.50000000E-013	*
-1.63700000E-005	-4.55550000E-005	5.00000000E-001	5.00000000E+000	1.63450000E-005	4.54390000E-005	3.60000000E+000	3.00000000E-013	9.34980000E-012	*
-2.07500000E-005	-5.88450000E-005	5.00000000E-001	5.00000000E+000	2.06800000E-005	5.86190000E-005	3.70000000E+000	2.55000000E-012	1.74000000E-011	*
-2.58200000E-005	-7.55190000E-005	5.00000000E-001	5.00000000E+000	2.57400000E-005	7.52880000E-005	3.80000000E+000	1.15000000E-011	1.15000000E-011	*
-3.11600000E-005	-9.45850000E-005	5.00000000E-001	5.00000000E+000	3.11340000E-005	9.42350000E-005	3.90000000E+000	1.87500000E-011	5.25000000E-012	*
-3.68650000E-005	-9.10760000E-005	5.00000000E-001	5.00000000E+000	3.67150000E-005	8.81740000E-005	4.00000000E+000	9.30010000E-012	9.49990000E-012	*

TEST RESULTS:  TRANSFER  04/28/2025  16:08:03


SETUP:OUTPUT  04/28/2025  16:08:44
DATE:04/28/2025
TIME:16:08:44

CONDITIONS:

ID:	D	
UNIT:	SMU2	
MODE: SWEEP	
START:	0	
STOP:	5	
PNTS:	51	
STEP:	0.1

ID:	G	
UNIT:	SMU4	
MODE: STEP	
START:	-2	
STOP:	4	
PNTS:	3	
STEP:	3

ID:	S	
UNIT:	SMU1	
MODE: CONST	
VALUE:	0

DATA:  OUTPUT  04/28/2025  16:08:44

IS	IS2	IS3	VD	ID	ID2	ID3	VG	VG2	VG3	IG	IG2	IG3	ACCSTRESS
3.12000000E-011	-3.92010000E-011	-3.17700000E-008	0.00000000E+000	7.79990000E-012	-1.30000000E-012	2.29950000E-008	-2.00000000E+000	1.00000000E+000	4.00000000E+000	1.35000000E-012	-1.30000000E-012	1.11500000E-011	0.00000000E+000
-3.26500000E-011	-2.84340000E-009	-7.12300000E-006	1.00000000E-001	-1.21500000E-011	2.85240000E-009	6.90550000E-006	-2.00000000E+000	1.00000000E+000	4.00000000E+000	-1.50000000E-012	3.60000000E-012	1.15000000E-011	*
-1.95500000E-011	-4.82030000E-009	-1.05600000E-005	2.00000000E-001	-1.45000000E-011	4.87650000E-009	1.05400000E-005	-2.00000000E+000	1.00000000E+000	4.00000000E+000	5.99990000E-013	-1.21000000E-011	8.59980000E-012	*
1.05500000E-011	-6.37690000E-009	-1.46650000E-005	3.00000000E-001	-5.75010000E-012	6.39030000E-009	1.46500000E-005	-2.00000000E+000	1.00000000E+000	4.00000000E+000	-7.60010000E-012	-2.50000000E-012	4.70000000E-012	*
2.66500000E-011	-7.53330000E-009	-1.82050000E-005	4.00000000E-001	1.50000000E-012	7.56380000E-009	1.82000000E-005	-2.00000000E+000	1.00000000E+000	4.00000000E+000	-1.07500000E-011	-4.29990000E-012	8.00000000E-013	*
3.02990000E-011	-8.61020000E-009	-2.13200000E-005	5.00000000E-001	8.74990000E-012	8.67250000E-009	2.12900000E-005	-2.00000000E+000	1.00000000E+000	4.00000000E+000	-8.05000000E-012	8.20010000E-012	-5.55000000E-012	*
9.65010000E-012	-9.28680000E-009	-2.39950000E-005	6.00000000E-001	1.88500000E-011	9.28450000E-009	2.40090000E-005	-2.00000000E+000	1.00000000E+000	4.00000000E+000	-8.49980000E-013	6.70000000E-012	-3.60000000E-012	*
-1.84500000E-011	-9.87530000E-009	-2.64100000E-005	7.00000000E-001	1.09500000E-011	9.81930000E-009	2.63400000E-005	-2.00000000E+000	1.00000000E+000	4.00000000E+000	3.40000000E-012	3.20000000E-012	7.15000000E-012	*
-3.04500000E-011	-1.02350000E-008	-2.83050000E-005	8.00000000E-001	-3.85000000E-012	1.04250000E-008	2.83050000E-005	-2.00000000E+000	1.00000000E+000	4.00000000E+000	-1.10000000E-012	7.39980000E-012	5.75010000E-012	*
-2.37500000E-011	-1.07200000E-008	-2.99900000E-005	9.00000000E-001	-5.89990000E-012	1.05550000E-008	3.00150000E-005	-2.00000000E+000	1.00000000E+000	4.00000000E+000	7.99980000E-012	1.19000000E-011	1.32000000E-011	*
1.65000000E-012	-1.08150000E-008	-3.13590000E-005	1.00000000E+000	-5.20000000E-012	1.07700000E-008	3.13300000E-005	-2.00000000E+000	1.00000000E+000	4.00000000E+000	-6.70000000E-012	6.65000000E-012	4.45000000E-012	*
2.05500000E-011	-1.07500000E-008	-3.25090000E-005	1.10000000E+000	-1.75000000E-012	1.07750000E-008	3.24900000E-005	-2.00000000E+000	1.00000000E+000	4.00000000E+000	-9.80010000E-012	-5.00000000E-012	-1.28000000E-011	*
3.63500000E-011	-1.07150000E-008	-3.34850000E-005	1.20000000E+000	8.55000000E-012	1.06450000E-008	3.34250000E-005	-2.00000000E+000	1.00000000E+000	4.00000000E+000	-1.48000000E-011	-6.44990000E-012	-5.75010000E-012	*
1.90000000E-011	-1.05400000E-008	-3.43990000E-005	1.30000000E+000	1.82500000E-011	1.06700000E-008	3.43690000E-005	-2.00000000E+000	1.00000000E+000	4.00000000E+000	-1.25000000E-011	-1.08000000E-011	2.45000000E-012	*
-6.99990000E-012	-1.05150000E-008	-3.50340000E-005	1.40000000E+000	1.50500000E-011	1.06750000E-008	3.51000000E-005	-2.00000000E+000	1.00000000E+000	4.00000000E+000	2.20000000E-012	-1.40000000E-012	4.45000000E-012	*
-2.84000000E-011	-1.06750000E-008	-3.56340000E-005	1.50000000E+000	8.74990000E-012	1.07400000E-008	3.56850000E-005	-2.00000000E+000	1.00000000E+000	4.00000000E+000	2.95000000E-012	7.10010000E-012	9.34980000E-012	*
-2.97010000E-011	-1.09450000E-008	-3.59250000E-005	1.60000000E+000	-4.05010000E-012	1.08400000E-008	3.58800000E-005	-2.00000000E+000	1.00000000E+000	4.00000000E+000	5.80000000E-012	5.30000000E-012	2.14990000E-012	*
-4.65010000E-012	-1.07850000E-008	-3.60550000E-005	1.70000000E+000	-6.35000000E-012	1.06300000E-008	3.60890000E-005	-2.00000000E+000	1.00000000E+000	4.00000000E+000	1.65000000E-012	3.60000000E-012	2.25000000E-012	*
2.14000000E-011	-1.06700000E-008	-3.62790000E-005	1.80000000E+000	6.30010000E-012	1.06150000E-008	3.62190000E-005	-2.00000000E+000	1.00000000E+000	4.00000000E+000	-7.95010000E-012	-8.59980000E-012	-4.54990000E-012	*
3.27510000E-011	-1.05550000E-008	-3.63440000E-005	1.90000000E+000	1.86500000E-011	1.04900000E-008	3.63290000E-005	-2.00000000E+000	1.00000000E+000	4.00000000E+000	-5.69990000E-012	-3.50000000E-012	-4.65010000E-012	*
2.21500000E-011	-1.03600000E-008	-3.63940000E-005	2.00000000E+000	1.60000000E-011	1.04100000E-008	3.63640000E-005	-2.00000000E+000	1.00000000E+000	4.00000000E+000	-8.70010000E-012	-8.45010000E-012	2.80000000E-012	*
-6.49990000E-012	-1.06200000E-008	-3.63700000E-005	2.10000000E+000	2.22500000E-011	1.05150000E-008	3.63900000E-005	-2.00000000E+000	1.00000000E+000	4.00000000E+000	-4.70000000E-012	2.75000000E-012	1.35500000E-011	*
-2.99990000E-011	-1.03600000E-008	-3.61350000E-005	2.20000000E+000	4.45000000E-012	1.04850000E-008	3.61200000E-005	-2.00000000E+000	1.00000000E+000	4.00000000E+000	8.30000000E-012	7.15000000E-012	6.70000000E-012	*
-2.47500000E-011	-1.06150000E-008	-3.59640000E-005	2.30000000E+000	-3.19990000E-012	1.06250000E-008	3.59840000E-005	-2.00000000E+000	1.00000000E+000	4.00000000E+000	-1.25000000E-012	4.05010000E-012	6.79990000E-012	*
-1.14500000E-011	-1.06400000E-008	-3.56750000E-005	2.40000000E+000	-1.40000000E-012	1.04950000E-008	3.56490000E-005	-2.00000000E+000	1.00000000E+000	4.00000000E+000	3.15000000E-012	5.15010000E-012	-7.25000000E-012	*
2.30500000E-011	-1.02800000E-008	-3.55300000E-005	2.50000000E+000	-1.70000000E-012	1.03550000E-008	3.55500000E-005	-2.00000000E+000	1.00000000E+000	4.00000000E+000	-6.19990000E-012	-1.35000000E-012	-1.11000000E-011	*
3.41510000E-011	-1.05600000E-008	-3.53600000E-005	2.60000000E+000	1.35500000E-011	1.05250000E-008	3.53490000E-005	-2.00000000E+000	1.00000000E+000	4.00000000E+000	-8.35020000E-012	-4.45000000E-012	5.99990000E-013	*
2.29500000E-011	-1.01950000E-008	-3.49990000E-005	2.70000000E+000	2.39000000E-011	1.03050000E-008	3.50490000E-005	-2.00000000E+000	1.00000000E+000	4.00000000E+000	-2.45000000E-012	-5.60000000E-012	1.20000000E-012	*
-5.60000000E-012	-1.04800000E-008	-3.46300000E-005	2.80000000E+000	1.86000000E-011	1.04700000E-008	3.46690000E-005	-2.00000000E+000	1.00000000E+000	4.00000000E+000	-1.50000000E-012	-2.30000000E-012	4.90010000E-012	*
-2.80000000E-011	-1.04900000E-008	-3.43400000E-005	2.90000000E+000	4.40000000E-012	1.07150000E-008	3.43490000E-005	-2.00000000E+000	1.00000000E+000	4.00000000E+000	-4.99990000E-013	1.70000000E-012	-7.99970000E-013	*
-3.39500000E-011	-1.06750000E-008	-3.40700000E-005	3.00000000E+000	-1.05000000E-012	1.06050000E-008	3.40250000E-005	-2.00000000E+000	1.00000000E+000	4.00000000E+000	2.70000000E-012	5.05000000E-012	-1.35000000E-012	*
-1.39500000E-011	-1.06950000E-008	-3.36040000E-005	3.10000000E+000	-2.45000000E-012	1.06400000E-008	3.36690000E-005	-2.00000000E+000	1.00000000E+000	4.00000000E+000	-7.50010000E-013	8.65000000E-012	-1.11500000E-011	*
5.00000000E-012	-1.04650000E-008	-3.33750000E-005	3.20000000E+000	-2.30000000E-012	1.04600000E-008	3.33840000E-005	-2.00000000E+000	1.00000000E+000	4.00000000E+000	-4.45000000E-012	-3.40000000E-012	-4.95000000E-012	*
2.88990000E-011	-1.04750000E-008	-3.31760000E-005	3.30000000E+000	1.25000000E-011	1.02800000E-008	3.31640000E-005	-2.00000000E+000	1.00000000E+000	4.00000000E+000	-9.74990000E-012	-5.94990000E-012	3.35000000E-012	*
3.00510000E-011	-1.05300000E-008	-3.27940000E-005	3.40000000E+000	1.96000000E-011	1.06150000E-008	3.27940000E-005	-2.00000000E+000	1.00000000E+000	4.00000000E+000	-6.30010000E-012	-8.24980000E-012	7.85010000E-012	*
9.94980000E-012	-1.02650000E-008	-3.23540000E-005	3.50000000E+000	2.23500000E-011	1.02150000E-008	3.23150000E-005	-2.00000000E+000	1.00000000E+000	4.00000000E+000	-8.90000000E-012	-5.25000000E-012	6.99990000E-013	*
-1.81000000E-011	-1.02100000E-008	-3.19390000E-005	3.60000000E+000	1.90000000E-011	1.02800000E-008	3.19700000E-005	-2.00000000E+000	1.00000000E+000	4.00000000E+000	4.40000000E-012	-2.65000000E-012	4.90010000E-012	*
-3.02500000E-011	-1.04700000E-008	-3.17390000E-005	3.70000000E+000	-4.50000000E-013	1.05250000E-008	3.17800000E-005	-2.00000000E+000	1.00000000E+000	4.00000000E+000	7.10010000E-012	8.90000000E-012	-1.30000000E-012	*
-2.53000000E-011	-1.03900000E-008	-3.13650000E-005	3.80000000E+000	4.00000000E-013	1.05200000E-008	3.13650000E-005	-2.00000000E+000	1.00000000E+000	4.00000000E+000	-4.40000000E-012	1.17000000E-011	-2.35000000E-012	*
2.49990000E-013	-1.03900000E-008	-3.09400000E-005	3.90000000E+000	5.09990000E-012	1.04500000E-008	3.09250000E-005	-2.00000000E+000	1.00000000E+000	4.00000000E+000	-2.50000000E-012	2.70000000E-012	-2.14990000E-012	*
3.21500000E-011	-1.04450000E-008	-3.07950000E-005	4.00000000E+000	9.15000000E-012	1.04400000E-008	3.07390000E-005	-2.00000000E+000	1.00000000E+000	4.00000000E+000	-1.49500000E-011	-3.60000000E-012	7.50010000E-013	*
3.01000000E-011	-1.00650000E-008	-3.03400000E-005	4.10000000E+000	2.44500000E-011	1.02050000E-008	3.03750000E-005	-2.00000000E+000	1.00000000E+000	4.00000000E+000	-1.56000000E-011	-1.08000000E-011	3.50000000E-012	*
8.59980000E-012	-1.02750000E-008	-3.01750000E-005	4.20000000E+000	2.91500000E-011	1.02500000E-008	3.00990000E-005	-2.00000000E+000	1.00000000E+000	4.00000000E+000	-2.49990000E-013	-6.60010000E-012	7.99980000E-012	*
-1.61000000E-011	-1.01850000E-008	-2.98750000E-005	4.30000000E+000	1.30500000E-011	1.04450000E-008	2.98550000E-005	-2.00000000E+000	1.00000000E+000	4.00000000E+000	2.84990000E-012	-7.10010000E-012	-3.19990000E-012	*
-2.92500000E-011	-1.03750000E-008	-2.94450000E-005	4.40000000E+000	5.45010000E-012	1.03050000E-008	2.94640000E-005	-2.00000000E+000	1.00000000E+000	4.00000000E+000	1.85000000E-012	-3.85000000E-012	-1.59990000E-012	*
-2.64000000E-011	-1.01550000E-008	-2.91900000E-005	4.50000000E+000	1.95000000E-012	1.02350000E-008	2.91350000E-005	-2.00000000E+000	1.00000000E+000	4.00000000E+000	-3.60000000E-012	-4.79990000E-012	-5.55000000E-012	*
1.10000000E-012	-1.03000000E-008	-2.88500000E-005	4.60000000E+000	3.55010000E-012	1.03700000E-008	2.88540000E-005	-2.00000000E+000	1.00000000E+000	4.00000000E+000	-5.69990000E-012	8.39990000E-012	-1.05000000E-012	*
2.59000000E-011	-1.01450000E-008	-2.85800000E-005	4.70000000E+000	1.26500000E-011	1.02750000E-008	2.85500000E-005	-2.00000000E+000	1.00000000E+000	4.00000000E+000	-1.32500000E-011	7.39980000E-012	2.40000000E-012	*
3.50000000E-011	-1.00100000E-008	-2.82690000E-005	4.80000000E+000	2.32500000E-011	1.02300000E-008	2.82650000E-005	-2.00000000E+000	1.00000000E+000	4.00000000E+000	-1.67000000E-011	4.70000000E-012	1.46000000E-011	*
1.26000000E-011	-9.90980000E-009	-2.79800000E-005	4.90000000E+000	3.99010000E-011	1.00300000E-008	2.79800000E-005	-2.00000000E+000	1.00000000E+000	4.00000000E+000	-1.12500000E-011	-6.70000000E-012	1.46000000E-011	*
-1.38000000E-011	-1.01650000E-008	-2.78050000E-005	5.00000000E+000	2.35000000E-011	1.01200000E-008	2.78300000E-005	-2.00000000E+000	1.00000000E+000	4.00000000E+000	-5.85000000E-012	2.90000000E-012	5.50000000E-013	*

TEST RESULTS:  OUTPUT  04/28/2025  16:08:44


