ATTRIBUTES:

Attribute #1:C:\Metrics\ics\projects\6.2600J_S25\transistor_measurement.ics
Attribute #2:Test
Attribute #3:dev1
Attribute #4:PASSED
SETUP:TRANSFER  04/28/2025  16:30:40
DATE:04/28/2025
TIME:16:30:40

CONDITIONS:

ID:	D	
UNIT:	SMU2	
MODE: STEP	
START:	0.5	
STOP:	5	
PNTS:	2	
STEP:	4.5

ID:	G	
UNIT:	SMU4	
MODE: SWEEP	
START:	-2	
STOP:	4	
PNTS:	61	
STEP:	0.1

ID:	S	
UNIT:	SMU1	
MODE: CONST	
VALUE:	0

DATA:  TRANSFER  04/28/2025  16:30:40

IS	IS2	VD	VD2	ID	ID2	VG	IG	IG2	ACCSTRESS
6.50000000E-013	4.14500000E-011	5.00000000E-001	5.00000000E+000	5.75010000E-012	5.46500000E-011	-2.00000000E+000	-2.64500000E-011	-1.59990000E-012	0.00000000E+000
-1.93000000E-011	-1.34000000E-011	5.00000000E-001	5.00000000E+000	3.50000000E-012	9.05010000E-012	-1.90000000E+000	5.95010000E-011	3.23490000E-011	*
-3.76000000E-011	2.04500000E-011	5.00000000E-001	5.00000000E+000	-1.25000000E-012	9.69980000E-012	-1.80000000E+000	8.21000000E-011	7.20000000E-012	*
-2.99990000E-011	4.40000000E-011	5.00000000E-001	5.00000000E+000	-2.06500000E-011	1.28000000E-011	-1.70000000E+000	8.72020000E-011	-2.37000000E-011	*
-8.65000000E-012	4.58000000E-011	5.00000000E-001	5.00000000E+000	-1.17000000E-011	2.10500000E-011	-1.60000000E+000	4.90500000E-011	-1.65500000E-011	*
1.69000000E-011	1.40000000E-011	5.00000000E-001	5.00000000E+000	-9.20020000E-012	2.05500000E-011	-1.50000000E+000	2.04000000E-011	1.64500000E-011	*
2.55500000E-011	-1.40500000E-011	5.00000000E-001	5.00000000E+000	1.35000000E-012	4.45000000E-012	-1.40000000E+000	1.65000000E-012	5.51010000E-011	*
8.35020000E-012	-1.59000000E-011	5.00000000E-001	5.00000000E+000	-6.10000000E-012	5.00000000E-012	-1.30000000E+000	1.96500000E-011	6.09500000E-011	*
-2.08000000E-011	5.00000000E-012	5.00000000E-001	5.00000000E+000	7.25000000E-012	-7.25000000E-012	-1.20000000E+000	5.28010000E-011	3.80500000E-011	*
-3.65010000E-011	3.91490000E-011	5.00000000E-001	5.00000000E+000	7.60010000E-012	-5.60000000E-012	-1.10000000E+000	7.69480000E-011	6.05010000E-012	*
-3.45000000E-011	5.47490000E-011	5.00000000E-001	5.00000000E+000	7.89990000E-012	1.72500000E-011	-1.00000000E+000	1.01050000E-010	-2.62500000E-011	*
-3.40000000E-012	4.31990000E-011	5.00000000E-001	5.00000000E+000	-1.28500000E-011	1.66000000E-011	-9.00000000E-001	6.46980000E-011	-2.74000000E-011	*
1.59000000E-011	1.62000000E-011	5.00000000E-001	5.00000000E+000	-4.24990000E-012	1.11000000E-011	-8.00000000E-001	3.12500000E-011	2.35000000E-011	*
2.29500000E-011	-4.79990000E-012	5.00000000E-001	5.00000000E+000	4.15000000E-012	1.03500000E-011	-7.00000000E-001	3.15000000E-012	4.28490000E-011	*
8.05000000E-012	-1.01500000E-011	5.00000000E-001	5.00000000E+000	-1.75000000E-012	-6.95000000E-012	-6.00000000E-001	2.66500000E-011	5.58010000E-011	*
-1.75500000E-011	1.41500000E-011	5.00000000E-001	5.00000000E+000	1.24500000E-011	-8.30000000E-012	-5.00000000E-001	6.36510000E-011	3.61510000E-011	*
-3.59000000E-011	4.65500000E-011	5.00000000E-001	5.00000000E+000	-2.60000000E-012	-9.50020000E-013	-4.00000000E-001	9.32520000E-011	-1.24000000E-011	*
-3.03510000E-011	5.68010000E-011	5.00000000E-001	5.00000000E+000	-1.62000000E-011	1.67500000E-011	-3.00000000E-001	9.27010000E-011	-3.51510000E-011	*
-1.02500000E-011	4.82000000E-011	5.00000000E-001	5.00000000E+000	-1.88500000E-011	1.42500000E-011	-2.00000000E-001	6.93490000E-011	-1.67500000E-011	*
-5.50000000E-012	1.62500000E-011	5.00000000E-001	5.00000000E+000	1.10500000E-011	1.86500000E-011	-1.00000000E-001	3.70500000E-011	2.87000000E-011	*
-5.69990000E-012	-7.52500000E-011	5.00000000E-001	5.00000000E+000	2.51500000E-011	7.36020000E-011	0.00000000E+000	6.35000000E-012	5.84490000E-011	*
-2.26000000E-011	-8.14510000E-010	5.00000000E-001	5.00000000E+000	5.25000000E-011	7.91290000E-010	1.00000000E-001	1.22500000E-011	6.12490000E-011	*
-7.08480000E-011	-2.83740000E-009	5.00000000E-001	5.00000000E+000	7.86500000E-011	2.68200000E-009	2.00000000E-001	6.76010000E-011	-6.52990000E-011	*
-1.23600000E-010	-1.54700000E-008	5.00000000E-001	5.00000000E+000	8.13000000E-011	1.51300000E-008	3.00000000E-001	1.16900000E-010	-6.35010000E-011	*
-1.62400000E-010	-5.92700000E-008	5.00000000E-001	5.00000000E+000	1.17700000E-010	5.92150000E-008	4.00000000E-001	1.10700000E-010	-1.22500000E-011	*
-2.09600000E-010	-1.35550000E-007	5.00000000E-001	5.00000000E+000	1.65950000E-010	1.34700000E-007	5.00000000E-001	7.47000000E-011	-5.80500000E-011	*
-2.56250000E-010	-2.75390000E-007	5.00000000E-001	5.00000000E+000	2.51940000E-010	2.73590000E-007	6.00000000E-001	5.90500000E-011	-1.89000000E-011	*
-3.78510000E-010	-4.58140000E-007	5.00000000E-001	5.00000000E+000	3.93600000E-010	4.56590000E-007	7.00000000E-001	7.23010000E-011	1.40500000E-011	*
-5.11390000E-010	-6.92150000E-007	5.00000000E-001	5.00000000E+000	5.26310000E-010	6.87430000E-007	8.00000000E-001	-7.29990000E-012	5.73500000E-011	*
-6.87210000E-010	-9.60540000E-007	5.00000000E-001	5.00000000E+000	6.25900000E-010	9.55540000E-007	9.00000000E-001	5.64490000E-011	8.04510000E-011	*
-9.33540000E-010	-1.14000000E-006	5.00000000E-001	5.00000000E+000	8.67460000E-010	1.11100000E-006	1.00000000E+000	4.67500000E-011	-2.96490000E-011	*
-1.03800000E-009	-1.45950000E-006	5.00000000E-001	5.00000000E+000	8.88240000E-010	1.46150000E-006	1.10000000E+000	-2.22500000E-011	4.83510000E-011	*
-1.20350000E-009	-1.91000000E-006	5.00000000E-001	5.00000000E+000	1.08900000E-009	1.89100000E-006	1.20000000E+000	-2.24000000E-011	1.19650000E-010	*
-1.60700000E-009	-2.34100000E-006	5.00000000E-001	5.00000000E+000	1.55550000E-009	2.34150000E-006	1.30000000E+000	4.42510000E-011	-2.44000000E-011	*
-2.44640000E-009	-2.74690000E-006	5.00000000E-001	5.00000000E+000	2.31000000E-009	2.75000000E-006	1.40000000E+000	1.33600000E-010	7.20490000E-011	*
-3.58090000E-009	-3.29700000E-006	5.00000000E-001	5.00000000E+000	3.44790000E-009	3.25240000E-006	1.50000000E+000	1.10100000E-010	7.65010000E-011	*
-5.20140000E-009	-3.83150000E-006	5.00000000E-001	5.00000000E+000	5.05090000E-009	3.83710000E-006	1.60000000E+000	1.19550000E-010	3.24500000E-011	*
-7.36780000E-009	-4.48550000E-006	5.00000000E-001	5.00000000E+000	7.11470000E-009	4.48990000E-006	1.70000000E+000	2.46640000E-010	7.52000000E-011	*
-1.02450000E-008	-5.24550000E-006	5.00000000E-001	5.00000000E+000	1.00010000E-008	5.24550000E-006	1.80000000E+000	2.65000000E-010	1.77500000E-010	*
-1.27550000E-008	-6.39630000E-006	5.00000000E-001	5.00000000E+000	1.21600000E-008	6.32480000E-006	1.90000000E+000	-2.93510000E-011	1.81850000E-010	*
-1.67500000E-008	-7.57450000E-006	5.00000000E-001	5.00000000E+000	1.67200000E-008	7.49250000E-006	2.00000000E+000	5.92980000E-011	1.62950000E-010	*
-2.41850000E-008	-8.65900000E-006	5.00000000E-001	5.00000000E+000	2.38700000E-008	8.63710000E-006	2.10000000E+000	1.02700000E-010	2.80450000E-010	*
-3.39900000E-008	-9.92180000E-006	5.00000000E-001	5.00000000E+000	3.37150000E-008	9.97080000E-006	2.20000000E+000	-1.21500000E-011	1.81550000E-010	*
-4.80650000E-008	-1.08950000E-005	5.00000000E-001	5.00000000E+000	4.77650000E-008	1.07500000E-005	2.30000000E+000	1.75000000E-011	-2.69000000E-011	*
-6.62510000E-008	-1.21100000E-005	5.00000000E-001	5.00000000E+000	6.66550000E-008	1.21100000E-005	2.40000000E+000	3.29000000E-011	7.54490000E-011	*
-9.14910000E-008	-1.34400000E-005	5.00000000E-001	5.00000000E+000	9.11600000E-008	1.34650000E-005	2.50000000E+000	-4.06010000E-011	-3.14010000E-011	*
-1.12200000E-007	-1.51500000E-005	5.00000000E-001	5.00000000E+000	1.07000000E-007	1.51850000E-005	2.60000000E+000	2.30000000E-012	8.30000000E-012	*
-1.44850000E-007	-1.70850000E-005	5.00000000E-001	5.00000000E+000	1.43700000E-007	1.71300000E-005	2.70000000E+000	-2.54990000E-011	3.77990000E-011	*
-2.03000000E-007	-1.90950000E-005	5.00000000E-001	5.00000000E+000	2.02050000E-007	1.90600000E-005	2.80000000E+000	4.97010000E-011	-3.78510000E-011	*
-2.77550000E-007	-2.11450000E-005	5.00000000E-001	5.00000000E+000	2.77340000E-007	2.11800000E-005	2.90000000E+000	-3.30490000E-011	5.28500000E-011	*
-3.76050000E-007	-2.35450000E-005	5.00000000E-001	5.00000000E+000	3.76090000E-007	2.35000000E-005	3.00000000E+000	2.67500000E-011	-5.55000000E-012	*
-5.15750000E-007	-2.56550000E-005	5.00000000E-001	5.00000000E+000	5.14730000E-007	2.56500000E-005	3.10000000E+000	2.99000000E-011	-9.30010000E-012	*
-6.88280000E-007	-2.83240000E-005	5.00000000E-001	5.00000000E+000	6.83590000E-007	2.83890000E-005	3.20000000E+000	-2.23500000E-011	5.14510000E-011	*
-9.14820000E-007	-3.14640000E-005	5.00000000E-001	5.00000000E+000	9.15230000E-007	3.14450000E-005	3.30000000E+000	4.66510000E-011	-3.50000000E-011	*
-1.07850000E-006	-3.43250000E-005	5.00000000E-001	5.00000000E+000	1.05250000E-006	3.43990000E-005	3.40000000E+000	3.84000000E-011	2.89500000E-011	*
-1.31700000E-006	-3.74190000E-005	5.00000000E-001	5.00000000E+000	1.30800000E-006	3.73890000E-005	3.50000000E+000	7.15000000E-012	2.70500000E-011	*
-1.73850000E-006	-4.06840000E-005	5.00000000E-001	5.00000000E+000	1.73450000E-006	4.07250000E-005	3.60000000E+000	-2.08000000E-011	-3.29500000E-011	*
-2.24250000E-006	-4.39040000E-005	5.00000000E-001	5.00000000E+000	2.23600000E-006	4.39450000E-005	3.70000000E+000	5.79000000E-011	4.65000000E-011	*
-2.86700000E-006	-4.79350000E-005	5.00000000E-001	5.00000000E+000	2.85850000E-006	4.79350000E-005	3.80000000E+000	-1.31000000E-011	1.08000000E-011	*
-3.55390000E-006	-5.19100000E-005	5.00000000E-001	5.00000000E+000	3.55190000E-006	5.18690000E-005	3.90000000E+000	8.45010000E-012	-2.42500000E-011	*
-4.37610000E-006	-5.61050000E-005	5.00000000E-001	5.00000000E+000	4.39300000E-006	5.59990000E-005	4.00000000E+000	4.35000000E-011	3.54510000E-011	*

TEST RESULTS:  TRANSFER  04/28/2025  16:30:40


SETUP:OUTPUT  04/28/2025  16:31:29
DATE:04/28/2025
TIME:16:31:29

CONDITIONS:

ID:	D	
UNIT:	SMU2	
MODE: SWEEP	
START:	0	
STOP:	5	
PNTS:	51	
STEP:	0.1

ID:	G	
UNIT:	SMU4	
MODE: STEP	
START:	-2	
STOP:	4	
PNTS:	3	
STEP:	3

ID:	S	
UNIT:	SMU1	
MODE: CONST	
VALUE:	0

DATA:  OUTPUT  04/28/2025  16:31:29

IS	IS2	IS3	VD	ID	ID2	ID3	VG	VG2	VG3	IG	IG2	IG3	ACCSTRESS
-3.05990000E-011	1.47500000E-011	-1.35400000E-008	0.00000000E+000	-2.70000000E-012	2.45000000E-011	9.54010000E-009	-2.00000000E+000	1.00000000E+000	4.00000000E+000	-6.07510000E-011	2.00000000E-012	4.78000000E-011	0.00000000E+000
3.32500000E-011	-5.67430000E-009	-2.14550000E-006	1.00000000E-001	1.65500000E-011	5.76940000E-009	2.05950000E-006	-2.00000000E+000	1.00000000E+000	4.00000000E+000	-5.99980000E-011	-4.17000000E-011	4.75990000E-011	*
3.60000000E-012	-1.05030000E-008	-3.12250000E-006	2.00000000E-001	1.51000000E-011	1.04600000E-008	3.13150000E-006	-2.00000000E+000	1.00000000E+000	4.00000000E+000	-7.64990000E-012	2.99490000E-011	4.06500000E-011	*
-2.27000000E-011	-1.56450000E-008	-4.56490000E-006	3.00000000E-001	-4.99980000E-014	1.55800000E-008	4.56260000E-006	-2.00000000E+000	1.00000000E+000	4.00000000E+000	3.69000000E-011	-6.92990000E-011	-2.10000000E-012	*
-2.79500000E-011	-2.13100000E-008	-6.00100000E-006	4.00000000E-001	-3.99990000E-012	2.13350000E-008	6.00150000E-006	-2.00000000E+000	1.00000000E+000	4.00000000E+000	3.45500000E-011	-7.25000000E-011	-3.12000000E-011	*
-1.08500000E-011	-2.75150000E-008	-7.31650000E-006	5.00000000E-001	-1.39000000E-011	2.79750000E-008	7.29950000E-006	-2.00000000E+000	1.00000000E+000	4.00000000E+000	3.18500000E-011	-4.78000000E-011	-2.84500000E-011	*
2.03000000E-011	-3.63940000E-008	-8.61620000E-006	6.00000000E-001	-3.55010000E-012	3.62000000E-008	8.60590000E-006	-2.00000000E+000	1.00000000E+000	4.00000000E+000	-2.89500000E-011	5.45010000E-012	1.55000000E-012	*
3.52000000E-011	-4.56750000E-008	-9.82360000E-006	7.00000000E-001	8.45010000E-012	4.62500000E-008	9.82730000E-006	-2.00000000E+000	1.00000000E+000	4.00000000E+000	-6.77010000E-011	2.08500000E-011	4.65990000E-011	*
3.12500000E-011	-5.47040000E-008	-1.06950000E-005	8.00000000E-001	1.25000000E-011	5.54640000E-008	1.06700000E-005	-2.00000000E+000	1.00000000E+000	4.00000000E+000	-5.38010000E-011	-4.45000000E-012	3.80990000E-011	*
4.05010000E-012	-6.45340000E-008	-1.17700000E-005	9.00000000E-001	1.99500000E-011	6.62690000E-008	1.17650000E-005	-2.00000000E+000	1.00000000E+000	4.00000000E+000	-6.95000000E-012	-4.04990000E-011	-2.50000000E-012	*
-2.39500000E-011	-7.64700000E-008	-1.27800000E-005	1.00000000E+000	3.30000000E-012	7.62850000E-008	1.27900000E-005	-2.00000000E+000	1.00000000E+000	4.00000000E+000	4.05510000E-011	-8.89990000E-011	-3.07010000E-011	*
-2.85000000E-011	-9.28010000E-008	-1.37650000E-005	1.10000000E+000	-3.45000000E-012	9.34300000E-008	1.38000000E-005	-2.00000000E+000	1.00000000E+000	4.00000000E+000	3.59500000E-011	-7.65010000E-011	-3.62500000E-011	*
-1.02500000E-011	-1.06700000E-007	-1.47000000E-005	1.20000000E+000	-7.89990000E-012	1.09950000E-007	1.46850000E-005	-2.00000000E+000	1.00000000E+000	4.00000000E+000	2.46000000E-011	-5.58510000E-011	-7.35010000E-012	*
1.44000000E-011	-1.04950000E-007	-1.56290000E-005	1.30000000E+000	-1.59990000E-012	1.04700000E-007	1.56150000E-005	-2.00000000E+000	1.00000000E+000	4.00000000E+000	-2.12500000E-011	-6.54520000E-011	3.97500000E-011	*
3.60000000E-011	-1.19750000E-007	-1.65500000E-005	1.40000000E+000	6.85010000E-012	1.12550000E-007	1.65240000E-005	-2.00000000E+000	1.00000000E+000	4.00000000E+000	-6.63010000E-011	-4.55490000E-011	4.30000000E-011	*
3.05500000E-011	-1.30300000E-007	-1.72440000E-005	1.50000000E+000	1.98500000E-011	1.36900000E-007	1.72350000E-005	-2.00000000E+000	1.00000000E+000	4.00000000E+000	-5.03490000E-011	8.14990000E-012	3.34510000E-011	*
3.20000000E-012	-1.53500000E-007	-1.80350000E-005	1.60000000E+000	1.21500000E-011	1.50250000E-007	1.80200000E-005	-2.00000000E+000	1.00000000E+000	4.00000000E+000	-1.90500000E-011	4.19010000E-011	-1.07000000E-011	*
-1.62000000E-011	-1.63750000E-007	-1.89050000E-005	1.70000000E+000	8.74990000E-012	1.60940000E-007	1.89050000E-005	-2.00000000E+000	1.00000000E+000	4.00000000E+000	1.39000000E-011	3.93500000E-011	-3.59500000E-011	*
-2.82500000E-011	-1.88200000E-007	-1.96200000E-005	1.80000000E+000	1.90000000E-012	1.83800000E-007	1.96440000E-005	-2.00000000E+000	1.00000000E+000	4.00000000E+000	4.58500000E-011	-1.37000000E-011	-3.23000000E-011	*
-1.71000000E-011	-2.03400000E-007	-2.03850000E-005	1.90000000E+000	-1.06500000E-011	2.00500000E-007	2.04300000E-005	-2.00000000E+000	1.00000000E+000	4.00000000E+000	2.78000000E-011	-4.30000000E-011	1.75500000E-011	*
9.80010000E-012	-2.21790000E-007	-2.10250000E-005	2.00000000E+000	-6.95000000E-012	2.15300000E-007	2.10350000E-005	-2.00000000E+000	1.00000000E+000	4.00000000E+000	-1.20500000E-011	-6.42010000E-011	5.36990000E-011	*
3.48500000E-011	-2.37700000E-007	-2.17990000E-005	2.10000000E+000	8.45010000E-012	2.31050000E-007	2.17850000E-005	-2.00000000E+000	1.00000000E+000	4.00000000E+000	-5.90500000E-011	-3.43490000E-011	4.09010000E-011	*
3.58500000E-011	-2.60000000E-007	-2.23290000E-005	2.20000000E+000	1.69500000E-011	2.59200000E-007	2.23750000E-005	-2.00000000E+000	1.00000000E+000	4.00000000E+000	-5.90500000E-011	1.22000000E-011	2.55000000E-012	*
7.25000000E-012	-2.79690000E-007	-2.30800000E-005	2.30000000E+000	1.70500000E-011	2.73940000E-007	2.30890000E-005	-2.00000000E+000	1.00000000E+000	4.00000000E+000	-7.49980000E-012	3.79000000E-011	-4.79490000E-011	*
-1.79500000E-011	-2.77100000E-007	-2.38000000E-005	2.40000000E+000	1.93990000E-011	2.80490000E-007	2.38100000E-005	-2.00000000E+000	1.00000000E+000	4.00000000E+000	3.32000000E-011	4.12510000E-011	-5.34510000E-011	*
-2.52500000E-011	-2.97600000E-007	-2.42600000E-005	2.50000000E+000	-7.04990000E-012	2.99550000E-007	2.41740000E-005	-2.00000000E+000	1.00000000E+000	4.00000000E+000	4.28000000E-011	-2.01000000E-011	-3.38500000E-011	*
-1.31500000E-011	-3.25050000E-007	-2.48900000E-005	2.60000000E+000	-8.14990000E-012	3.18640000E-007	2.49000000E-005	-2.00000000E+000	1.00000000E+000	4.00000000E+000	3.15000000E-011	-6.58000000E-011	1.13000000E-011	*
1.28500000E-011	-3.46950000E-007	-2.54090000E-005	2.70000000E+000	-3.60000000E-012	3.54540000E-007	2.54450000E-005	-2.00000000E+000	1.00000000E+000	4.00000000E+000	-2.13000000E-011	-5.97990000E-011	3.01000000E-011	*
3.39500000E-011	-3.65790000E-007	-2.58200000E-005	2.80000000E+000	5.64990000E-012	3.61500000E-007	2.57700000E-005	-2.00000000E+000	1.00000000E+000	4.00000000E+000	-5.79500000E-011	-7.35010000E-012	1.43000000E-011	*
3.24010000E-011	-3.80390000E-007	-2.62850000E-005	2.90000000E+000	2.50000000E-011	3.85190000E-007	2.62650000E-005	-2.00000000E+000	1.00000000E+000	4.00000000E+000	-5.90500000E-011	3.24010000E-011	-3.09500000E-011	*
6.55010000E-012	-4.15890000E-007	-2.66140000E-005	3.00000000E+000	1.76500000E-011	4.26590000E-007	2.66800000E-005	-2.00000000E+000	1.00000000E+000	4.00000000E+000	-9.15000000E-012	3.83500000E-011	-7.06990000E-011	*
-2.20500000E-011	-4.15590000E-007	-2.71600000E-005	3.10000000E+000	1.09000000E-011	4.17350000E-007	2.71840000E-005	-2.00000000E+000	1.00000000E+000	4.00000000E+000	2.84500000E-011	5.50000000E-013	-5.90990000E-011	*
-2.54990000E-011	-4.30940000E-007	-2.76850000E-005	3.20000000E+000	-1.90000000E-012	4.27000000E-007	2.76400000E-005	-2.00000000E+000	1.00000000E+000	4.00000000E+000	3.61510000E-011	-4.41500000E-011	-1.89000000E-011	*
-1.17500000E-011	-4.65300000E-007	-2.81550000E-005	3.30000000E+000	-7.25000000E-012	4.70740000E-007	2.81100000E-005	-2.00000000E+000	1.00000000E+000	4.00000000E+000	1.95500000E-011	-6.02500000E-011	1.82000000E-011	*
1.29500000E-011	-4.74290000E-007	-2.84990000E-005	3.40000000E+000	-1.00000000E-013	4.71050000E-007	2.86090000E-005	-2.00000000E+000	1.00000000E+000	4.00000000E+000	-1.97000000E-011	-5.49500000E-011	3.29500000E-011	*
3.36000000E-011	-5.11030000E-007	-2.88900000E-005	3.50000000E+000	5.75010000E-012	4.91650000E-007	2.89340000E-005	-2.00000000E+000	1.00000000E+000	4.00000000E+000	-6.53490000E-011	-1.59990000E-012	-2.95000000E-012	*
3.75010000E-011	-5.34840000E-007	-2.92550000E-005	3.60000000E+000	1.66500000E-011	5.33790000E-007	2.92550000E-005	-2.00000000E+000	1.00000000E+000	4.00000000E+000	-5.51010000E-011	4.81000000E-011	-3.19990000E-011	*
1.33500000E-011	-5.66880000E-007	-2.96450000E-005	3.70000000E+000	2.64500000E-011	5.54980000E-007	2.96640000E-005	-2.00000000E+000	1.00000000E+000	4.00000000E+000	-2.61000000E-011	3.40000000E-011	-5.51010000E-011	*
-1.78500000E-011	-5.79540000E-007	-3.01500000E-005	3.80000000E+000	1.10500000E-011	5.86030000E-007	3.01140000E-005	-2.00000000E+000	1.00000000E+000	4.00000000E+000	2.10000000E-011	-4.15000000E-012	-6.21510000E-011	*
-2.39000000E-011	-6.09840000E-007	-3.04240000E-005	3.90000000E+000	2.25000000E-012	6.11180000E-007	3.04650000E-005	-2.00000000E+000	1.00000000E+000	4.00000000E+000	4.81500000E-011	-4.38000000E-011	1.50000000E-013	*
-1.38000000E-011	-6.43250000E-007	-3.08490000E-005	4.00000000E+000	-6.55010000E-012	6.31350000E-007	3.08400000E-005	-2.00000000E+000	1.00000000E+000	4.00000000E+000	1.97490000E-011	-6.18000000E-011	2.53000000E-011	*
1.20500000E-011	-6.68340000E-007	-3.10090000E-005	4.10000000E+000	5.99990000E-013	6.71280000E-007	3.09550000E-005	-2.00000000E+000	1.00000000E+000	4.00000000E+000	-2.30000000E-011	-5.48010000E-011	3.16990000E-011	*
3.60990000E-011	-6.89500000E-007	-3.15940000E-005	4.20000000E+000	9.59990000E-012	6.85420000E-007	3.14840000E-005	-2.00000000E+000	1.00000000E+000	4.00000000E+000	-6.63010000E-011	-2.35000000E-012	-7.99970000E-013	*
3.16000000E-011	-6.93220000E-007	-3.18750000E-005	4.30000000E+000	2.53000000E-011	6.89880000E-007	3.18250000E-005	-2.00000000E+000	1.00000000E+000	4.00000000E+000	-6.48510000E-011	3.47000000E-011	-4.48000000E-011	*
2.20000000E-012	-7.36880000E-007	-3.23190000E-005	4.40000000E+000	2.58000000E-011	7.36530000E-007	3.22950000E-005	-2.00000000E+000	1.00000000E+000	4.00000000E+000	-1.51000000E-011	4.44000000E-011	-5.27510000E-011	*
-2.20000000E-011	-7.41880000E-007	-3.25550000E-005	4.50000000E+000	1.63000000E-011	7.43080000E-007	3.25650000E-005	-2.00000000E+000	1.00000000E+000	4.00000000E+000	2.12000000E-011	-1.10000000E-011	-3.02500000E-011	*
-2.74500000E-011	-7.67440000E-007	-3.29740000E-005	4.60000000E+000	1.05500000E-011	7.73550000E-007	3.29000000E-005	-2.00000000E+000	1.00000000E+000	4.00000000E+000	3.29500000E-011	-5.53990000E-011	1.37500000E-011	*
-5.89990000E-012	-8.04340000E-007	-3.31700000E-005	4.70000000E+000	7.70000000E-012	7.95290000E-007	3.33340000E-005	-2.00000000E+000	1.00000000E+000	4.00000000E+000	4.75000000E-012	-4.92000000E-011	4.26500000E-011	*
1.56000000E-011	-8.56930000E-007	-3.35650000E-005	4.80000000E+000	1.04500000E-011	8.50470000E-007	3.36100000E-005	-2.00000000E+000	1.00000000E+000	4.00000000E+000	-3.53990000E-011	-3.29000000E-011	2.88000000E-011	*
3.40000000E-011	-8.88280000E-007	-3.39840000E-005	4.90000000E+000	3.35500000E-011	8.83790000E-007	3.40340000E-005	-2.00000000E+000	1.00000000E+000	4.00000000E+000	-7.99500000E-011	1.32000000E-011	-1.67500000E-011	*
3.24010000E-011	-9.24540000E-007	-3.44350000E-005	5.00000000E+000	4.71000000E-011	9.16480000E-007	3.44700000E-005	-2.00000000E+000	1.00000000E+000	4.00000000E+000	-9.66510000E-011	4.65000000E-011	-4.78500000E-011	*

TEST RESULTS:  OUTPUT  04/28/2025  16:31:29


