ATTRIBUTES:

Attribute #1:C:\Metrics\ics\projects\6.2600J_S25\transistor_measurement.ics
Attribute #2:Test
Attribute #3:dev1
Attribute #4:PASSED
SETUP:TRANSFER  04/28/2025  16:23:56
DATE:04/28/2025
TIME:16:23:56

CONDITIONS:

ID:	D	
UNIT:	SMU2	
MODE: STEP	
START:	0.5	
STOP:	5	
PNTS:	2	
STEP:	4.5

ID:	G	
UNIT:	SMU4	
MODE: SWEEP	
START:	-2	
STOP:	4	
PNTS:	61	
STEP:	0.1

ID:	S	
UNIT:	SMU1	
MODE: CONST	
VALUE:	0

DATA:  TRANSFER  04/28/2025  16:23:56

IS	IS2	VD	VD2	ID	ID2	VG	IG	IG2	ACCSTRESS
3.46500000E-011	1.77500000E-011	5.00000000E-001	5.00000000E+000	1.29000000E-011	2.09500000E-011	-2.00000000E+000	6.19990000E-012	-2.70000000E-012	0.00000000E+000
-2.87000000E-011	-2.94010000E-011	5.00000000E-001	5.00000000E+000	-1.25000000E-011	7.35010000E-012	-1.90000000E+000	6.55010000E-012	8.35020000E-012	*
-1.69000000E-011	-2.88500000E-011	5.00000000E-001	5.00000000E+000	-7.35010000E-012	-5.64990000E-012	-1.80000000E+000	5.69990000E-012	3.65000000E-012	*
1.58490000E-011	-1.07500000E-011	5.00000000E-001	5.00000000E+000	-5.50000000E-012	-2.00000000E-012	-1.70000000E+000	-8.45010000E-012	-1.65000000E-012	*
3.41010000E-011	2.06000000E-011	5.00000000E-001	5.00000000E+000	3.74990000E-012	5.20000000E-012	-1.60000000E+000	-7.25000000E-012	-4.95000000E-012	*
1.95000000E-011	3.44510000E-011	5.00000000E-001	5.00000000E+000	1.56500000E-011	1.27000000E-011	-1.50000000E+000	8.45010000E-012	-6.19990000E-012	*
-3.69990000E-012	2.44000000E-011	5.00000000E-001	5.00000000E+000	1.29500000E-011	1.67000000E-011	-1.40000000E+000	-1.99990000E-013	-2.90000000E-012	*
-2.64500000E-011	-2.55000000E-012	5.00000000E-001	5.00000000E+000	-4.90010000E-012	1.85000000E-011	-1.30000000E+000	5.85000000E-012	3.00000000E-013	*
-2.96000000E-011	-3.37510000E-011	5.00000000E-001	5.00000000E+000	-9.90010000E-012	5.15010000E-012	-1.20000000E+000	1.30000000E-011	9.69980000E-012	*
-9.30010000E-012	-3.16000000E-011	5.00000000E-001	5.00000000E+000	-1.37500000E-011	-7.85010000E-012	-1.10000000E+000	2.40000000E-012	8.35020000E-012	*
1.85000000E-011	-5.60000000E-012	5.00000000E-001	5.00000000E+000	-7.45000000E-012	-3.80010000E-012	-1.00000000E+000	-2.35000000E-012	9.99980000E-013	*
3.07510000E-011	2.11500000E-011	5.00000000E-001	5.00000000E+000	1.17000000E-011	-9.50020000E-013	-9.00000000E-001	1.10000000E-012	5.25000000E-012	*
2.42000000E-011	3.05000000E-011	5.00000000E-001	5.00000000E+000	1.14500000E-011	1.15000000E-011	-8.00000000E-001	-3.15000000E-012	-2.95000000E-012	*
-9.30010000E-012	1.78000000E-011	5.00000000E-001	5.00000000E+000	1.00000000E-011	2.04000000E-011	-7.00000000E-001	-5.50000000E-013	-6.74990000E-012	*
-2.75000000E-011	-1.11000000E-011	5.00000000E-001	5.00000000E+000	-7.99970000E-013	1.48500000E-011	-6.00000000E-001	1.24500000E-011	1.19500000E-011	*
-3.55010000E-011	-2.81500000E-011	5.00000000E-001	5.00000000E+000	-1.40000000E-011	4.10010000E-012	-5.00000000E-001	1.37500000E-011	8.74990000E-012	*
-2.53500000E-011	-2.69000000E-011	5.00000000E-001	5.00000000E+000	1.17500000E-011	-1.30000000E-012	-4.00000000E-001	1.84000000E-011	7.99980000E-012	*
-5.17510000E-011	-6.35000000E-012	5.00000000E-001	5.00000000E+000	6.38490000E-011	-6.79990000E-012	-3.00000000E-001	6.60010000E-012	1.15500000E-011	*
-1.52700000E-010	1.35500000E-011	5.00000000E-001	5.00000000E+000	1.91150000E-010	6.70000000E-012	-2.00000000E-001	-1.59990000E-012	1.75000000E-012	*
-3.60740000E-010	-9.44970000E-012	5.00000000E-001	5.00000000E+000	3.95700000E-010	4.67500000E-011	-1.00000000E-001	4.65010000E-012	-2.80000000E-012	*
-7.35300000E-010	-8.31020000E-011	5.00000000E-001	5.00000000E+000	7.42750000E-010	1.22000000E-010	0.00000000E+000	7.74980000E-012	3.35000000E-012	*
-1.06850000E-009	-2.34290000E-010	5.00000000E-001	5.00000000E+000	9.67640000E-010	2.32900000E-010	1.00000000E-001	-1.00000000E-011	1.53000000E-011	*
-1.59600000E-009	-4.63900000E-010	5.00000000E-001	5.00000000E+000	1.62900000E-009	4.23850000E-010	2.00000000E-001	2.45000000E-012	1.59000000E-011	*
-2.69890000E-009	-8.07660000E-010	5.00000000E-001	5.00000000E+000	2.70290000E-009	7.71760000E-010	3.00000000E-001	1.42000000E-011	1.56500000E-011	*
-4.31900000E-009	-1.09500000E-009	5.00000000E-001	5.00000000E+000	4.28480000E-009	1.02850000E-009	4.00000000E-001	1.48500000E-011	-1.04500000E-011	*
-6.75480000E-009	-1.72250000E-009	5.00000000E-001	5.00000000E+000	6.75730000E-009	1.76540000E-009	5.00000000E-001	1.59500000E-011	-3.80010000E-012	*
-9.84570000E-009	-3.03190000E-009	5.00000000E-001	5.00000000E+000	9.52650000E-009	3.04940000E-009	6.00000000E-001	5.00000000E-012	-1.99990000E-013	*
-1.24400000E-008	-5.13680000E-009	5.00000000E-001	5.00000000E+000	1.19550000E-008	5.12480000E-009	7.00000000E-001	-1.10500000E-011	1.08000000E-011	*
-1.78500000E-008	-8.49970000E-009	5.00000000E-001	5.00000000E+000	1.78450000E-008	8.49010000E-009	8.00000000E-001	5.15010000E-012	7.20000000E-012	*
-2.79400000E-008	-1.17100000E-008	5.00000000E-001	5.00000000E+000	2.78400000E-008	1.14100000E-008	9.00000000E-001	1.18000000E-011	5.25000000E-012	*
-4.31790000E-008	-1.79500000E-008	5.00000000E-001	5.00000000E+000	4.34790000E-008	1.79300000E-008	1.00000000E+000	1.72500000E-011	2.00000000E-013	*
-6.64510000E-008	-2.90250000E-008	5.00000000E-001	5.00000000E+000	6.68190000E-008	2.90800000E-008	1.10000000E+000	2.26500000E-011	-3.10000000E-012	*
-1.02190000E-007	-4.67410000E-008	5.00000000E-001	5.00000000E+000	1.01350000E-007	4.66010000E-008	1.20000000E+000	1.26000000E-011	-3.00010000E-012	*
-1.22100000E-007	-7.45060000E-008	5.00000000E-001	5.00000000E+000	1.15350000E-007	7.42550000E-008	1.30000000E+000	-5.00000000E-012	5.39990000E-012	*
-1.61250000E-007	-9.28080000E-008	5.00000000E-001	5.00000000E+000	1.61300000E-007	9.02550000E-008	1.40000000E+000	3.80010000E-012	-1.50000000E-013	*
-2.48790000E-007	-1.17750000E-007	5.00000000E-001	5.00000000E+000	2.48900000E-007	1.18100000E-007	1.50000000E+000	1.84500000E-011	-2.90000000E-012	*
-3.77900000E-007	-1.78890000E-007	5.00000000E-001	5.00000000E+000	3.76090000E-007	1.78350000E-007	1.60000000E+000	1.73000000E-011	1.00500000E-011	*
-5.56440000E-007	-2.84750000E-007	5.00000000E-001	5.00000000E+000	5.52240000E-007	2.84390000E-007	1.70000000E+000	1.71500000E-011	4.60010000E-012	*
-8.09640000E-007	-4.40240000E-007	5.00000000E-001	5.00000000E+000	8.06140000E-007	4.40890000E-007	1.80000000E+000	-1.15000000E-012	7.95010000E-012	*
-8.95490000E-007	-6.84030000E-007	5.00000000E-001	5.00000000E+000	8.63040000E-007	6.81030000E-007	1.90000000E+000	5.75010000E-012	1.04500000E-011	*
-9.81850000E-007	-1.03060000E-006	5.00000000E-001	5.00000000E+000	9.57980000E-007	1.02980000E-006	2.00000000E+000	6.99990000E-013	3.15000000E-012	*
-1.11600000E-006	-1.28450000E-006	5.00000000E-001	5.00000000E+000	1.08850000E-006	1.27400000E-006	2.10000000E+000	-2.90000000E-012	7.70000000E-012	*
-1.48800000E-006	-1.75850000E-006	5.00000000E-001	5.00000000E+000	1.49100000E-006	1.74950000E-006	2.20000000E+000	6.99990000E-012	1.45000000E-011	*
-2.16600000E-006	-2.64690000E-006	5.00000000E-001	5.00000000E+000	2.17390000E-006	2.64040000E-006	2.30000000E+000	1.05500000E-011	2.00000000E-013	*
-3.06700000E-006	-3.91250000E-006	5.00000000E-001	5.00000000E+000	3.04750000E-006	3.91600000E-006	2.40000000E+000	2.27990000E-011	-6.30010000E-012	*
-4.23750000E-006	-5.67250000E-006	5.00000000E-001	5.00000000E+000	4.23010000E-006	5.64290000E-006	2.50000000E+000	9.24990000E-012	6.49990000E-012	*
-5.67340000E-006	-8.01540000E-006	5.00000000E-001	5.00000000E+000	5.65640000E-006	8.03080000E-006	2.60000000E+000	1.18000000E-011	8.59980000E-012	*
-7.39100000E-006	-9.05530000E-006	5.00000000E-001	5.00000000E+000	7.36400000E-006	8.77540000E-006	2.70000000E+000	8.65000000E-012	7.74980000E-012	*
-9.39980000E-006	-1.01630000E-005	5.00000000E-001	5.00000000E+000	9.34400000E-006	9.96240000E-006	2.80000000E+000	4.70000000E-012	4.45000000E-012	*
-9.72300000E-006	-1.16850000E-005	5.00000000E-001	5.00000000E+000	9.47390000E-006	1.15200000E-005	2.90000000E+000	-2.49990000E-013	-7.50010000E-013	*
-1.03370000E-005	-1.52000000E-005	5.00000000E-001	5.00000000E+000	1.03350000E-005	1.52150000E-005	3.00000000E+000	-5.34990000E-012	1.76500000E-011	*
-1.25000000E-005	-2.10450000E-005	5.00000000E-001	5.00000000E+000	1.24850000E-005	2.09900000E-005	3.10000000E+000	9.15000000E-012	1.45000000E-011	*
-1.52700000E-005	-2.83490000E-005	5.00000000E-001	5.00000000E+000	1.52750000E-005	2.84500000E-005	3.20000000E+000	1.02500000E-011	1.44000000E-011	*
-1.80650000E-005	-3.70590000E-005	5.00000000E-001	5.00000000E+000	1.80350000E-005	3.69790000E-005	3.30000000E+000	1.06000000E-011	-4.75000000E-012	*
-2.08240000E-005	-4.69700000E-005	5.00000000E-001	5.00000000E+000	2.07750000E-005	4.68850000E-005	3.40000000E+000	8.55000000E-012	9.74990000E-012	*
-2.33990000E-005	-5.77700000E-005	5.00000000E-001	5.00000000E+000	2.33740000E-005	5.76790000E-005	3.50000000E+000	1.65000000E-012	7.89990000E-012	*
-2.58900000E-005	-6.87720000E-005	5.00000000E-001	5.00000000E+000	2.58350000E-005	6.86910000E-005	3.60000000E+000	6.60010000E-012	1.35000000E-012	*
-2.81550000E-005	-8.05330000E-005	5.00000000E-001	5.00000000E+000	2.81100000E-005	8.04100000E-005	3.70000000E+000	1.43000000E-011	1.18000000E-011	*
-3.02450000E-005	-9.20300000E-005	5.00000000E-001	5.00000000E+000	3.01940000E-005	9.18950000E-005	3.80000000E+000	1.93990000E-011	9.80010000E-012	*
-3.21850000E-005	-1.03470000E-004	5.00000000E-001	5.00000000E+000	3.21400000E-005	1.03370000E-004	3.90000000E+000	1.83500000E-011	7.85010000E-012	*
-3.39750000E-005	-1.03650000E-004	5.00000000E-001	5.00000000E+000	3.39150000E-005	1.02650000E-004	4.00000000E+000	1.26000000E-011	-1.59990000E-012	*

TEST RESULTS:  TRANSFER  04/28/2025  16:23:56


SETUP:OUTPUT  04/28/2025  16:24:38
DATE:04/28/2025
TIME:16:24:38

CONDITIONS:

ID:	D	
UNIT:	SMU2	
MODE: SWEEP	
START:	0	
STOP:	5	
PNTS:	51	
STEP:	0.1

ID:	G	
UNIT:	SMU4	
MODE: STEP	
START:	-2	
STOP:	4	
PNTS:	3	
STEP:	3

ID:	S	
UNIT:	SMU1	
MODE: CONST	
VALUE:	0

DATA:  OUTPUT  04/28/2025  16:24:38

IS	IS2	IS3	VD	ID	ID2	ID3	VG	VG2	VG3	IG	IG2	IG3	ACCSTRESS
-5.39990000E-012	1.54500000E-011	-1.80050000E-008	0.00000000E+000	1.05000000E-012	1.19000000E-011	1.64650000E-008	-2.00000000E+000	1.00000000E+000	4.00000000E+000	-1.70000000E-012	1.24000000E-011	-6.79990000E-012	0.00000000E+000
2.43000000E-011	-3.43340000E-009	-6.16650000E-006	1.00000000E-001	-4.54990000E-012	3.41990000E-009	6.07200000E-006	-2.00000000E+000	1.00000000E+000	4.00000000E+000	-2.75000000E-012	8.05000000E-012	-1.45000000E-012	*
3.25000000E-011	-6.09970000E-009	-1.05100000E-005	2.00000000E-001	8.05000000E-012	6.09000000E-009	1.05000000E-005	-2.00000000E+000	1.00000000E+000	4.00000000E+000	-1.10000000E-011	5.75010000E-012	1.14000000E-011	*
2.57500000E-011	-8.38600000E-009	-1.50600000E-005	3.00000000E-001	1.33500000E-011	8.36600000E-009	1.50450000E-005	-2.00000000E+000	1.00000000E+000	4.00000000E+000	-1.85490000E-011	7.29990000E-012	2.34500000E-011	*
-4.24990000E-012	-1.02440000E-008	-1.92300000E-005	4.00000000E-001	1.31000000E-011	1.02750000E-008	1.92050000E-005	-2.00000000E+000	1.00000000E+000	4.00000000E+000	-3.10000000E-012	-7.54990000E-012	-4.99990000E-013	*
-2.73000000E-011	-1.18750000E-008	-2.30300000E-005	5.00000000E-001	1.25000000E-012	1.19250000E-008	2.30450000E-005	-2.00000000E+000	1.00000000E+000	4.00000000E+000	4.65010000E-012	2.60000000E-012	1.41000000E-011	*
-3.16990000E-011	-1.34550000E-008	-2.65500000E-005	6.00000000E-001	-6.90000000E-012	1.34350000E-008	2.65150000E-005	-2.00000000E+000	1.00000000E+000	4.00000000E+000	3.35000000E-012	-9.99980000E-013	-1.53000000E-011	*
-9.55010000E-012	-1.47850000E-008	-2.97150000E-005	7.00000000E-001	-1.09000000E-011	1.46850000E-008	2.97150000E-005	-2.00000000E+000	1.00000000E+000	4.00000000E+000	4.84990000E-012	1.55000000E-012	1.95000000E-012	*
1.27500000E-011	-1.59750000E-008	-3.26240000E-005	8.00000000E-001	-5.00000000E-012	1.58900000E-008	3.26040000E-005	-2.00000000E+000	1.00000000E+000	4.00000000E+000	-1.12000000E-011	-6.44990000E-012	9.90010000E-012	*
3.09500000E-011	-1.68700000E-008	-3.51590000E-005	9.00000000E-001	4.20000000E-012	1.68800000E-008	3.51740000E-005	-2.00000000E+000	1.00000000E+000	4.00000000E+000	-9.69980000E-012	-5.39990000E-012	8.90000000E-012	*
2.45500000E-011	-1.74800000E-008	-3.75640000E-005	1.00000000E+000	1.41000000E-011	1.75950000E-008	3.75250000E-005	-2.00000000E+000	1.00000000E+000	4.00000000E+000	-1.03500000E-011	1.25000000E-012	1.99500000E-011	*
-5.99990000E-013	-1.78650000E-008	-3.97000000E-005	1.10000000E+000	1.64500000E-011	1.80200000E-008	3.96800000E-005	-2.00000000E+000	1.00000000E+000	4.00000000E+000	-9.00000000E-013	6.55010000E-012	5.25000000E-012	*
-2.35500000E-011	-1.79050000E-008	-4.15950000E-005	1.20000000E+000	4.40000000E-012	1.79150000E-008	4.15890000E-005	-2.00000000E+000	1.00000000E+000	4.00000000E+000	1.25000000E-011	2.70000000E-012	-5.50000000E-013	*
-2.80000000E-011	-1.80100000E-008	-4.33250000E-005	1.30000000E+000	-1.16000000E-011	1.79850000E-008	4.32950000E-005	-2.00000000E+000	1.00000000E+000	4.00000000E+000	3.25000000E-012	9.65010000E-012	-1.05000000E-011	*
-1.73500000E-011	-1.78400000E-008	-4.47850000E-005	1.40000000E+000	8.49980000E-013	1.78050000E-008	4.47500000E-005	-2.00000000E+000	1.00000000E+000	4.00000000E+000	-6.50000000E-013	-1.25000000E-012	-6.24990000E-012	*
1.57500000E-011	-1.78400000E-008	-4.61300000E-005	1.50000000E+000	-3.74990000E-012	1.78900000E-008	4.60800000E-005	-2.00000000E+000	1.00000000E+000	4.00000000E+000	-6.65000000E-012	-1.45000000E-012	7.49980000E-012	*
3.14010000E-011	-1.78250000E-008	-4.72850000E-005	1.60000000E+000	1.01500000E-011	1.77100000E-008	4.72590000E-005	-2.00000000E+000	1.00000000E+000	4.00000000E+000	-1.14500000E-011	-2.70000000E-012	5.50000000E-013	*
2.58490000E-011	-1.77550000E-008	-4.83750000E-005	1.70000000E+000	1.61500000E-011	1.77400000E-008	4.83240000E-005	-2.00000000E+000	1.00000000E+000	4.00000000E+000	-8.74990000E-012	2.90000000E-012	1.15000000E-011	*
9.00000000E-013	-1.74900000E-008	-4.91550000E-005	1.80000000E+000	1.34500000E-011	1.76200000E-008	4.91850000E-005	-2.00000000E+000	1.00000000E+000	4.00000000E+000	-4.20000000E-012	3.99990000E-012	7.39980000E-012	*
-2.46490000E-011	-1.75600000E-008	-4.98890000E-005	1.90000000E+000	4.50000000E-012	1.75750000E-008	4.98740000E-005	-2.00000000E+000	1.00000000E+000	4.00000000E+000	5.09990000E-012	6.79990000E-012	-1.13500000E-011	*
-2.80490000E-011	-1.74100000E-008	-5.03790000E-005	2.00000000E+000	-6.15000000E-012	1.73750000E-008	5.04440000E-005	-2.00000000E+000	1.00000000E+000	4.00000000E+000	7.60010000E-012	6.35000000E-012	-4.54990000E-012	*
-9.44970000E-012	-1.73300000E-008	-5.08650000E-005	2.10000000E+000	-6.95000000E-012	1.73000000E-008	5.08650000E-005	-2.00000000E+000	1.00000000E+000	4.00000000E+000	-7.10010000E-012	-5.30000000E-012	-6.19990000E-012	*
1.37000000E-011	-1.72850000E-008	-5.12840000E-005	2.20000000E+000	-1.80000000E-012	1.72800000E-008	5.12300000E-005	-2.00000000E+000	1.00000000E+000	4.00000000E+000	-1.65000000E-012	-8.55000000E-012	3.45000000E-012	*
3.19990000E-011	-1.70600000E-008	-5.14650000E-005	2.30000000E+000	1.25500000E-011	1.71400000E-008	5.14850000E-005	-2.00000000E+000	1.00000000E+000	4.00000000E+000	-1.31000000E-011	-1.10000000E-012	7.15000000E-012	*
2.21000000E-011	-1.70500000E-008	-5.15340000E-005	2.40000000E+000	1.68000000E-011	1.71400000E-008	5.15340000E-005	-2.00000000E+000	1.00000000E+000	4.00000000E+000	-9.80010000E-012	-4.90010000E-012	-2.14990000E-012	*
-3.35000000E-012	-1.68600000E-008	-5.16340000E-005	2.50000000E+000	1.64500000E-011	1.69650000E-008	5.15900000E-005	-2.00000000E+000	1.00000000E+000	4.00000000E+000	-1.59990000E-012	3.35000000E-012	-9.34980000E-012	*
-2.08500000E-011	-1.68750000E-008	-5.16190000E-005	2.60000000E+000	1.33500000E-011	1.69600000E-008	5.15540000E-005	-2.00000000E+000	1.00000000E+000	4.00000000E+000	3.45000000E-012	4.75000000E-012	2.00000000E-012	*
-2.92000000E-011	-1.69950000E-008	-5.15390000E-005	2.70000000E+000	-9.15000000E-012	1.67700000E-008	5.14740000E-005	-2.00000000E+000	1.00000000E+000	4.00000000E+000	7.60010000E-012	3.00010000E-012	-1.14500000E-011	*
-1.66500000E-011	-1.67750000E-008	-5.14140000E-005	2.80000000E+000	-1.81500000E-011	1.67200000E-008	5.12990000E-005	-2.00000000E+000	1.00000000E+000	4.00000000E+000	1.90000000E-012	-1.80000000E-012	-2.60000000E-012	*
7.54990000E-012	-1.66400000E-008	-5.13100000E-005	2.90000000E+000	3.00000000E-013	1.66250000E-008	5.12340000E-005	-2.00000000E+000	1.00000000E+000	4.00000000E+000	-7.39980000E-012	-9.34980000E-012	7.99980000E-012	*
2.85490000E-011	-1.67100000E-008	-5.09300000E-005	3.00000000E+000	-1.16500000E-011	1.67350000E-008	5.09540000E-005	-2.00000000E+000	1.00000000E+000	4.00000000E+000	-1.28500000E-011	-4.20000000E-012	1.21000000E-011	*
2.94010000E-011	-1.64500000E-008	-5.07890000E-005	3.10000000E+000	2.77500000E-011	1.65400000E-008	5.08650000E-005	-2.00000000E+000	1.00000000E+000	4.00000000E+000	-1.02500000E-011	-4.84990000E-012	-1.45000000E-012	*
5.25000000E-012	-1.64850000E-008	-5.05300000E-005	3.20000000E+000	2.98500000E-011	1.65550000E-008	5.04590000E-005	-2.00000000E+000	1.00000000E+000	4.00000000E+000	-3.90000000E-012	2.90000000E-012	-6.35000000E-012	*
-1.69500000E-011	-1.66350000E-008	-5.01890000E-005	3.30000000E+000	5.69990000E-012	1.65650000E-008	5.01950000E-005	-2.00000000E+000	1.00000000E+000	4.00000000E+000	6.19990000E-012	5.20000000E-012	-1.50000000E-011	*
-2.99000000E-011	-1.64750000E-008	-4.98650000E-005	3.40000000E+000	4.95000000E-012	1.64200000E-008	4.98890000E-005	-2.00000000E+000	1.00000000E+000	4.00000000E+000	5.39990000E-012	7.50010000E-013	-8.49980000E-013	*
-1.74500000E-011	-1.64550000E-008	-4.95440000E-005	3.50000000E+000	-1.22500000E-011	1.64350000E-008	4.95300000E-005	-2.00000000E+000	1.00000000E+000	4.00000000E+000	1.30000000E-012	-3.00010000E-012	9.69980000E-012	*
8.45010000E-012	-1.63850000E-008	-4.92540000E-005	3.60000000E+000	-1.14500000E-011	1.63300000E-008	4.92040000E-005	-2.00000000E+000	1.00000000E+000	4.00000000E+000	-7.15000000E-012	-6.00010000E-012	1.35000000E-012	*
3.15500000E-011	-1.62050000E-008	-4.88350000E-005	3.70000000E+000	3.20000000E-012	1.63300000E-008	4.87700000E-005	-2.00000000E+000	1.00000000E+000	4.00000000E+000	-1.39500000E-011	-5.85000000E-012	7.49980000E-012	*
3.05000000E-011	-1.62900000E-008	-4.84550000E-005	3.80000000E+000	1.88000000E-011	1.63750000E-008	4.84700000E-005	-2.00000000E+000	1.00000000E+000	4.00000000E+000	-3.05000000E-012	5.00000000E-012	3.00000000E-013	*
4.15000000E-012	-1.62350000E-008	-4.82240000E-005	3.90000000E+000	2.12500000E-011	1.62750000E-008	4.81700000E-005	-2.00000000E+000	1.00000000E+000	4.00000000E+000	3.45000000E-012	2.20000000E-012	-1.20500000E-011	*
-2.41490000E-011	-1.61750000E-008	-4.77900000E-005	4.00000000E+000	6.70000000E-012	1.61100000E-008	4.77790000E-005	-2.00000000E+000	1.00000000E+000	4.00000000E+000	-1.15000000E-012	2.14990000E-012	-1.06000000E-011	*
-3.24500000E-011	-1.61100000E-008	-4.74600000E-005	4.10000000E+000	-3.30000000E-012	1.60500000E-008	4.74600000E-005	-2.00000000E+000	1.00000000E+000	4.00000000E+000	-5.45010000E-012	3.85000000E-012	-1.61000000E-011	*
-2.43000000E-011	-1.61250000E-008	-4.70690000E-005	4.20000000E+000	-8.95020000E-012	1.60800000E-008	4.69740000E-005	-2.00000000E+000	1.00000000E+000	4.00000000E+000	2.25000000E-012	-2.35000000E-012	3.25000000E-012	*
7.70000000E-012	-1.59850000E-008	-4.67450000E-005	4.30000000E+000	3.20000000E-012	1.59700000E-008	4.66650000E-005	-2.00000000E+000	1.00000000E+000	4.00000000E+000	-4.29990000E-012	-7.79990000E-012	2.90000000E-012	*
3.16990000E-011	-1.59150000E-008	-4.64190000E-005	4.40000000E+000	7.64990000E-012	1.59750000E-008	4.63800000E-005	-2.00000000E+000	1.00000000E+000	4.00000000E+000	-1.70500000E-011	5.30000000E-012	7.29990000E-012	*
2.68000000E-011	-1.57650000E-008	-4.60090000E-005	4.50000000E+000	2.34000000E-011	1.58000000E-008	4.59740000E-005	-2.00000000E+000	1.00000000E+000	4.00000000E+000	-1.04500000E-011	1.60000000E-012	-6.70000000E-012	*
-9.50020000E-013	-1.57900000E-008	-4.56550000E-005	4.60000000E+000	1.51500000E-011	1.57500000E-008	4.56350000E-005	-2.00000000E+000	1.00000000E+000	4.00000000E+000	-2.55000000E-012	8.80000000E-012	-1.00000000E-011	*
-2.31500000E-011	-1.57500000E-008	-4.54390000E-005	4.70000000E+000	9.65010000E-012	1.57350000E-008	4.53590000E-005	-2.00000000E+000	1.00000000E+000	4.00000000E+000	1.55000000E-012	3.85000000E-012	1.50000000E-013	*
-2.99990000E-011	-1.57700000E-008	-4.50200000E-005	4.80000000E+000	1.65000000E-012	1.57400000E-008	4.49640000E-005	-2.00000000E+000	1.00000000E+000	4.00000000E+000	5.80000000E-012	2.55000000E-012	-1.80000000E-012	*
-1.85490000E-011	-1.56800000E-008	-4.46640000E-005	4.90000000E+000	-9.80010000E-012	1.57200000E-008	4.47890000E-005	-2.00000000E+000	1.00000000E+000	4.00000000E+000	4.50000000E-013	-3.55010000E-012	1.30500000E-011	*
1.38500000E-011	-1.56300000E-008	-4.42550000E-005	5.00000000E+000	6.05010000E-012	1.56400000E-008	4.42840000E-005	-2.00000000E+000	1.00000000E+000	4.00000000E+000	-8.95020000E-012	-1.26000000E-011	3.90000000E-012	*

TEST RESULTS:  OUTPUT  04/28/2025  16:24:38


