ATTRIBUTES:

Attribute #1:C:\Metrics\ics\projects\6.2600J_S25\transistor_measurement.ics
Attribute #2:Test
Attribute #3:dev1
Attribute #4:PASSED
SETUP:TRANSFER  04/28/2025  15:44:15
DATE:04/28/2025
TIME:15:44:15

CONDITIONS:

ID:	D	
UNIT:	SMU2	
MODE: STEP	
START:	0.5	
STOP:	5	
PNTS:	2	
STEP:	4.5

ID:	G	
UNIT:	SMU4	
MODE: SWEEP	
START:	-2	
STOP:	4	
PNTS:	61	
STEP:	0.1

ID:	S	
UNIT:	SMU1	
MODE: CONST	
VALUE:	0

DATA:  TRANSFER  04/28/2025  15:44:15

IS	IS2	VD	VD2	ID	ID2	VG	IG	IG2	ACCSTRESS
-2.01500000E-011	-3.65000000E-012	5.00000000E-001	5.00000000E+000	-4.79990000E-012	9.14510000E-011	-2.00000000E+000	-1.66000000E-011	-7.79000000E-011	0.00000000E+000
-7.10010000E-012	-1.54500000E-011	5.00000000E-001	5.00000000E+000	1.29500000E-011	6.15510000E-011	-1.90000000E+000	5.00510000E-011	-2.96000000E-011	*
-3.46500000E-011	-3.43000000E-011	5.00000000E-001	5.00000000E+000	-3.80010000E-012	2.59990000E-011	-1.80000000E+000	6.58990000E-011	5.00000000E-014	*
-3.80990000E-011	-2.73500000E-011	5.00000000E-001	5.00000000E+000	-1.03000000E-011	1.28000000E-011	-1.70000000E+000	6.04500000E-011	1.40500000E-011	*
-1.86500000E-011	-4.60010000E-012	5.00000000E-001	5.00000000E+000	-1.45000000E-011	1.06000000E-011	-1.60000000E+000	5.17510000E-011	2.27500000E-011	*
6.55010000E-012	2.46490000E-011	5.00000000E-001	5.00000000E+000	-4.40000000E-012	1.39500000E-011	-1.50000000E+000	3.59000000E-011	1.20500000E-011	*
2.59990000E-011	2.06500000E-011	5.00000000E-001	5.00000000E+000	2.30000000E-012	2.50000000E-011	-1.40000000E+000	3.61510000E-011	3.36000000E-011	*
1.43000000E-011	-4.95000000E-012	5.00000000E-001	5.00000000E+000	1.59000000E-011	1.95000000E-011	-1.30000000E+000	4.74000000E-011	4.27500000E-011	*
-1.37500000E-011	-3.34010000E-011	5.00000000E-001	5.00000000E+000	1.16000000E-011	1.22000000E-011	-1.20000000E+000	6.60980000E-011	5.35000000E-011	*
-3.63000000E-011	-3.90990000E-011	5.00000000E-001	5.00000000E+000	2.90000000E-012	-3.90000000E-012	-1.10000000E+000	6.23500000E-011	5.26000000E-011	*
-3.71510000E-011	-1.62500000E-011	5.00000000E-001	5.00000000E+000	-1.60500000E-011	-7.45000000E-012	-1.00000000E+000	5.73500000E-011	5.06000000E-011	*
-1.97000000E-011	1.31000000E-011	5.00000000E-001	5.00000000E+000	-8.39990000E-012	-6.10000000E-012	-9.00000000E-001	5.46990000E-011	4.12010000E-011	*
1.33500000E-011	2.68490000E-011	5.00000000E-001	5.00000000E+000	-3.50000000E-013	1.74500000E-011	-8.00000000E-001	5.11500000E-011	3.39000000E-011	*
2.65500000E-011	1.50000000E-011	5.00000000E-001	5.00000000E+000	9.49990000E-012	2.24500000E-011	-7.00000000E-001	3.63500000E-011	3.90000000E-011	*
1.02500000E-011	-1.15000000E-011	5.00000000E-001	5.00000000E+000	1.72500000E-011	1.79000000E-011	-6.00000000E-001	4.94500000E-011	3.97500000E-011	*
-2.01000000E-011	-3.87500000E-011	5.00000000E-001	5.00000000E+000	9.00000000E-013	3.15000000E-012	-5.00000000E-001	6.76510000E-011	5.05000000E-011	*
-2.80490000E-011	-2.22500000E-011	5.00000000E-001	5.00000000E+000	3.90000000E-012	-2.70000000E-012	-4.00000000E-001	4.99000000E-011	4.04990000E-011	*
-2.79500000E-011	1.23500000E-011	5.00000000E-001	5.00000000E+000	-1.20500000E-011	2.70000000E-012	-3.00000000E-001	5.33990000E-011	3.74000000E-011	*
-7.15000000E-012	4.03000000E-011	5.00000000E-001	5.00000000E+000	-1.04500000E-011	9.40000000E-012	-2.00000000E-001	4.12510000E-011	1.74500000E-011	*
2.16500000E-011	4.63010000E-011	5.00000000E-001	5.00000000E+000	-1.15000000E-012	2.51500000E-011	-1.00000000E-001	3.24500000E-011	1.26500000E-011	*
4.00500000E-011	2.27000000E-011	5.00000000E-001	5.00000000E+000	1.05500000E-011	1.77500000E-011	0.00000000E+000	2.89500000E-011	9.50020000E-013	*
2.91500000E-011	6.19990000E-012	5.00000000E-001	5.00000000E+000	1.74000000E-011	2.00500000E-011	1.00000000E-001	1.92500000E-011	7.79990000E-012	*
1.20000000E-012	-7.39980000E-012	5.00000000E-001	5.00000000E+000	1.01000000E-011	5.94990000E-012	2.00000000E-001	3.63500000E-011	2.19500000E-011	*
-1.00500000E-011	1.17000000E-011	5.00000000E-001	5.00000000E+000	-5.75010000E-012	2.00000000E-012	3.00000000E-001	3.30490000E-011	2.22000000E-011	*
-7.79990000E-012	4.54500000E-011	5.00000000E-001	5.00000000E+000	-9.90010000E-012	6.90000000E-012	4.00000000E-001	2.99490000E-011	7.20000000E-012	*
-8.14500000E-011	5.94510000E-011	5.00000000E-001	5.00000000E+000	3.15000000E-011	2.11500000E-011	5.00000000E-001	8.39010000E-011	-2.10000000E-012	*
-8.32050000E-010	6.10000000E-012	5.00000000E-001	5.00000000E+000	7.76910000E-010	3.15500000E-011	6.00000000E-001	-5.15010000E-012	2.03500000E-011	*
-4.27530000E-009	-3.92210000E-010	5.00000000E-001	5.00000000E+000	4.25350000E-009	4.50500000E-010	7.00000000E-001	8.70010000E-012	-4.68000000E-011	*
-1.02470000E-008	-3.96790000E-009	5.00000000E-001	5.00000000E+000	1.02450000E-008	3.96880000E-009	8.00000000E-001	1.75000000E-012	-2.27000000E-011	*
-1.58200000E-008	-1.60850000E-008	5.00000000E-001	5.00000000E+000	1.55150000E-008	1.60500000E-008	9.00000000E-001	2.08000000E-011	-1.82000000E-011	*
-2.41300000E-008	-3.98100000E-008	5.00000000E-001	5.00000000E+000	2.44950000E-008	3.97050000E-008	1.00000000E+000	1.76500000E-011	5.34990000E-012	*
-3.62800000E-008	-7.58190000E-008	5.00000000E-001	5.00000000E+000	3.62250000E-008	7.57390000E-008	1.10000000E+000	1.07000000E-011	6.24990000E-012	*
-5.16250000E-008	-1.23300000E-007	5.00000000E-001	5.00000000E+000	5.11010000E-008	1.23050000E-007	1.20000000E+000	2.69000000E-011	-2.27000000E-011	*
-7.03400000E-008	-1.86500000E-007	5.00000000E-001	5.00000000E+000	6.85540000E-008	1.86450000E-007	1.30000000E+000	-3.79000000E-011	-5.85000000E-012	*
-8.99740000E-008	-2.67490000E-007	5.00000000E-001	5.00000000E+000	9.02800000E-008	2.67290000E-007	1.40000000E+000	-9.90010000E-012	-4.23500000E-011	*
-1.15050000E-007	-3.65650000E-007	5.00000000E-001	5.00000000E+000	1.17350000E-007	3.65540000E-007	1.50000000E+000	-6.24990000E-011	1.28500000E-011	*
-1.39750000E-007	-4.84750000E-007	5.00000000E-001	5.00000000E+000	1.39650000E-007	4.84640000E-007	1.60000000E+000	3.33490000E-011	-7.04990000E-012	*
-1.81700000E-007	-6.24040000E-007	5.00000000E-001	5.00000000E+000	1.82040000E-007	6.23690000E-007	1.70000000E+000	-1.16000000E-011	-4.43010000E-011	*
-2.26250000E-007	-7.86530000E-007	5.00000000E-001	5.00000000E+000	2.26250000E-007	7.85390000E-007	1.80000000E+000	3.47490000E-011	3.60000000E-012	*
-2.85140000E-007	-9.71310000E-007	5.00000000E-001	5.00000000E+000	2.82740000E-007	9.70790000E-007	1.90000000E+000	3.36000000E-011	-1.78500000E-011	*
-3.37440000E-007	-1.17100000E-006	5.00000000E-001	5.00000000E+000	3.36850000E-007	1.17150000E-006	2.00000000E+000	4.23500000E-011	-4.45000000E-011	*
-4.11540000E-007	-1.40200000E-006	5.00000000E-001	5.00000000E+000	4.13640000E-007	1.40200000E-006	2.10000000E+000	3.56000000E-011	2.40000000E-012	*
-4.85040000E-007	-1.66650000E-006	5.00000000E-001	5.00000000E+000	4.83300000E-007	1.67000000E-006	2.20000000E+000	7.64990000E-012	-1.27500000E-011	*
-5.69850000E-007	-1.95690000E-006	5.00000000E-001	5.00000000E+000	5.69940000E-007	1.95690000E-006	2.30000000E+000	-1.78500000E-011	-2.45500000E-011	*
-6.68280000E-007	-2.27540000E-006	5.00000000E-001	5.00000000E+000	6.66240000E-007	2.27800000E-006	2.40000000E+000	1.93500000E-011	1.68500000E-011	*
-7.84170000E-007	-2.63100000E-006	5.00000000E-001	5.00000000E+000	7.83590000E-007	2.62900000E-006	2.50000000E+000	-2.45000000E-011	-2.00000000E-011	*
-9.09230000E-007	-3.01200000E-006	5.00000000E-001	5.00000000E+000	9.07430000E-007	3.01140000E-006	2.60000000E+000	-8.05000000E-012	3.30000000E-012	*
-1.04630000E-006	-3.42250000E-006	5.00000000E-001	5.00000000E+000	1.04190000E-006	3.42490000E-006	2.70000000E+000	-4.77500000E-011	-2.70000000E-012	*
-1.16050000E-006	-3.87100000E-006	5.00000000E-001	5.00000000E+000	1.15000000E-006	3.86940000E-006	2.80000000E+000	1.87000000E-011	-3.83000000E-011	*
-1.29300000E-006	-4.35140000E-006	5.00000000E-001	5.00000000E+000	1.29700000E-006	4.34700000E-006	2.90000000E+000	-1.35000000E-012	1.11000000E-011	*
-1.46600000E-006	-4.86240000E-006	5.00000000E-001	5.00000000E+000	1.46550000E-006	4.86550000E-006	3.00000000E+000	2.45500000E-011	3.11500000E-011	*
-1.64300000E-006	-5.41050000E-006	5.00000000E-001	5.00000000E+000	1.64400000E-006	5.40840000E-006	3.10000000E+000	-1.75000000E-011	-1.08000000E-011	*
-1.83600000E-006	-5.99140000E-006	5.00000000E-001	5.00000000E+000	1.83050000E-006	5.99050000E-006	3.20000000E+000	9.30010000E-012	1.11000000E-011	*
-2.02250000E-006	-6.60800000E-006	5.00000000E-001	5.00000000E+000	2.02050000E-006	6.60590000E-006	3.30000000E+000	2.04000000E-011	7.89990000E-012	*
-2.22900000E-006	-7.26080000E-006	5.00000000E-001	5.00000000E+000	2.22450000E-006	7.25900000E-006	3.40000000E+000	7.70000000E-012	-5.99990000E-013	*
-2.44100000E-006	-7.95030000E-006	5.00000000E-001	5.00000000E+000	2.44100000E-006	7.94840000E-006	3.50000000E+000	3.56500000E-011	8.70010000E-012	*
-2.64450000E-006	-8.67530000E-006	5.00000000E-001	5.00000000E+000	2.64450000E-006	8.67250000E-006	3.60000000E+000	1.38500000E-011	-8.59980000E-012	*
-2.86150000E-006	-9.43110000E-006	5.00000000E-001	5.00000000E+000	2.86000000E-006	9.43060000E-006	3.70000000E+000	-9.59990000E-012	-5.24510000E-011	*
-3.07650000E-006	-1.02310000E-005	5.00000000E-001	5.00000000E+000	3.07440000E-006	1.02280000E-005	3.80000000E+000	3.05000000E-011	2.01500000E-011	*
-3.29090000E-006	-1.09350000E-005	5.00000000E-001	5.00000000E+000	3.29200000E-006	1.09200000E-005	3.90000000E+000	-1.50000000E-012	-4.26010000E-011	*
-3.50790000E-006	-1.17500000E-005	5.00000000E-001	5.00000000E+000	3.50900000E-006	1.17450000E-005	4.00000000E+000	1.80000000E-011	-2.16000000E-011	*

TEST RESULTS:  TRANSFER  04/28/2025  15:44:15


SETUP:OUTPUT  04/28/2025  15:45:05
DATE:04/28/2025
TIME:15:45:05

CONDITIONS:

ID:	D	
UNIT:	SMU2	
MODE: SWEEP	
START:	0	
STOP:	5	
PNTS:	51	
STEP:	0.1

ID:	G	
UNIT:	SMU4	
MODE: STEP	
START:	-2	
STOP:	4	
PNTS:	3	
STEP:	3

ID:	S	
UNIT:	SMU1	
MODE: CONST	
VALUE:	0

DATA:  OUTPUT  04/28/2025  15:45:05

IS	IS2	IS3	VD	ID	ID2	ID3	VG	VG2	VG3	IG	IG2	IG3	ACCSTRESS
-2.75500000E-011	-1.00100000E-010	-1.63700000E-009	0.00000000E+000	-6.10000000E-012	5.44510000E-011	1.77450000E-009	-2.00000000E+000	1.00000000E+000	4.00000000E+000	-1.84000000E-011	-8.99990000E-012	4.83510000E-011	0.00000000E+000
7.20000000E-012	-2.12600000E-008	-9.00030000E-007	1.00000000E-001	1.89500000E-011	2.10800000E-008	8.96480000E-007	-2.00000000E+000	1.00000000E+000	4.00000000E+000	-4.24990000E-012	1.97490000E-011	3.90000000E-012	*
-1.81000000E-011	-3.42410000E-008	-1.69850000E-006	2.00000000E-001	1.50000000E-012	3.42810000E-008	1.69450000E-006	-2.00000000E+000	1.00000000E+000	4.00000000E+000	-5.30000000E-012	-4.90500000E-011	-8.39990000E-012	*
-3.39000000E-011	-4.25750000E-008	-2.43340000E-006	3.00000000E-001	-7.35010000E-012	4.26240000E-008	2.43300000E-006	-2.00000000E+000	1.00000000E+000	4.00000000E+000	1.87000000E-011	-1.04100000E-010	1.63500000E-011	*
-2.16000000E-011	-4.73300000E-008	-3.13650000E-006	4.00000000E-001	-2.84990000E-012	4.74840000E-008	3.13400000E-006	-2.00000000E+000	1.00000000E+000	4.00000000E+000	1.55000000E-012	-1.18900000E-010	2.47000000E-011	*
-3.05000000E-012	-5.02700000E-008	-3.78200000E-006	5.00000000E-001	-5.25000000E-012	5.05350000E-008	3.78000000E-006	-2.00000000E+000	1.00000000E+000	4.00000000E+000	2.50000000E-012	-1.40700000E-010	2.75500000E-011	*
2.69500000E-011	-5.21360000E-008	-4.36700000E-006	6.00000000E-001	-1.00000000E-013	5.22850000E-008	4.36650000E-006	-2.00000000E+000	1.00000000E+000	4.00000000E+000	-1.13000000E-011	-1.35100000E-010	4.84990000E-012	*
2.96490000E-011	-5.31250000E-008	-4.90290000E-006	7.00000000E-001	1.14000000E-011	5.32740000E-008	4.89850000E-006	-2.00000000E+000	1.00000000E+000	4.00000000E+000	-2.26500000E-011	-1.31750000E-010	-2.03500000E-011	*
2.01500000E-011	-5.37490000E-008	-5.38310000E-006	8.00000000E-001	1.34500000E-011	5.37660000E-008	5.38190000E-006	-2.00000000E+000	1.00000000E+000	4.00000000E+000	2.95000000E-011	-1.30350000E-010	-3.58010000E-011	*
-8.59980000E-012	-5.40750000E-008	-5.81750000E-006	9.00000000E-001	1.41500000E-011	5.40690000E-008	5.81630000E-006	-2.00000000E+000	1.00000000E+000	4.00000000E+000	3.08000000E-011	-1.23650000E-010	-2.40000000E-012	*
-2.22500000E-011	-5.42350000E-008	-6.20050000E-006	1.00000000E+000	-1.70000000E-012	5.42400000E-008	6.20010000E-006	-2.00000000E+000	1.00000000E+000	4.00000000E+000	2.37500000E-011	-9.89010000E-011	1.39000000E-011	*
-2.06000000E-011	-5.42300000E-008	-6.54250000E-006	1.10000000E+000	-1.06000000E-011	5.43090000E-008	6.54300000E-006	-2.00000000E+000	1.00000000E+000	4.00000000E+000	4.34000000E-011	-8.94010000E-011	1.42500000E-011	*
2.25000000E-012	-5.42810000E-008	-6.86550000E-006	1.20000000E+000	-4.60010000E-012	5.44200000E-008	6.86340000E-006	-2.00000000E+000	1.00000000E+000	4.00000000E+000	9.24990000E-012	-6.10000000E-011	2.40500000E-011	*
2.10000000E-011	-5.43600000E-008	-7.14350000E-006	1.30000000E+000	5.00000000E-014	5.44550000E-008	7.14490000E-006	-2.00000000E+000	1.00000000E+000	4.00000000E+000	-6.35000000E-012	-4.19510000E-011	-1.36000000E-011	*
3.19500000E-011	-5.43600000E-008	-7.39800000E-006	1.40000000E+000	1.01500000E-011	5.44800000E-008	7.39450000E-006	-2.00000000E+000	1.00000000E+000	4.00000000E+000	-8.10020000E-012	-3.26000000E-011	-2.88000000E-011	*
2.20500000E-011	-5.44040000E-008	-7.63450000E-006	1.50000000E+000	1.78000000E-011	5.44010000E-008	7.63500000E-006	-2.00000000E+000	1.00000000E+000	4.00000000E+000	-1.26500000E-011	-2.29000000E-011	-1.85000000E-011	*
-4.54990000E-012	-5.44100000E-008	-7.84920000E-006	1.60000000E+000	1.61000000E-011	5.43600000E-008	7.84640000E-006	-2.00000000E+000	1.00000000E+000	4.00000000E+000	-1.02000000E-011	-2.74000000E-011	-3.55010000E-012	*
-3.12000000E-011	-5.43240000E-008	-8.05080000E-006	1.70000000E+000	5.00000000E-014	5.43840000E-008	8.05360000E-006	-2.00000000E+000	1.00000000E+000	4.00000000E+000	2.75000000E-012	-4.62490000E-011	1.51000000E-011	*
-2.62500000E-011	-5.43640000E-008	-8.23480000E-006	1.80000000E+000	-1.50000000E-012	5.43640000E-008	8.23710000E-006	-2.00000000E+000	1.00000000E+000	4.00000000E+000	-1.27500000E-011	-3.21500000E-011	3.49000000E-011	*
-1.48000000E-011	-5.43290000E-008	-8.41170000E-006	1.90000000E+000	-1.13500000E-011	5.43840000E-008	8.41030000E-006	-2.00000000E+000	1.00000000E+000	4.00000000E+000	-1.53500000E-011	-2.99490000E-011	7.79990000E-012	*
1.21500000E-011	-5.43550000E-008	-8.57050000E-006	2.00000000E+000	-8.49980000E-013	5.43640000E-008	8.56910000E-006	-2.00000000E+000	1.00000000E+000	4.00000000E+000	-1.61500000E-011	-9.30010000E-012	-2.98500000E-011	*
3.58500000E-011	-5.43840000E-008	-8.72090000E-006	2.10000000E+000	1.20000000E-011	5.43400000E-008	8.71910000E-006	-2.00000000E+000	1.00000000E+000	4.00000000E+000	1.25000000E-012	-1.23000000E-011	-2.79000000E-011	*
2.60500000E-011	-5.43290000E-008	-8.85360000E-006	2.20000000E+000	1.76500000E-011	5.42810000E-008	8.85130000E-006	-2.00000000E+000	1.00000000E+000	4.00000000E+000	-1.03500000E-011	-9.65010000E-012	-1.02000000E-011	*
1.35000000E-012	-5.43290000E-008	-8.99610000E-006	2.30000000E+000	1.52500000E-011	5.42550000E-008	8.99290000E-006	-2.00000000E+000	1.00000000E+000	4.00000000E+000	-1.34000000E-011	-2.34000000E-011	-4.29990000E-012	*
-2.34500000E-011	-5.42810000E-008	-9.11440000E-006	2.40000000E+000	6.05010000E-012	5.42150000E-008	9.10880000E-006	-2.00000000E+000	1.00000000E+000	4.00000000E+000	8.80000000E-012	-3.25000000E-011	-2.39000000E-011	*
-3.42500000E-011	-5.43550000E-008	-9.22660000E-006	2.50000000E+000	-2.80000000E-012	5.44100000E-008	9.22430000E-006	-2.00000000E+000	1.00000000E+000	4.00000000E+000	1.05000000E-012	-3.42500000E-011	-4.95000000E-011	*
-1.78500000E-011	-5.38550000E-008	-9.33700000E-006	2.60000000E+000	8.49980000E-013	5.42200000E-008	9.33980000E-006	-2.00000000E+000	1.00000000E+000	4.00000000E+000	-6.15000000E-012	-2.31500000E-011	-1.06000000E-010	*
-6.50000000E-013	-5.42500000E-008	-9.44220000E-006	2.70000000E+000	-9.84990000E-012	5.43290000E-008	9.44550000E-006	-2.00000000E+000	1.00000000E+000	4.00000000E+000	2.35000000E-012	-9.00000000E-013	-1.07450000E-010	*
3.00510000E-011	-5.42750000E-008	-9.53860000E-006	2.80000000E+000	1.45000000E-011	5.43240000E-008	9.53630000E-006	-2.00000000E+000	1.00000000E+000	4.00000000E+000	-1.81500000E-011	6.10000000E-012	-1.37550000E-010	*
2.63000000E-011	-5.42400000E-008	-9.62710000E-006	2.90000000E+000	2.00000000E-011	5.42350000E-008	9.63690000E-006	-2.00000000E+000	1.00000000E+000	4.00000000E+000	-1.17500000E-011	-5.94990000E-012	-8.06500000E-011	*
5.69990000E-012	-5.41300000E-008	-9.72580000E-006	3.00000000E+000	1.23500000E-011	5.42500000E-008	9.72440000E-006	-2.00000000E+000	1.00000000E+000	4.00000000E+000	-1.08000000E-011	-6.70000000E-012	-7.88990000E-011	*
-2.18500000E-011	-5.42150000E-008	-9.81340000E-006	3.10000000E+000	1.51000000E-011	5.41800000E-008	9.81100000E-006	-2.00000000E+000	1.00000000E+000	4.00000000E+000	-4.75000000E-012	-2.26500000E-011	-1.41500000E-010	*
-3.48010000E-011	-5.42460000E-008	-9.88740000E-006	3.20000000E+000	-7.10010000E-012	5.41950000E-008	9.89160000E-006	-2.00000000E+000	1.00000000E+000	4.00000000E+000	6.00010000E-012	-3.04010000E-011	-1.52750000E-010	*
-1.78500000E-011	-5.41950000E-008	-9.95450000E-006	3.30000000E+000	-4.65010000E-012	5.42660000E-008	9.95960000E-006	-2.00000000E+000	1.00000000E+000	4.00000000E+000	-6.00010000E-012	-1.30000000E-011	-1.54100000E-010	*
-6.95000000E-012	-5.41460000E-008	-1.00230000E-005	3.40000000E+000	2.49990000E-013	5.42600000E-008	1.00180000E-005	-2.00000000E+000	1.00000000E+000	4.00000000E+000	-3.65000000E-012	-4.29990000E-012	-1.79750000E-010	*
2.43000000E-011	-5.41460000E-008	-1.00960000E-005	3.50000000E+000	3.55010000E-012	5.42060000E-008	1.00920000E-005	-2.00000000E+000	1.00000000E+000	4.00000000E+000	-1.52500000E-011	1.11500000E-011	-1.44750000E-010	*
3.36990000E-011	-5.41890000E-008	-1.01780000E-005	3.60000000E+000	2.13000000E-011	5.41800000E-008	1.01710000E-005	-2.00000000E+000	1.00000000E+000	4.00000000E+000	-2.17000000E-011	-3.55010000E-012	-1.12200000E-010	*
1.76500000E-011	-5.41800000E-008	-1.02320000E-005	3.70000000E+000	1.60500000E-011	5.41750000E-008	1.02250000E-005	-2.00000000E+000	1.00000000E+000	4.00000000E+000	-7.85010000E-012	-7.29990000E-012	-1.55900000E-010	*
-1.54500000E-011	-5.41800000E-008	-1.02900000E-005	3.80000000E+000	2.10990000E-011	5.41060000E-008	1.02910000E-005	-2.00000000E+000	1.00000000E+000	4.00000000E+000	9.50020000E-013	-1.26000000E-011	-1.70450000E-010	*
-3.34010000E-011	-5.41090000E-008	-1.03500000E-005	3.90000000E+000	1.15500000E-011	5.41000000E-008	1.03360000E-005	-2.00000000E+000	1.00000000E+000	4.00000000E+000	1.82500000E-011	-2.25500000E-011	-1.64350000E-010	*
-2.10500000E-011	-5.41000000E-008	-1.04020000E-005	4.00000000E+000	-1.39500000E-011	5.41350000E-008	1.03900000E-005	-2.00000000E+000	1.00000000E+000	4.00000000E+000	5.64990000E-012	-1.32000000E-011	-1.19650000E-010	*
2.55000000E-012	-5.40950000E-008	-1.04510000E-005	4.10000000E+000	9.69980000E-012	5.41750000E-008	1.04480000E-005	-2.00000000E+000	1.00000000E+000	4.00000000E+000	-9.94980000E-012	4.24990000E-012	-3.01000000E-011	*
2.29000000E-011	-5.41410000E-008	-1.04950000E-005	4.20000000E+000	1.74500000E-011	5.41660000E-008	1.04930000E-005	-2.00000000E+000	1.00000000E+000	4.00000000E+000	-2.90000000E-011	-1.00000000E-013	-2.07000000E-011	*
2.94010000E-011	-5.41350000E-008	-1.05400000E-005	4.30000000E+000	1.60000000E-011	5.40800000E-008	1.05500000E-005	-2.00000000E+000	1.00000000E+000	4.00000000E+000	-1.31500000E-011	6.05010000E-012	-1.48000000E-011	*
8.10020000E-012	-5.40800000E-008	-1.05900000E-005	4.40000000E+000	4.32510000E-011	5.40460000E-008	1.05900000E-005	-2.00000000E+000	1.00000000E+000	4.00000000E+000	-1.08500000E-011	-9.59990000E-012	-1.94500000E-011	*
-2.07490000E-011	-5.41200000E-008	-1.06350000E-005	4.50000000E+000	3.27510000E-011	5.40690000E-008	1.06400000E-005	-2.00000000E+000	1.00000000E+000	4.00000000E+000	-1.31500000E-011	-1.27000000E-011	-3.38500000E-011	*
-3.19500000E-011	-5.40550000E-008	-1.06600000E-005	4.60000000E+000	9.65010000E-012	5.40500000E-008	1.06650000E-005	-2.00000000E+000	1.00000000E+000	4.00000000E+000	-2.42500000E-011	-1.10000000E-011	-2.74000000E-011	*
-2.25000000E-011	-5.40290000E-008	-1.07000000E-005	4.70000000E+000	2.75500000E-011	5.42060000E-008	1.06950000E-005	-2.00000000E+000	1.00000000E+000	4.00000000E+000	-2.39000000E-011	-1.52500000E-011	-1.88500000E-011	*
4.95000000E-012	-5.40890000E-008	-1.07300000E-005	4.80000000E+000	4.21490000E-011	5.41460000E-008	1.07300000E-005	-2.00000000E+000	1.00000000E+000	4.00000000E+000	-5.09000000E-011	-2.05000000E-012	-3.94490000E-011	*
3.15500000E-011	-5.40660000E-008	-1.07600000E-005	4.90000000E+000	4.98000000E-011	5.40690000E-008	1.07650000E-005	-2.00000000E+000	1.00000000E+000	4.00000000E+000	-9.44490000E-011	6.24990000E-012	-4.42510000E-011	*
2.79500000E-011	-5.41200000E-008	-1.07900000E-005	5.00000000E+000	1.00600000E-010	5.40750000E-008	1.07950000E-005	-2.00000000E+000	1.00000000E+000	4.00000000E+000	-1.01800000E-010	1.80000000E-012	-3.68010000E-011	*

TEST RESULTS:  OUTPUT  04/28/2025  15:45:05


