ATTRIBUTES:

Attribute #1:C:\Metrics\ics\projects\6.2600J_S25\transistor_measurement.ics
Attribute #2:Test
Attribute #3:dev1
Attribute #4:PASSED
SETUP:TRANSFER  04/28/2025  15:56:12
DATE:04/28/2025
TIME:15:56:12

CONDITIONS:

ID:	D	
UNIT:	SMU2	
MODE: STEP	
START:	0.5	
STOP:	5	
PNTS:	2	
STEP:	4.5

ID:	G	
UNIT:	SMU4	
MODE: SWEEP	
START:	-2	
STOP:	4	
PNTS:	61	
STEP:	0.1

ID:	S	
UNIT:	SMU1	
MODE: CONST	
VALUE:	0

DATA:  TRANSFER  04/28/2025  15:56:12

IS	IS2	VD	VD2	ID	ID2	VG	IG	IG2	ACCSTRESS
-2.47000000E-011	3.26500000E-011	5.00000000E-001	5.00000000E+000	-1.11500000E-011	4.09010000E-011	-2.00000000E+000	-1.21500000E-011	-1.29000000E-011	0.00000000E+000
3.65500000E-011	-3.10510000E-011	5.00000000E-001	5.00000000E+000	7.70000000E-012	5.64990000E-012	-1.90000000E+000	-1.35500000E-011	-8.39990000E-012	*
2.59990000E-011	-2.51000000E-011	5.00000000E-001	5.00000000E+000	1.38000000E-011	-5.60000000E-012	-1.80000000E+000	-4.79990000E-012	3.65000000E-012	*
-6.39980000E-012	6.49990000E-012	5.00000000E-001	5.00000000E+000	1.68500000E-011	-2.30000000E-012	-1.70000000E+000	6.30010000E-012	-4.15000000E-012	*
-2.58000000E-011	2.88990000E-011	5.00000000E-001	5.00000000E+000	2.60000000E-012	5.69990000E-012	-1.60000000E+000	9.20020000E-012	-9.40000000E-012	*
-3.68510000E-011	2.56000000E-011	5.00000000E-001	5.00000000E+000	-7.15000000E-012	2.14500000E-011	-1.50000000E+000	1.41500000E-011	-1.55000000E-012	*
-1.01000000E-011	2.84990000E-012	5.00000000E-001	5.00000000E+000	-1.98000000E-011	1.94500000E-011	-1.40000000E+000	1.02000000E-011	1.35000000E-012	*
2.13500000E-011	-2.29500000E-011	5.00000000E-001	5.00000000E+000	-8.74990000E-012	1.17000000E-011	-1.30000000E+000	-7.04990000E-012	3.25000000E-012	*
3.52000000E-011	-2.97500000E-011	5.00000000E-001	5.00000000E+000	6.24990000E-012	-3.69990000E-012	-1.20000000E+000	-8.95020000E-012	2.11500000E-011	*
2.43500000E-011	-2.16000000E-011	5.00000000E-001	5.00000000E+000	1.25000000E-011	-1.04500000E-011	-1.10000000E+000	-1.25000000E-012	3.40000000E-012	*
-4.40000000E-012	2.30000000E-012	5.00000000E-001	5.00000000E+000	1.71500000E-011	-3.60000000E-012	-1.00000000E+000	1.01000000E-011	5.69990000E-012	*
-2.33500000E-011	3.12000000E-011	5.00000000E-001	5.00000000E+000	-2.49990000E-013	-3.10000000E-012	-9.00000000E-001	1.59500000E-011	-2.10000000E-012	*
-3.28010000E-011	2.77500000E-011	5.00000000E-001	5.00000000E+000	-5.69990000E-012	1.46000000E-011	-8.00000000E-001	1.83000000E-011	-2.45000000E-012	*
-1.69000000E-011	4.45000000E-012	5.00000000E-001	5.00000000E+000	-1.21000000E-011	1.43000000E-011	-7.00000000E-001	1.23500000E-011	3.25000000E-012	*
1.38000000E-011	-2.03500000E-011	5.00000000E-001	5.00000000E+000	-3.30000000E-012	1.27000000E-011	-6.00000000E-001	2.95000000E-012	1.25500000E-011	*
2.93510000E-011	-3.19000000E-011	5.00000000E-001	5.00000000E+000	2.60000000E-012	-5.69990000E-012	-5.00000000E-001	-2.75000000E-012	1.44000000E-011	*
9.40000000E-012	-2.07490000E-011	5.00000000E-001	5.00000000E+000	2.36000000E-011	-4.99980000E-014	-4.00000000E-001	3.99990000E-012	9.44970000E-012	*
-6.56510000E-011	2.75000000E-012	5.00000000E-001	5.00000000E+000	7.85510000E-011	-1.01000000E-011	-3.00000000E-001	1.18500000E-011	4.40000000E-012	*
-1.84200000E-010	1.73000000E-011	5.00000000E-001	5.00000000E+000	1.55250000E-010	6.74990000E-012	-2.00000000E-001	2.20000000E-011	9.99980000E-013	*
-3.69650000E-010	-1.32500000E-011	5.00000000E-001	5.00000000E+000	3.26450000E-010	5.41510000E-011	-1.00000000E-001	2.32500000E-011	-9.99980000E-013	*
-6.56290000E-010	-9.97990000E-011	5.00000000E-001	5.00000000E+000	6.40650000E-010	1.26350000E-010	0.00000000E+000	8.99990000E-012	9.40000000E-012	*
-9.36720000E-010	-2.48450000E-010	5.00000000E-001	5.00000000E+000	9.09040000E-010	2.33040000E-010	1.00000000E-001	-5.50000000E-013	1.77500000E-011	*
-1.47200000E-009	-4.60940000E-010	5.00000000E-001	5.00000000E+000	1.42490000E-009	4.25740000E-010	2.00000000E-001	-8.55000000E-012	1.70500000E-011	*
-2.37340000E-009	-7.94760000E-010	5.00000000E-001	5.00000000E+000	2.42740000E-009	7.70400000E-010	3.00000000E-001	2.84990000E-012	1.41500000E-011	*
-3.94830000E-009	-1.08700000E-009	5.00000000E-001	5.00000000E+000	3.97500000E-009	1.03740000E-009	4.00000000E-001	3.95000000E-012	4.65010000E-012	*
-6.41990000E-009	-1.79100000E-009	5.00000000E-001	5.00000000E+000	6.40780000E-009	1.78650000E-009	5.00000000E-001	1.73500000E-011	1.27500000E-011	*
-1.01380000E-008	-3.08340000E-009	5.00000000E-001	5.00000000E+000	1.01570000E-008	3.06740000E-009	6.00000000E-001	1.97000000E-011	7.60010000E-012	*
-1.35100000E-008	-5.18840000E-009	5.00000000E-001	5.00000000E+000	1.31850000E-008	5.17140000E-009	7.00000000E-001	-7.20000000E-012	1.32500000E-011	*
-2.00900000E-008	-8.57650000E-009	5.00000000E-001	5.00000000E+000	2.00400000E-008	8.60290000E-009	8.00000000E-001	1.03500000E-011	1.25500000E-011	*
-3.17300000E-008	-1.24900000E-008	5.00000000E-001	5.00000000E+000	3.18450000E-008	1.17950000E-008	9.00000000E-001	1.81500000E-011	-4.50000000E-012	*
-4.98350000E-008	-1.87200000E-008	5.00000000E-001	5.00000000E+000	4.94490000E-008	1.87400000E-008	1.00000000E+000	1.25000000E-011	-5.00000000E-012	*
-7.81000000E-008	-3.07590000E-008	5.00000000E-001	5.00000000E+000	7.73620000E-008	3.06810000E-008	1.10000000E+000	1.83000000E-011	-2.25000000E-012	*
-9.71740000E-008	-4.94860000E-008	5.00000000E-001	5.00000000E+000	9.29210000E-008	4.92200000E-008	1.20000000E+000	3.00010000E-012	1.56500000E-011	*
-1.20700000E-007	-8.10000000E-008	5.00000000E-001	5.00000000E+000	1.19550000E-007	8.08800000E-008	1.30000000E+000	5.99990000E-013	1.96000000E-011	*
-1.74900000E-007	-1.03550000E-007	5.00000000E-001	5.00000000E+000	1.74050000E-007	9.97530000E-008	1.40000000E+000	1.58490000E-011	-9.15000000E-012	*
-2.67350000E-007	-1.38850000E-007	5.00000000E-001	5.00000000E+000	2.65850000E-007	1.35940000E-007	1.50000000E+000	1.80000000E-011	3.20000000E-012	*
-3.98650000E-007	-2.10750000E-007	5.00000000E-001	5.00000000E+000	3.97540000E-007	2.10540000E-007	1.60000000E+000	2.02500000E-011	4.50000000E-012	*
-5.98990000E-007	-3.31740000E-007	5.00000000E-001	5.00000000E+000	5.98000000E-007	3.33790000E-007	1.70000000E+000	-4.99990000E-013	-2.70000000E-012	*
-8.80270000E-007	-5.21100000E-007	5.00000000E-001	5.00000000E+000	8.81520000E-007	5.21830000E-007	1.80000000E+000	3.80010000E-012	4.35010000E-012	*
-1.07000000E-006	-8.05530000E-007	5.00000000E-001	5.00000000E+000	1.04050000E-006	8.02040000E-007	1.90000000E+000	4.20000000E-012	1.53500000E-011	*
-1.36350000E-006	-1.02460000E-006	5.00000000E-001	5.00000000E+000	1.35850000E-006	9.96920000E-007	2.00000000E+000	-6.99990000E-013	2.05000000E-012	*
-1.97150000E-006	-1.30450000E-006	5.00000000E-001	5.00000000E+000	1.98000000E-006	1.27750000E-006	2.10000000E+000	4.60010000E-012	1.16500000E-011	*
-2.78300000E-006	-1.91700000E-006	5.00000000E-001	5.00000000E+000	2.76150000E-006	1.90650000E-006	2.20000000E+000	3.80010000E-012	1.83500000E-011	*
-3.84150000E-006	-2.88590000E-006	5.00000000E-001	5.00000000E+000	3.81840000E-006	2.87800000E-006	2.30000000E+000	1.84000000E-011	1.36500000E-011	*
-5.11690000E-006	-4.32340000E-006	5.00000000E-001	5.00000000E+000	5.10900000E-006	4.29040000E-006	2.40000000E+000	2.95500000E-011	9.50020000E-013	*
-6.75090000E-006	-6.27730000E-006	5.00000000E-001	5.00000000E+000	6.73600000E-006	6.28950000E-006	2.50000000E+000	1.43000000E-011	-6.19990000E-012	*
-8.60730000E-006	-9.06880000E-006	5.00000000E-001	5.00000000E+000	8.58680000E-006	9.04640000E-006	2.60000000E+000	1.40500000E-011	-7.89990000E-012	*
-1.01820000E-005	-1.06800000E-005	5.00000000E-001	5.00000000E+000	1.00980000E-005	1.05150000E-005	2.70000000E+000	6.05010000E-012	5.09990000E-012	*
-1.08650000E-005	-1.40050000E-005	5.00000000E-001	5.00000000E+000	1.06750000E-005	1.39750000E-005	2.80000000E+000	5.55000000E-012	7.10010000E-012	*
-1.22200000E-005	-1.94140000E-005	5.00000000E-001	5.00000000E+000	1.21750000E-005	1.93800000E-005	2.90000000E+000	1.87500000E-011	-2.90000000E-012	*
-1.51250000E-005	-2.61450000E-005	5.00000000E-001	5.00000000E+000	1.50700000E-005	2.60990000E-005	3.00000000E+000	1.15000000E-011	-7.99970000E-013	*
-1.81240000E-005	-3.43490000E-005	5.00000000E-001	5.00000000E+000	1.80900000E-005	3.43450000E-005	3.10000000E+000	5.20000000E-012	1.19000000E-011	*
-2.12100000E-005	-4.40140000E-005	5.00000000E-001	5.00000000E+000	2.11850000E-005	4.38540000E-005	3.20000000E+000	7.79990000E-012	1.82500000E-011	*
-2.43000000E-005	-5.46740000E-005	5.00000000E-001	5.00000000E+000	2.42600000E-005	5.45940000E-005	3.30000000E+000	1.45000000E-011	1.69500000E-011	*
-2.72500000E-005	-6.61050000E-005	5.00000000E-001	5.00000000E+000	2.71900000E-005	6.59900000E-005	3.40000000E+000	2.22500000E-011	1.53000000E-011	*
-3.00850000E-005	-7.84250000E-005	5.00000000E-001	5.00000000E+000	3.00500000E-005	7.83650000E-005	3.50000000E+000	1.32000000E-011	4.40000000E-012	*
-3.27790000E-005	-9.12130000E-005	5.00000000E-001	5.00000000E+000	3.27250000E-005	9.10940000E-005	3.60000000E+000	1.66500000E-011	8.80000000E-012	*
-3.52600000E-005	-1.04090000E-004	5.00000000E-001	5.00000000E+000	3.52190000E-005	1.03940000E-004	3.70000000E+000	9.59990000E-012	3.25000000E-012	*
-3.75940000E-005	-1.05900000E-004	5.00000000E-001	5.00000000E+000	3.75450000E-005	1.04950000E-004	3.80000000E+000	6.79990000E-012	-6.30010000E-012	*
-3.97450000E-005	-1.12900000E-004	5.00000000E-001	5.00000000E+000	3.96800000E-005	1.12800000E-004	3.90000000E+000	1.71990000E-011	8.55000000E-012	*
-4.17490000E-005	-1.28650000E-004	5.00000000E-001	5.00000000E+000	4.16840000E-005	1.28450000E-004	4.00000000E+000	3.25500000E-011	1.85490000E-011	*

TEST RESULTS:  TRANSFER  04/28/2025  15:56:12


SETUP:OUTPUT  04/28/2025  15:56:54
DATE:04/28/2025
TIME:15:56:54

CONDITIONS:

ID:	D	
UNIT:	SMU2	
MODE: SWEEP	
START:	0	
STOP:	5	
PNTS:	51	
STEP:	0.1

ID:	G	
UNIT:	SMU4	
MODE: STEP	
START:	-2	
STOP:	4	
PNTS:	3	
STEP:	3

ID:	S	
UNIT:	SMU1	
MODE: CONST	
VALUE:	0

DATA:  OUTPUT  04/28/2025  15:56:54

IS	IS2	IS3	VD	ID	ID2	ID3	VG	VG2	VG3	IG	IG2	IG3	ACCSTRESS
2.32000000E-011	1.41000000E-011	-1.72350000E-008	0.00000000E+000	2.84990000E-012	2.70500000E-011	1.60450000E-008	-2.00000000E+000	1.00000000E+000	4.00000000E+000	1.65000000E-012	5.85000000E-012	1.45500000E-011	0.00000000E+000
-6.44990000E-012	-4.92150000E-009	-7.61540000E-006	1.00000000E-001	-5.15010000E-012	4.94990000E-009	7.51440000E-006	-2.00000000E+000	1.00000000E+000	4.00000000E+000	1.25000000E-012	-5.34990000E-012	5.05000000E-012	*
2.03500000E-011	-8.46690000E-009	-1.31750000E-005	2.00000000E-001	-1.85000000E-012	8.48780000E-009	1.31700000E-005	-2.00000000E+000	1.00000000E+000	4.00000000E+000	-1.25500000E-011	1.27500000E-011	-7.35010000E-012	*
3.47000000E-011	-1.11500000E-008	-1.89100000E-005	3.00000000E-001	4.05010000E-012	1.12350000E-008	1.89050000E-005	-2.00000000E+000	1.00000000E+000	4.00000000E+000	-1.86000000E-011	-8.45010000E-012	-1.10000000E-012	*
2.12000000E-011	-1.36150000E-008	-2.41850000E-005	4.00000000E-001	1.86500000E-011	1.37050000E-008	2.41800000E-005	-2.00000000E+000	1.00000000E+000	4.00000000E+000	-9.44970000E-012	-7.45000000E-012	1.95000000E-012	*
-5.50000000E-012	-1.53950000E-008	-2.90540000E-005	5.00000000E-001	1.31000000E-011	1.54200000E-008	2.90450000E-005	-2.00000000E+000	1.00000000E+000	4.00000000E+000	-1.45000000E-012	2.35000000E-012	6.99990000E-012	*
-2.70500000E-011	-1.70450000E-008	-3.34850000E-005	6.00000000E-001	7.25000000E-012	1.71300000E-008	3.34900000E-005	-2.00000000E+000	1.00000000E+000	4.00000000E+000	6.15000000E-012	1.02000000E-011	1.74500000E-011	*
-3.12990000E-011	-1.82850000E-008	-3.75790000E-005	7.00000000E-001	-8.90000000E-012	1.82750000E-008	3.75640000E-005	-2.00000000E+000	1.00000000E+000	4.00000000E+000	5.05000000E-012	8.45010000E-012	5.45010000E-012	*
-1.47500000E-011	-1.92650000E-008	-4.13000000E-005	8.00000000E-001	-8.59980000E-012	1.92850000E-008	4.12690000E-005	-2.00000000E+000	1.00000000E+000	4.00000000E+000	3.50000000E-013	2.30000000E-012	9.50020000E-013	*
8.35020000E-012	-1.98100000E-008	-4.46490000E-005	9.00000000E-001	-4.45000000E-012	1.97850000E-008	4.46140000E-005	-2.00000000E+000	1.00000000E+000	4.00000000E+000	-2.20000000E-012	-5.45010000E-012	-1.80000000E-012	*
2.92000000E-011	-2.04100000E-008	-4.76500000E-005	1.00000000E+000	1.50000000E-012	2.04200000E-008	4.76690000E-005	-2.00000000E+000	1.00000000E+000	4.00000000E+000	-2.18500000E-011	-1.25500000E-011	-6.15000000E-012	*
2.73500000E-011	-2.05900000E-008	-5.04500000E-005	1.10000000E+000	1.99000000E-011	2.06050000E-008	5.04650000E-005	-2.00000000E+000	1.00000000E+000	4.00000000E+000	-8.99990000E-012	-8.65000000E-012	5.00000000E-014	*
5.75010000E-012	-2.07100000E-008	-5.29940000E-005	1.20000000E+000	1.45500000E-011	2.09650000E-008	5.29740000E-005	-2.00000000E+000	1.00000000E+000	4.00000000E+000	-4.10010000E-012	-5.05000000E-012	1.10000000E-011	*
-1.45000000E-011	-2.07950000E-008	-5.52390000E-005	1.30000000E+000	1.03000000E-011	2.06750000E-008	5.52050000E-005	-2.00000000E+000	1.00000000E+000	4.00000000E+000	1.80000000E-012	1.08500000E-011	6.55010000E-012	*
-2.99000000E-011	-2.08050000E-008	-5.72300000E-005	1.40000000E+000	-7.99970000E-013	2.06500000E-008	5.72150000E-005	-2.00000000E+000	1.00000000E+000	4.00000000E+000	6.99990000E-012	5.25000000E-012	1.45000000E-012	*
-2.52000000E-011	-2.08450000E-008	-5.89400000E-005	1.50000000E+000	-7.64990000E-012	2.08050000E-008	5.89450000E-005	-2.00000000E+000	1.00000000E+000	4.00000000E+000	3.35000000E-012	7.89990000E-012	-6.55010000E-012	*
5.99990000E-013	-2.05850000E-008	-6.05490000E-005	1.60000000E+000	-7.35010000E-012	2.07700000E-008	6.05340000E-005	-2.00000000E+000	1.00000000E+000	4.00000000E+000	3.85000000E-012	-5.85000000E-012	-4.84990000E-012	*
2.63500000E-011	-2.08400000E-008	-6.18400000E-005	1.70000000E+000	5.39990000E-012	2.06600000E-008	6.18660000E-005	-2.00000000E+000	1.00000000E+000	4.00000000E+000	-1.56000000E-011	-1.38000000E-011	-6.10000000E-012	*
3.25000000E-011	-2.04300000E-008	-6.29830000E-005	1.80000000E+000	1.12500000E-011	2.05250000E-008	6.29350000E-005	-2.00000000E+000	1.00000000E+000	4.00000000E+000	-1.24000000E-011	-3.95000000E-012	2.90000000E-012	*
8.55000000E-012	-2.04100000E-008	-6.38400000E-005	1.90000000E+000	2.07490000E-011	2.03650000E-008	6.38630000E-005	-2.00000000E+000	1.00000000E+000	4.00000000E+000	-7.79990000E-012	-5.75010000E-012	1.41500000E-011	*
-1.24000000E-011	-2.04000000E-008	-6.47640000E-005	2.00000000E+000	1.79500000E-011	2.05000000E-008	6.47680000E-005	-2.00000000E+000	1.00000000E+000	4.00000000E+000	-5.00000000E-012	6.79990000E-012	8.59980000E-012	*
-3.24500000E-011	-2.03400000E-008	-6.52750000E-005	2.10000000E+000	6.30010000E-012	2.03250000E-008	6.52750000E-005	-2.00000000E+000	1.00000000E+000	4.00000000E+000	6.10000000E-012	1.51000000E-011	2.35000000E-012	*
-2.42500000E-011	-1.99700000E-008	-6.58150000E-005	2.20000000E+000	-8.10020000E-012	2.00750000E-008	6.58030000E-005	-2.00000000E+000	1.00000000E+000	4.00000000E+000	-1.15000000E-012	7.70000000E-012	-4.70000000E-012	*
-1.30000000E-012	-2.00900000E-008	-6.63180000E-005	2.30000000E+000	1.85000000E-012	1.99550000E-008	6.62430000E-005	-2.00000000E+000	1.00000000E+000	4.00000000E+000	-9.99980000E-013	5.89990000E-012	-1.14000000E-011	*
2.39500000E-011	-1.99950000E-008	-6.65710000E-005	2.40000000E+000	-3.50000000E-012	2.01300000E-008	6.65860000E-005	-2.00000000E+000	1.00000000E+000	4.00000000E+000	-3.65000000E-012	-1.31000000E-011	-2.20000000E-012	*
3.53500000E-011	-2.00250000E-008	-6.68580000E-005	2.50000000E+000	1.71000000E-011	2.02250000E-008	6.68280000E-005	-2.00000000E+000	1.00000000E+000	4.00000000E+000	-2.09500000E-011	-1.68500000E-011	1.01500000E-011	*
2.06000000E-011	-1.99700000E-008	-6.68350000E-005	2.60000000E+000	1.88500000E-011	1.99850000E-008	6.68500000E-005	-2.00000000E+000	1.00000000E+000	4.00000000E+000	-9.90010000E-012	1.60000000E-012	7.04990000E-012	*
-7.95010000E-012	-1.97000000E-008	-6.68390000E-005	2.70000000E+000	2.17000000E-011	1.98400000E-008	6.68540000E-005	-2.00000000E+000	1.00000000E+000	4.00000000E+000	-6.10000000E-012	3.80010000E-012	4.05010000E-012	*
-2.99490000E-011	-1.98900000E-008	-6.67310000E-005	2.80000000E+000	5.39990000E-012	1.98500000E-008	6.66490000E-005	-2.00000000E+000	1.00000000E+000	4.00000000E+000	2.30000000E-012	8.30000000E-012	-8.35020000E-012	*
-2.79500000E-011	-1.97200000E-008	-6.66980000E-005	2.90000000E+000	-2.05000000E-012	1.94950000E-008	6.66010000E-005	-2.00000000E+000	1.00000000E+000	4.00000000E+000	7.85010000E-012	6.90000000E-012	-1.08500000E-011	*
-6.00010000E-012	-1.93650000E-008	-6.64140000E-005	3.00000000E+000	-9.49990000E-012	1.94950000E-008	6.63660000E-005	-2.00000000E+000	1.00000000E+000	4.00000000E+000	-1.99990000E-013	-4.65010000E-012	-6.15000000E-012	*
2.04500000E-011	-1.93350000E-008	-6.61800000E-005	3.10000000E+000	-4.40000000E-012	1.93550000E-008	6.62060000E-005	-2.00000000E+000	1.00000000E+000	4.00000000E+000	-6.19990000E-012	-9.69980000E-012	-1.90000000E-012	*
3.34510000E-011	-1.92000000E-008	-6.59190000E-005	3.20000000E+000	1.12000000E-011	1.93050000E-008	6.58630000E-005	-2.00000000E+000	1.00000000E+000	4.00000000E+000	-1.76500000E-011	-1.08000000E-011	5.50000000E-012	*
2.49500000E-011	-1.90250000E-008	-6.55690000E-005	3.30000000E+000	1.98500000E-011	1.89900000E-008	6.56690000E-005	-2.00000000E+000	1.00000000E+000	4.00000000E+000	-8.35020000E-012	-2.14990000E-012	6.65000000E-012	*
4.35010000E-012	-1.90200000E-008	-6.52630000E-005	3.40000000E+000	1.62500000E-011	1.91150000E-008	6.52890000E-005	-2.00000000E+000	1.00000000E+000	4.00000000E+000	-9.49990000E-012	6.74990000E-012	1.50000000E-013	*
-2.49000000E-011	-1.91350000E-008	-6.49730000E-005	3.50000000E+000	1.60000000E-011	1.92350000E-008	6.49690000E-005	-2.00000000E+000	1.00000000E+000	4.00000000E+000	3.85000000E-012	6.55010000E-012	-1.05000000E-011	*
-3.28500000E-011	-1.89700000E-008	-6.46640000E-005	3.60000000E+000	-3.95000000E-012	1.89150000E-008	6.46300000E-005	-2.00000000E+000	1.00000000E+000	4.00000000E+000	3.69990000E-012	8.39990000E-012	-9.20020000E-012	*
-1.90500000E-011	-1.89350000E-008	-6.42800000E-005	3.70000000E+000	-4.40000000E-012	1.88750000E-008	6.42690000E-005	-2.00000000E+000	1.00000000E+000	4.00000000E+000	2.90000000E-012	2.25000000E-012	-1.50000000E-012	*
8.30000000E-012	-1.88150000E-008	-6.39410000E-005	3.80000000E+000	-7.25000000E-012	1.88850000E-008	6.39560000E-005	-2.00000000E+000	1.00000000E+000	4.00000000E+000	-6.74990000E-012	-9.65010000E-012	4.70000000E-012	*
3.15500000E-011	-1.86450000E-008	-6.36840000E-005	3.90000000E+000	6.44990000E-012	1.87700000E-008	6.36950000E-005	-2.00000000E+000	1.00000000E+000	4.00000000E+000	-1.29500000E-011	-3.15000000E-012	9.80010000E-012	*
2.77500000E-011	-1.87350000E-008	-6.32330000E-005	4.00000000E+000	2.06500000E-011	1.87950000E-008	6.33150000E-005	-2.00000000E+000	1.00000000E+000	4.00000000E+000	-1.46500000E-011	-3.00010000E-012	5.05000000E-012	*
7.04990000E-012	-1.87400000E-008	-6.28940000E-005	4.10000000E+000	2.42000000E-011	1.86850000E-008	6.28790000E-005	-2.00000000E+000	1.00000000E+000	4.00000000E+000	-1.70000000E-012	1.25000000E-012	1.70000000E-012	*
-1.34500000E-011	-1.85250000E-008	-6.25620000E-005	4.20000000E+000	1.13500000E-011	1.85750000E-008	6.25180000E-005	-2.00000000E+000	1.00000000E+000	4.00000000E+000	4.15000000E-012	9.30010000E-012	-7.74980000E-012	*
-3.33490000E-011	-1.86000000E-008	-6.22240000E-005	4.30000000E+000	2.90000000E-012	1.87000000E-008	6.21900000E-005	-2.00000000E+000	1.00000000E+000	4.00000000E+000	4.24990000E-012	7.99980000E-012	-3.25000000E-012	*
-2.21500000E-011	-1.83950000E-008	-6.20300000E-005	4.40000000E+000	-2.40000000E-012	1.84800000E-008	6.19290000E-005	-2.00000000E+000	1.00000000E+000	4.00000000E+000	4.84990000E-012	3.30000000E-012	-3.60000000E-012	*
3.20000000E-012	-1.84900000E-008	-6.16200000E-005	4.50000000E+000	1.50000000E-012	1.85550000E-008	6.15530000E-005	-2.00000000E+000	1.00000000E+000	4.00000000E+000	-4.20000000E-012	-6.74990000E-012	1.27500000E-011	*
2.94010000E-011	-1.84150000E-008	-6.10580000E-005	4.60000000E+000	1.14500000E-011	1.85200000E-008	6.10760000E-005	-2.00000000E+000	1.00000000E+000	4.00000000E+000	-1.30500000E-011	-1.01000000E-011	9.20020000E-012	*
2.85000000E-011	-1.82750000E-008	-6.06500000E-005	4.70000000E+000	2.54500000E-011	1.84050000E-008	6.07240000E-005	-2.00000000E+000	1.00000000E+000	4.00000000E+000	-1.89500000E-011	-5.80000000E-012	3.50000000E-012	*
1.71000000E-011	-1.83050000E-008	-6.03440000E-005	4.80000000E+000	2.56000000E-011	1.83100000E-008	6.03090000E-005	-2.00000000E+000	1.00000000E+000	4.00000000E+000	-1.12500000E-011	-4.99990000E-013	-1.04000000E-011	*
-1.27500000E-011	-1.82800000E-008	-5.98640000E-005	4.90000000E+000	3.42500000E-011	1.81500000E-008	5.98690000E-005	-2.00000000E+000	1.00000000E+000	4.00000000E+000	-1.14000000E-011	1.45500000E-011	-5.15010000E-012	*
-3.09000000E-011	-1.82350000E-008	-5.95600000E-005	5.00000000E+000	2.35500000E-011	1.81750000E-008	5.95930000E-005	-2.00000000E+000	1.00000000E+000	4.00000000E+000	-1.24000000E-011	1.07000000E-011	-6.24990000E-012	*

TEST RESULTS:  OUTPUT  04/28/2025  15:56:54


