ATTRIBUTES:

Attribute #1:C:\Metrics\ics\projects\6.2600J_S25\transistor_measurement.ics
Attribute #2:Test
Attribute #3:dev1
Attribute #4:PASSED
SETUP:TRANSFER  04/28/2025  15:35:07
DATE:04/28/2025
TIME:15:35:07

CONDITIONS:

ID:	D	
UNIT:	SMU2	
MODE: STEP	
START:	0.5	
STOP:	5	
PNTS:	2	
STEP:	4.5

ID:	G	
UNIT:	SMU4	
MODE: SWEEP	
START:	-2	
STOP:	4	
PNTS:	61	
STEP:	0.1

ID:	S	
UNIT:	SMU1	
MODE: CONST	
VALUE:	0

DATA:  TRANSFER  04/28/2025  15:35:07

IS	IS2	VD	VD2	ID	ID2	VG	IG	IG2	ACCSTRESS
2.76000000E-011	3.51010000E-011	5.00000000E-001	5.00000000E+000	1.67000000E-011	9.09990000E-011	-2.00000000E+000	1.02500000E-011	-5.96500000E-011	0.00000000E+000
-3.99010000E-011	-2.64500000E-011	5.00000000E-001	5.00000000E+000	-1.41500000E-011	3.98510000E-011	-1.90000000E+000	4.61000000E-011	-2.43000000E-011	*
-3.68510000E-011	-6.05010000E-012	5.00000000E-001	5.00000000E+000	-1.56500000E-011	2.54990000E-011	-1.80000000E+000	-4.99990000E-013	-3.69990000E-012	*
-7.60010000E-012	2.37990000E-011	5.00000000E-001	5.00000000E+000	-8.99990000E-012	3.06490000E-011	-1.70000000E+000	2.73000000E-011	-2.14990000E-012	*
1.40500000E-011	2.85490000E-011	5.00000000E-001	5.00000000E+000	-5.75010000E-012	3.20510000E-011	-1.60000000E+000	2.35000000E-011	1.14500000E-011	*
2.26000000E-011	3.80010000E-012	5.00000000E-001	5.00000000E+000	5.80000000E-012	2.53500000E-011	-1.50000000E+000	4.21000000E-011	3.70990000E-011	*
6.79990000E-012	-2.47000000E-011	5.00000000E-001	5.00000000E+000	7.15000000E-012	1.99000000E-011	-1.40000000E+000	2.43000000E-011	5.00510000E-011	*
-2.13500000E-011	-3.63500000E-011	5.00000000E-001	5.00000000E+000	1.57000000E-011	-2.95000000E-012	-1.30000000E+000	7.52500000E-011	5.51510000E-011	*
-4.46510000E-011	-2.52000000E-011	5.00000000E-001	5.00000000E+000	-1.21500000E-011	-5.64990000E-012	-1.20000000E+000	7.72010000E-011	5.35500000E-011	*
-2.95000000E-011	2.75000000E-012	5.00000000E-001	5.00000000E+000	-1.75000000E-011	-4.60010000E-012	-1.10000000E+000	5.83000000E-011	5.38500000E-011	*
-5.34990000E-012	2.65000000E-011	5.00000000E-001	5.00000000E+000	-8.99990000E-012	6.74990000E-012	-1.00000000E+000	5.18000000E-011	3.84490000E-011	*
1.67500000E-011	2.72500000E-011	5.00000000E-001	5.00000000E+000	-3.90000000E-012	1.34000000E-011	-9.00000000E-001	4.14500000E-011	5.06000000E-011	*
1.66000000E-011	1.50000000E-012	5.00000000E-001	5.00000000E+000	7.10010000E-012	1.95500000E-011	-8.00000000E-001	4.98500000E-011	5.42500000E-011	*
-3.25000000E-012	-2.37990000E-011	5.00000000E-001	5.00000000E+000	1.51000000E-011	1.05000000E-012	-7.00000000E-001	5.33000000E-011	6.10000000E-011	*
-3.22000000E-011	-2.66500000E-011	5.00000000E-001	5.00000000E+000	-2.90000000E-012	-4.45000000E-012	-6.00000000E-001	7.31010000E-011	4.73510000E-011	*
-4.10500000E-011	-5.64990000E-012	5.00000000E-001	5.00000000E+000	-2.49990000E-013	-1.03500000E-011	-5.00000000E-001	5.55010000E-011	3.69500000E-011	*
-3.39500000E-011	2.01000000E-011	5.00000000E-001	5.00000000E+000	-4.84990000E-012	-2.60000000E-012	-4.00000000E-001	7.87000000E-011	2.99990000E-011	*
-2.70500000E-011	4.26500000E-011	5.00000000E-001	5.00000000E+000	7.45000000E-012	7.49980000E-012	-3.00000000E-001	7.26490000E-011	3.36990000E-011	*
-3.64490000E-010	2.41490000E-011	5.00000000E-001	5.00000000E+000	3.84740000E-010	3.54510000E-011	-2.00000000E-001	4.81000000E-011	1.48000000E-011	*
-2.16850000E-009	-3.01550000E-010	5.00000000E-001	5.00000000E+000	2.12050000E-009	3.32090000E-010	-1.00000000E-001	-9.20020000E-012	1.61500000E-011	*
-9.99810000E-009	-1.72300000E-009	5.00000000E-001	5.00000000E+000	1.01580000E-008	1.73140000E-009	0.00000000E+000	6.98500000E-011	-8.59980000E-012	*
-1.92650000E-008	-1.05030000E-008	5.00000000E-001	5.00000000E+000	1.90200000E-008	1.04450000E-008	1.00000000E-001	-9.20020000E-012	-9.59990000E-012	*
-3.45410000E-008	-3.52390000E-008	5.00000000E-001	5.00000000E+000	3.45900000E-008	3.53650000E-008	2.00000000E-001	9.55500000E-011	-1.49000000E-011	*
-5.31510000E-008	-8.76790000E-008	5.00000000E-001	5.00000000E+000	5.32260000E-008	8.73660000E-008	3.00000000E-001	-1.00000000E-013	3.07510000E-011	*
-7.17480000E-008	-1.58700000E-007	5.00000000E-001	5.00000000E+000	7.02710000E-008	1.56100000E-007	4.00000000E-001	4.78500000E-011	-5.06490000E-011	*
-9.44050000E-008	-2.90500000E-007	5.00000000E-001	5.00000000E+000	9.45980000E-008	2.88000000E-007	5.00000000E-001	7.51510000E-011	1.65000000E-011	*
-1.19800000E-007	-5.05500000E-007	5.00000000E-001	5.00000000E+000	1.05200000E-007	5.04630000E-007	6.00000000E-001	1.22000000E-011	8.89000000E-011	*
-1.46700000E-007	-8.01840000E-007	5.00000000E-001	5.00000000E+000	1.51450000E-007	8.01980000E-007	7.00000000E-001	1.14850000E-010	-2.05000000E-012	*
-1.99500000E-007	-1.16350000E-006	5.00000000E-001	5.00000000E+000	1.94450000E-007	1.15450000E-006	8.00000000E-001	2.18000000E-011	-1.75000000E-012	*
-2.77740000E-007	-1.67900000E-006	5.00000000E-001	5.00000000E+000	2.78600000E-007	1.68700000E-006	9.00000000E-001	2.80000000E-011	1.07050000E-010	*
-3.37090000E-007	-2.40600000E-006	5.00000000E-001	5.00000000E+000	3.41300000E-007	2.40700000E-006	1.00000000E+000	-4.75000000E-012	8.41990000E-011	*
-4.38000000E-007	-3.29140000E-006	5.00000000E-001	5.00000000E+000	4.38450000E-007	3.29140000E-006	1.10000000E+000	9.30010000E-012	3.26000000E-011	*
-5.55650000E-007	-4.41660000E-006	5.00000000E-001	5.00000000E+000	5.46690000E-007	4.40840000E-006	1.20000000E+000	1.24000000E-011	2.10500000E-011	*
-6.77480000E-007	-5.76400000E-006	5.00000000E-001	5.00000000E+000	6.70700000E-007	5.77000000E-006	1.30000000E+000	-1.38000000E-011	-3.50000000E-013	*
-8.16970000E-007	-7.36540000E-006	5.00000000E-001	5.00000000E+000	8.23580000E-007	7.37280000E-006	1.40000000E+000	2.25000000E-012	8.14990000E-012	*
-1.00360000E-006	-9.30440000E-006	5.00000000E-001	5.00000000E+000	9.95640000E-007	9.28250000E-006	1.50000000E+000	-1.09500000E-011	-2.37500000E-011	*
-1.15400000E-006	-1.12600000E-005	5.00000000E-001	5.00000000E+000	1.15050000E-006	1.12250000E-005	1.60000000E+000	8.35020000E-012	1.21500000E-011	*
-1.38350000E-006	-1.35800000E-005	5.00000000E-001	5.00000000E+000	1.38750000E-006	1.35700000E-005	1.70000000E+000	-1.87000000E-011	-7.89990000E-012	*
-1.64250000E-006	-1.64050000E-005	5.00000000E-001	5.00000000E+000	1.64800000E-006	1.63950000E-005	1.80000000E+000	2.59000000E-011	-8.59980000E-012	*
-1.99350000E-006	-1.94540000E-005	5.00000000E-001	5.00000000E+000	2.00400000E-006	1.94540000E-005	1.90000000E+000	-6.49990000E-012	3.50000000E-013	*
-2.37700000E-006	-2.27640000E-005	5.00000000E-001	5.00000000E+000	2.39200000E-006	2.27800000E-005	2.00000000E+000	2.40000000E-011	2.48150000E-010	*
-2.83800000E-006	-2.64750000E-005	5.00000000E-001	5.00000000E+000	2.85390000E-006	2.64850000E-005	2.10000000E+000	-1.85000000E-012	1.23500000E-011	*
-3.43150000E-006	-3.03000000E-005	5.00000000E-001	5.00000000E+000	3.44540000E-006	3.03100000E-005	2.20000000E+000	9.68010000E-011	-1.28500000E-011	*
-4.09340000E-006	-3.45050000E-005	5.00000000E-001	5.00000000E+000	4.11200000E-006	3.45200000E-005	2.30000000E+000	-5.16990000E-011	2.01000000E-011	*
-4.68800000E-006	-3.90040000E-005	5.00000000E-001	5.00000000E+000	4.66500000E-006	3.89850000E-005	2.40000000E+000	-1.31000000E-011	1.33500000E-011	*
-5.41450000E-006	-4.37240000E-005	5.00000000E-001	5.00000000E+000	5.40190000E-006	4.36990000E-005	2.50000000E+000	2.35500000E-011	-4.35010000E-012	*
-6.24380000E-006	-4.86750000E-005	5.00000000E-001	5.00000000E+000	6.24590000E-006	4.86650000E-005	2.60000000E+000	4.50000000E-012	1.99500000E-011	*
-7.18350000E-006	-5.41140000E-005	5.00000000E-001	5.00000000E+000	7.12140000E-006	5.39890000E-005	2.70000000E+000	-3.65010000E-011	-1.90500000E-011	*
-8.08340000E-006	-5.94150000E-005	5.00000000E-001	5.00000000E+000	8.09930000E-006	5.94300000E-005	2.80000000E+000	2.48000000E-011	-4.95000000E-012	*
-9.14930000E-006	-6.53010000E-005	5.00000000E-001	5.00000000E+000	9.15310000E-006	6.53230000E-005	2.90000000E+000	-5.67490000E-011	4.10010000E-012	*
-1.02580000E-005	-7.14030000E-005	5.00000000E-001	5.00000000E+000	1.02470000E-005	7.13840000E-005	3.00000000E+000	8.49980000E-012	-7.93000000E-011	*
-1.11450000E-005	-7.77580000E-005	5.00000000E-001	5.00000000E+000	1.10800000E-005	7.77730000E-005	3.10000000E+000	2.53000000E-011	2.33000000E-011	*
-1.19800000E-005	-8.43400000E-005	5.00000000E-001	5.00000000E+000	1.19500000E-005	8.43140000E-005	3.20000000E+000	3.50000000E-013	-1.62500000E-011	*
-1.34700000E-005	-9.10760000E-005	5.00000000E-001	5.00000000E+000	1.34300000E-005	9.10500000E-005	3.30000000E+000	1.65500000E-011	-1.63000000E-011	*
-1.50450000E-005	-9.80270000E-005	5.00000000E-001	5.00000000E+000	1.50200000E-005	9.80350000E-005	3.40000000E+000	2.25500000E-011	5.28010000E-011	*
-1.66000000E-005	-1.04900000E-004	5.00000000E-001	5.00000000E+000	1.66000000E-005	1.04850000E-004	3.50000000E+000	-8.10020000E-012	-1.84800000E-010	*
-1.82190000E-005	-1.12450000E-004	5.00000000E-001	5.00000000E+000	1.82100000E-005	1.12550000E-004	3.60000000E+000	8.82490000E-011	6.76510000E-011	*
-1.98600000E-005	-1.20200000E-004	5.00000000E-001	5.00000000E+000	1.98340000E-005	1.20100000E-004	3.70000000E+000	2.86000000E-011	-1.76000000E-011	*
-2.15200000E-005	-1.27950000E-004	5.00000000E-001	5.00000000E+000	2.15100000E-005	1.27850000E-004	3.80000000E+000	9.55010000E-012	1.12500000E-011	*
-2.32200000E-005	-1.36200000E-004	5.00000000E-001	5.00000000E+000	2.31950000E-005	1.36150000E-004	3.90000000E+000	4.55490000E-011	-3.24500000E-011	*
-2.49650000E-005	-1.44400000E-004	5.00000000E-001	5.00000000E+000	2.49500000E-005	1.44300000E-004	4.00000000E+000	1.89800000E-010	5.75010000E-012	*

TEST RESULTS:  TRANSFER  04/28/2025  15:35:07


SETUP:OUTPUT  04/28/2025  15:35:58
DATE:04/28/2025
TIME:15:35:58

CONDITIONS:

ID:	D	
UNIT:	SMU2	
MODE: SWEEP	
START:	0	
STOP:	5	
PNTS:	51	
STEP:	0.1

ID:	G	
UNIT:	SMU4	
MODE: STEP	
START:	-2	
STOP:	4	
PNTS:	3	
STEP:	3

ID:	S	
UNIT:	SMU1	
MODE: CONST	
VALUE:	0

DATA:  OUTPUT  04/28/2025  15:35:58

IS	IS2	IS3	VD	ID	ID2	ID3	VG	VG2	VG3	IG	IG2	IG3	ACCSTRESS
-2.49500000E-011	-5.38900000E-009	-1.39800000E-007	0.00000000E+000	-1.30000000E-012	4.62390000E-009	1.35250000E-007	-2.00000000E+000	1.00000000E+000	4.00000000E+000	-1.24500000E-011	-7.15000000E-012	2.57950000E-010	0.00000000E+000
2.09000000E-011	-2.65950000E-007	-8.95930000E-006	1.00000000E-001	1.72500000E-011	2.66450000E-007	8.85220000E-006	-2.00000000E+000	1.00000000E+000	4.00000000E+000	-1.37000000E-011	5.54510000E-011	1.27850000E-010	*
-6.65000000E-012	-4.55240000E-007	-1.49700000E-005	2.00000000E-001	1.14500000E-011	4.51390000E-007	1.48700000E-005	-2.00000000E+000	1.00000000E+000	4.00000000E+000	2.65000000E-012	6.62510000E-011	1.42850000E-010	*
-2.71500000E-011	-6.62080000E-007	-1.99850000E-005	3.00000000E-001	1.00000000E-011	6.60390000E-007	1.99950000E-005	-2.00000000E+000	1.00000000E+000	4.00000000E+000	-5.64990000E-012	6.20480000E-011	1.59600000E-010	*
-3.09990000E-011	-8.65140000E-007	-2.51800000E-005	4.00000000E-001	-1.13500000E-011	8.59840000E-007	2.51600000E-005	-2.00000000E+000	1.00000000E+000	4.00000000E+000	-6.35000000E-012	2.46000000E-011	2.83000000E-011	*
-1.06000000E-011	-1.03140000E-006	-2.98500000E-005	5.00000000E-001	-1.02000000E-011	1.03940000E-006	2.98600000E-005	-2.00000000E+000	1.00000000E+000	4.00000000E+000	-2.55000000E-012	1.99500000E-011	1.42800000E-010	*
1.89500000E-011	-1.18050000E-006	-3.42000000E-005	6.00000000E-001	-1.50000000E-013	1.19100000E-006	3.42210000E-005	-2.00000000E+000	1.00000000E+000	4.00000000E+000	-1.58000000E-011	2.55000000E-012	1.47350000E-010	*
3.33490000E-011	-1.30200000E-006	-3.80850000E-005	7.00000000E-001	5.45010000E-012	1.30400000E-006	3.80850000E-005	-2.00000000E+000	1.00000000E+000	4.00000000E+000	-1.51000000E-011	-6.49990000E-012	2.13750000E-010	*
2.84000000E-011	-1.45600000E-006	-4.17440000E-005	8.00000000E-001	1.46000000E-011	1.45950000E-006	4.17700000E-005	-2.00000000E+000	1.00000000E+000	4.00000000E+000	-1.46500000E-011	-5.64990000E-012	2.40800000E-010	*
6.90000000E-012	-1.59050000E-006	-4.52600000E-005	9.00000000E-001	1.39000000E-011	1.57700000E-006	4.52340000E-005	-2.00000000E+000	1.00000000E+000	4.00000000E+000	-6.70000000E-012	-3.80010000E-012	2.43840000E-010	*
-1.94500000E-011	-1.71500000E-006	-4.83600000E-005	1.00000000E+000	1.21000000E-011	1.71100000E-006	4.83690000E-005	-2.00000000E+000	1.00000000E+000	4.00000000E+000	0.00000000E+000	-3.08000000E-011	7.26490000E-011	*
-3.59000000E-011	-1.82600000E-006	-5.13100000E-005	1.10000000E+000	5.00000000E-014	1.83000000E-006	5.13340000E-005	-2.00000000E+000	1.00000000E+000	4.00000000E+000	-1.80000000E-012	-2.54500000E-011	2.12500000E-011	*
-2.24500000E-011	-1.94250000E-006	-5.41100000E-005	1.20000000E+000	-6.24990000E-012	1.93700000E-006	5.41250000E-005	-2.00000000E+000	1.00000000E+000	4.00000000E+000	-4.05010000E-012	-2.57000000E-011	1.74000000E-011	*
2.84990000E-012	-2.04250000E-006	-5.67250000E-005	1.30000000E+000	-4.35010000E-012	2.05400000E-006	5.66950000E-005	-2.00000000E+000	1.00000000E+000	4.00000000E+000	-8.39990000E-012	-2.76500000E-011	-8.84980000E-012	*
2.52000000E-011	-2.13690000E-006	-5.92300000E-005	1.40000000E+000	3.85000000E-012	2.15040000E-006	5.92130000E-005	-2.00000000E+000	1.00000000E+000	4.00000000E+000	-1.27500000E-011	-6.38990000E-011	-1.10400000E-010	*
3.47490000E-011	-2.22990000E-006	-6.17430000E-005	1.50000000E+000	1.67000000E-011	2.21600000E-006	6.17690000E-005	-2.00000000E+000	1.00000000E+000	4.00000000E+000	-1.36000000E-011	-7.66000000E-011	-5.99990000E-013	*
1.98500000E-011	-2.35250000E-006	-6.36500000E-005	1.60000000E+000	2.01500000E-011	2.33650000E-006	6.36580000E-005	-2.00000000E+000	1.00000000E+000	4.00000000E+000	-1.90000000E-012	-5.83000000E-011	6.12600000E-010	*
-1.15500000E-011	-2.41850000E-006	-6.56880000E-005	1.70000000E+000	1.64500000E-011	2.40350000E-006	6.56840000E-005	-2.00000000E+000	1.00000000E+000	4.00000000E+000	2.50000000E-012	-6.38990000E-011	4.69240000E-010	*
-3.32500000E-011	-2.48440000E-006	-6.75950000E-005	1.80000000E+000	-1.50000000E-012	2.49750000E-006	6.77930000E-005	-2.00000000E+000	1.00000000E+000	4.00000000E+000	-4.54990000E-012	-1.17100000E-010	3.04500000E-010	*
-2.81000000E-011	-2.53600000E-006	-6.96440000E-005	1.90000000E+000	-6.44990000E-012	2.51400000E-006	6.96930000E-005	-2.00000000E+000	1.00000000E+000	4.00000000E+000	-7.54990000E-012	-2.23500000E-011	2.70500000E-011	*
-5.45010000E-012	-2.59000000E-006	-7.12760000E-005	2.00000000E+000	-4.54990000E-012	2.58050000E-006	7.12500000E-005	-2.00000000E+000	1.00000000E+000	4.00000000E+000	-7.89990000E-012	-7.35010000E-012	-2.22000000E-011	*
1.93990000E-011	-2.67200000E-006	-7.28000000E-005	2.10000000E+000	-4.50000000E-013	2.66890000E-006	7.27620000E-005	-2.00000000E+000	1.00000000E+000	4.00000000E+000	-1.23000000E-011	2.75000000E-012	-1.40000000E-012	*
3.33490000E-011	-2.70290000E-006	-7.44540000E-005	2.20000000E+000	1.49500000E-011	2.70700000E-006	7.45060000E-005	-2.00000000E+000	1.00000000E+000	4.00000000E+000	-1.86500000E-011	1.20000000E-011	8.14990000E-012	*
2.54000000E-011	-2.76540000E-006	-7.60330000E-005	2.30000000E+000	1.81500000E-011	2.78000000E-006	7.61150000E-005	-2.00000000E+000	1.00000000E+000	4.00000000E+000	-6.90000000E-012	2.45000000E-012	-2.20950000E-010	*
-2.30000000E-012	-2.84150000E-006	-7.75530000E-005	2.40000000E+000	1.58000000E-011	2.82900000E-006	7.75490000E-005	-2.00000000E+000	1.00000000E+000	4.00000000E+000	-5.30000000E-012	-2.07000000E-011	-2.03450000E-010	*
-2.62000000E-011	-2.90900000E-006	-7.89050000E-005	2.50000000E+000	1.16500000E-011	2.91290000E-006	7.88830000E-005	-2.00000000E+000	1.00000000E+000	4.00000000E+000	-8.90000000E-012	-3.34510000E-011	-1.44600000E-010	*
-3.09000000E-011	-2.94400000E-006	-8.00970000E-005	2.60000000E+000	-6.85010000E-012	2.94100000E-006	8.00190000E-005	-2.00000000E+000	1.00000000E+000	4.00000000E+000	-5.69990000E-012	-4.43500000E-011	-7.11500000E-011	*
-2.09000000E-011	-2.98500000E-006	-8.13380000E-005	2.70000000E+000	-3.40000000E-012	2.96540000E-006	8.12080000E-005	-2.00000000E+000	1.00000000E+000	4.00000000E+000	-3.87500000E-011	-3.19500000E-011	-1.87550000E-010	*
6.79990000E-012	-3.00550000E-006	-8.24850000E-005	2.80000000E+000	1.50000000E-013	3.02100000E-006	8.23880000E-005	-2.00000000E+000	1.00000000E+000	4.00000000E+000	-4.18000000E-011	-1.49000000E-011	-1.46050000E-010	*
2.55500000E-011	-3.05450000E-006	-8.34580000E-005	2.90000000E+000	1.03500000E-011	3.05240000E-006	8.34580000E-005	-2.00000000E+000	1.00000000E+000	4.00000000E+000	-5.20510000E-011	-9.65010000E-012	-7.80500000E-011	*
1.92500000E-011	-3.08150000E-006	-8.44710000E-005	3.00000000E+000	2.22000000E-011	3.07550000E-006	8.44340000E-005	-2.00000000E+000	1.00000000E+000	4.00000000E+000	-3.40000000E-011	-1.82000000E-011	-7.49980000E-012	*
-9.00000000E-013	-3.13150000E-006	-8.53090000E-005	3.10000000E+000	1.91000000E-011	3.11750000E-006	8.53280000E-005	-2.00000000E+000	1.00000000E+000	4.00000000E+000	-1.16500000E-011	-2.43000000E-011	-8.24980000E-012	*
-2.56500000E-011	-3.13100000E-006	-8.65380000E-005	3.20000000E+000	3.65000000E-012	3.13650000E-006	8.65270000E-005	-2.00000000E+000	1.00000000E+000	4.00000000E+000	-1.50000000E-012	-1.80500000E-011	-4.52000000E-011	*
-3.18000000E-011	-3.15040000E-006	-8.73360000E-005	3.30000000E+000	-7.99970000E-013	3.16150000E-006	8.72500000E-005	-2.00000000E+000	1.00000000E+000	4.00000000E+000	2.11500000E-011	-2.75500000E-011	-6.50010000E-011	*
-1.78000000E-011	-3.19700000E-006	-8.84530000E-005	3.40000000E+000	-6.99990000E-012	3.19140000E-006	8.83940000E-005	-2.00000000E+000	1.00000000E+000	4.00000000E+000	-5.89990000E-012	-9.24990000E-012	-5.88510000E-011	*
1.05000000E-011	-3.21050000E-006	-8.91530000E-005	3.50000000E+000	-2.55000000E-012	3.22900000E-006	8.91050000E-005	-2.00000000E+000	1.00000000E+000	4.00000000E+000	-1.68500000E-011	-2.40000000E-012	-3.40000000E-011	*
3.18500000E-011	-3.24390000E-006	-9.00550000E-005	3.60000000E+000	1.04500000E-011	3.22640000E-006	9.00550000E-005	-2.00000000E+000	1.00000000E+000	4.00000000E+000	-1.36000000E-011	-4.65010000E-012	-1.42500000E-011	*
2.60500000E-011	-3.25240000E-006	-9.08520000E-005	3.70000000E+000	1.89000000E-011	3.25000000E-006	9.08490000E-005	-2.00000000E+000	1.00000000E+000	4.00000000E+000	-1.47500000E-011	4.24990000E-012	-3.30000000E-012	*
-4.35010000E-012	-3.29500000E-006	-9.18020000E-005	3.80000000E+000	1.68500000E-011	3.29090000E-006	9.17650000E-005	-2.00000000E+000	1.00000000E+000	4.00000000E+000	5.75010000E-012	-2.63500000E-011	-6.99990000E-012	*
-2.62000000E-011	-3.31550000E-006	-9.24500000E-005	3.90000000E+000	9.05010000E-012	3.31140000E-006	9.25030000E-005	-2.00000000E+000	1.00000000E+000	4.00000000E+000	2.37500000E-011	-3.12990000E-011	-3.70990000E-011	*
-3.16490000E-011	-3.35040000E-006	-9.34490000E-005	4.00000000E+000	8.49980000E-013	3.35040000E-006	9.34000000E-005	-2.00000000E+000	1.00000000E+000	4.00000000E+000	1.05000000E-012	-3.45000000E-012	-2.32000000E-010	*
-1.81000000E-011	-3.34250000E-006	-9.44840000E-005	4.10000000E+000	4.99990000E-013	3.33650000E-006	9.43540000E-005	-2.00000000E+000	1.00000000E+000	4.00000000E+000	-5.85000000E-012	-1.74500000E-011	-2.30400000E-010	*
8.45010000E-012	-3.33890000E-006	-9.52290000E-005	4.20000000E+000	7.60010000E-012	3.32050000E-006	9.52480000E-005	-2.00000000E+000	1.00000000E+000	4.00000000E+000	-1.28000000E-011	-4.20000000E-012	-2.09800000E-010	*
2.92000000E-011	-3.33100000E-006	-9.61090000E-005	4.30000000E+000	1.82500000E-011	3.32100000E-006	9.60750000E-005	-2.00000000E+000	1.00000000E+000	4.00000000E+000	-1.95000000E-011	-4.95000000E-012	-9.13510000E-011	*
2.96490000E-011	-3.34190000E-006	-9.66230000E-005	4.40000000E+000	2.97010000E-011	3.33490000E-006	9.67680000E-005	-2.00000000E+000	1.00000000E+000	4.00000000E+000	-1.48000000E-011	2.55000000E-012	-1.03350000E-010	*
1.20000000E-012	-3.36940000E-006	-9.77330000E-005	4.50000000E+000	3.18000000E-011	3.34450000E-006	9.78520000E-005	-2.00000000E+000	1.00000000E+000	4.00000000E+000	-1.92000000E-011	-1.95500000E-011	-1.10450000E-010	*
-2.22500000E-011	-3.35540000E-006	-9.84890000E-005	4.60000000E+000	2.42000000E-011	3.35100000E-006	9.84850000E-005	-2.00000000E+000	1.00000000E+000	4.00000000E+000	-1.65500000E-011	-2.44500000E-011	-1.25750000E-010	*
-3.00510000E-011	-3.36390000E-006	-9.93120000E-005	4.70000000E+000	2.61000000E-011	3.36940000E-006	9.94950000E-005	-2.00000000E+000	1.00000000E+000	4.00000000E+000	-2.80490000E-011	-1.71990000E-011	-5.13490000E-011	*
-1.62500000E-011	-3.37700000E-006	-9.99090000E-005	4.80000000E+000	3.12500000E-011	3.37550000E-006	9.99610000E-005	-2.00000000E+000	1.00000000E+000	4.00000000E+000	-3.56990000E-011	-1.45000000E-011	-3.82010000E-011	*
6.40000000E-012	-3.35390000E-006	-1.00950000E-004	4.90000000E+000	4.72000000E-011	3.37050000E-006	1.00890000E-004	-2.00000000E+000	1.00000000E+000	4.00000000E+000	-5.59500000E-011	-3.99980000E-013	-5.40000000E-011	*
3.32000000E-011	-3.37050000E-006	-1.01690000E-004	5.00000000E+000	7.57510000E-011	3.38940000E-006	1.01640000E-004	-2.00000000E+000	1.00000000E+000	4.00000000E+000	-8.60010000E-011	7.74980000E-012	-3.20750000E-010	*

TEST RESULTS:  OUTPUT  04/28/2025  15:35:58


