ATTRIBUTES:

Attribute #1:C:\Metrics\ics\projects\6.2600J_S25\transistor_measurement.ics
Attribute #2:Test
Attribute #3:dev1
Attribute #4:PASSED
SETUP:TRANSFER  04/28/2025  15:38:34
DATE:04/28/2025
TIME:15:38:34

CONDITIONS:

ID:	D	
UNIT:	SMU2	
MODE: STEP	
START:	0.5	
STOP:	5	
PNTS:	2	
STEP:	4.5

ID:	G	
UNIT:	SMU4	
MODE: SWEEP	
START:	-2	
STOP:	4	
PNTS:	61	
STEP:	0.1

ID:	S	
UNIT:	SMU1	
MODE: CONST	
VALUE:	0

DATA:  TRANSFER  04/28/2025  15:38:34

IS	IS2	VD	VD2	ID	ID2	VG	IG	IG2	ACCSTRESS
-2.79500000E-011	-2.83000000E-011	5.00000000E-001	5.00000000E+000	-1.27000000E-011	7.17510000E-011	-2.00000000E+000	-7.99980000E-012	-7.81990000E-011	0.00000000E+000
2.84500000E-011	2.81000000E-011	5.00000000E-001	5.00000000E+000	8.70010000E-012	5.15500000E-011	-1.90000000E+000	3.54510000E-011	-4.30000000E-011	*
1.82500000E-011	2.18500000E-011	5.00000000E-001	5.00000000E+000	7.39980000E-012	5.39000000E-011	-1.80000000E+000	4.30500000E-011	-1.20000000E-011	*
-8.30000000E-012	-3.55010000E-012	5.00000000E-001	5.00000000E+000	4.60010000E-012	4.03000000E-011	-1.70000000E+000	4.95000000E-011	-2.65000000E-012	*
-3.65500000E-011	-2.89500000E-011	5.00000000E-001	5.00000000E+000	2.00000000E-013	1.45000000E-011	-1.60000000E+000	5.90990000E-011	2.73000000E-011	*
-3.43490000E-011	-3.87990000E-011	5.00000000E-001	5.00000000E+000	-1.45000000E-011	7.99980000E-012	-1.50000000E+000	6.72490000E-011	4.19510000E-011	*
-1.59000000E-011	-2.19500000E-011	5.00000000E-001	5.00000000E+000	-1.48500000E-011	-1.59990000E-012	-1.40000000E+000	5.64490000E-011	3.80990000E-011	*
9.40000000E-012	5.85000000E-012	5.00000000E-001	5.00000000E+000	-1.09000000E-011	-2.10000000E-012	-1.30000000E+000	5.33990000E-011	4.99000000E-011	*
2.65000000E-011	2.78500000E-011	5.00000000E-001	5.00000000E+000	4.90010000E-012	1.36000000E-011	-1.20000000E+000	4.89000000E-011	3.19500000E-011	*
1.24000000E-011	2.27500000E-011	5.00000000E-001	5.00000000E+000	8.30000000E-012	2.16000000E-011	-1.10000000E+000	5.28010000E-011	5.04510000E-011	*
-1.74500000E-011	-3.85000000E-012	5.00000000E-001	5.00000000E+000	6.24990000E-012	1.00000000E-011	-1.00000000E+000	6.18000000E-011	6.30000000E-011	*
-3.79500000E-011	-2.92500000E-011	5.00000000E-001	5.00000000E+000	-6.65000000E-012	6.99990000E-012	-9.00000000E-001	6.42010000E-011	5.60490000E-011	*
-3.10510000E-011	-3.46500000E-011	5.00000000E-001	5.00000000E+000	-2.07000000E-011	-5.09990000E-012	-8.00000000E-001	6.45990000E-011	5.50490000E-011	*
-6.85010000E-012	-1.16000000E-011	5.00000000E-001	5.00000000E+000	-5.25000000E-012	-1.42500000E-011	-7.00000000E-001	6.70500000E-011	5.54510000E-011	*
2.01500000E-011	2.18500000E-011	5.00000000E-001	5.00000000E+000	-5.64990000E-012	3.69990000E-012	-6.00000000E-001	5.29000000E-011	3.92010000E-011	*
2.50500000E-011	3.47490000E-011	5.00000000E-001	5.00000000E+000	6.35000000E-012	1.30500000E-011	-5.00000000E-001	4.55990000E-011	4.33010000E-011	*
1.60000000E-012	2.36000000E-011	5.00000000E-001	5.00000000E+000	1.89000000E-011	1.29500000E-011	-4.00000000E-001	5.27510000E-011	4.20000000E-011	*
-2.48500000E-011	-8.14990000E-012	5.00000000E-001	5.00000000E+000	5.80000000E-012	1.88000000E-011	-3.00000000E-001	6.03500000E-011	4.57000000E-011	*
-3.42500000E-011	-2.14500000E-011	5.00000000E-001	5.00000000E+000	-6.49990000E-012	-2.25000000E-012	-2.00000000E-001	5.45500000E-011	3.68510000E-011	*
-3.08000000E-011	-1.60000000E-011	5.00000000E-001	5.00000000E+000	-8.14990000E-012	-6.99990000E-012	-1.00000000E-001	7.09510000E-011	4.21990000E-011	*
-8.25510000E-011	-2.60000000E-012	5.00000000E-001	5.00000000E+000	7.76520000E-011	1.86000000E-011	0.00000000E+000	6.20480000E-011	4.30500000E-011	*
-1.03180000E-009	-2.79200000E-010	5.00000000E-001	5.00000000E+000	1.04840000E-009	3.23390000E-010	1.00000000E-001	6.45000000E-011	3.42000000E-011	*
-3.16740000E-009	-1.40400000E-009	5.00000000E-001	5.00000000E+000	2.99100000E-009	1.35300000E-009	2.00000000E-001	-1.34000000E-011	-2.26500000E-011	*
-9.86070000E-009	-8.20130000E-009	5.00000000E-001	5.00000000E+000	9.95530000E-009	8.32870000E-009	3.00000000E-001	8.03480000E-011	5.72500000E-011	*
-1.58700000E-008	-2.41200000E-008	5.00000000E-001	5.00000000E+000	1.53400000E-008	2.38250000E-008	4.00000000E-001	-5.15010000E-012	-7.25000000E-012	*
-2.39950000E-008	-6.12630000E-008	5.00000000E-001	5.00000000E+000	2.38050000E-008	6.12020000E-008	5.00000000E-001	5.15010000E-012	6.59490000E-011	*
-3.61400000E-008	-1.19900000E-007	5.00000000E-001	5.00000000E+000	3.55160000E-008	1.19150000E-007	6.00000000E-001	5.81490000E-011	-1.83500000E-011	*
-5.26310000E-008	-2.15450000E-007	5.00000000E-001	5.00000000E+000	5.22250000E-008	2.15240000E-007	7.00000000E-001	3.88510000E-011	1.56500000E-011	*
-7.60300000E-008	-3.54850000E-007	5.00000000E-001	5.00000000E+000	7.57060000E-008	3.54640000E-007	8.00000000E-001	2.13000000E-011	4.55000000E-011	*
-1.04450000E-007	-5.43830000E-007	5.00000000E-001	5.00000000E+000	1.04150000E-007	5.43600000E-007	9.00000000E-001	2.66990000E-011	4.84500000E-011	*
-1.45000000E-007	-7.89290000E-007	5.00000000E-001	5.00000000E+000	1.45340000E-007	7.88770000E-007	1.00000000E+000	1.87500000E-011	3.19000000E-011	*
-1.92190000E-007	-1.08650000E-006	5.00000000E-001	5.00000000E+000	1.93450000E-007	1.08900000E-006	1.10000000E+000	-3.45000000E-012	-4.84010000E-011	*
-2.58050000E-007	-1.47000000E-006	5.00000000E-001	5.00000000E+000	2.59400000E-007	1.46850000E-006	1.20000000E+000	1.67500000E-011	6.50000000E-013	*
-3.40850000E-007	-1.92140000E-006	5.00000000E-001	5.00000000E+000	3.42250000E-007	1.92290000E-006	1.30000000E+000	3.95000000E-012	-1.07500000E-011	*
-4.42640000E-007	-2.46200000E-006	5.00000000E-001	5.00000000E+000	4.46090000E-007	2.46040000E-006	1.40000000E+000	-8.10020000E-012	4.60010000E-012	*
-5.70640000E-007	-3.08650000E-006	5.00000000E-001	5.00000000E+000	5.72730000E-007	3.08350000E-006	1.50000000E+000	1.21500000E-011	-9.44970000E-012	*
-7.25880000E-007	-3.80050000E-006	5.00000000E-001	5.00000000E+000	7.24190000E-007	3.80140000E-006	1.60000000E+000	-7.50010000E-013	-1.32500000E-011	*
-9.09320000E-007	-4.61840000E-006	5.00000000E-001	5.00000000E+000	9.08880000E-007	4.62050000E-006	1.70000000E+000	8.10020000E-012	5.85000000E-012	*
-1.10350000E-006	-5.53700000E-006	5.00000000E-001	5.00000000E+000	1.10300000E-006	5.53560000E-006	1.80000000E+000	2.46000000E-011	-1.58490000E-011	*
-1.36450000E-006	-6.56440000E-006	5.00000000E-001	5.00000000E+000	1.35600000E-006	6.56230000E-006	1.90000000E+000	1.17000000E-011	7.39980000E-012	*
-1.66300000E-006	-7.70110000E-006	5.00000000E-001	5.00000000E+000	1.65450000E-006	7.69880000E-006	2.00000000E+000	-5.55000000E-012	1.29000000E-011	*
-2.00000000E-006	-8.95240000E-006	5.00000000E-001	5.00000000E+000	1.99300000E-006	8.95050000E-006	2.10000000E+000	2.20500000E-011	-1.23000000E-011	*
-2.37150000E-006	-1.03230000E-005	5.00000000E-001	5.00000000E+000	2.37240000E-006	1.03220000E-005	2.20000000E+000	-1.21500000E-011	3.02990000E-011	*
-2.75890000E-006	-1.16850000E-005	5.00000000E-001	5.00000000E+000	2.75890000E-006	1.16750000E-005	2.30000000E+000	1.17000000E-011	-2.69500000E-011	*
-3.22100000E-006	-1.32500000E-005	5.00000000E-001	5.00000000E+000	3.22840000E-006	1.32500000E-005	2.40000000E+000	1.64500000E-011	9.69980000E-012	*
-3.72690000E-006	-1.50100000E-005	5.00000000E-001	5.00000000E+000	3.73600000E-006	1.50050000E-005	2.50000000E+000	-1.26000000E-011	-1.30500000E-011	*
-4.24450000E-006	-1.68900000E-005	5.00000000E-001	5.00000000E+000	4.24050000E-006	1.68850000E-005	2.60000000E+000	3.40000000E-011	-2.75000000E-012	*
-4.83050000E-006	-1.89050000E-005	5.00000000E-001	5.00000000E+000	4.82190000E-006	1.89000000E-005	2.70000000E+000	3.80010000E-012	2.92990000E-011	*
-5.41290000E-006	-2.10500000E-005	5.00000000E-001	5.00000000E+000	5.41290000E-006	2.10450000E-005	2.80000000E+000	-1.60500000E-011	-1.43000000E-011	*
-6.06850000E-006	-2.33300000E-005	5.00000000E-001	5.00000000E+000	6.05590000E-006	2.33250000E-005	2.90000000E+000	2.48500000E-011	8.10020000E-012	*
-6.72790000E-006	-2.57500000E-005	5.00000000E-001	5.00000000E+000	6.72740000E-006	2.57450000E-005	3.00000000E+000	-9.55010000E-012	2.80000000E-012	*
-7.43800000E-006	-2.83090000E-005	5.00000000E-001	5.00000000E+000	7.42750000E-006	2.83000000E-005	3.10000000E+000	2.30000000E-011	-2.56500000E-011	*
-8.14030000E-006	-3.09890000E-005	5.00000000E-001	5.00000000E+000	8.15000000E-006	3.09890000E-005	3.20000000E+000	4.20000000E-012	1.88500000E-011	*
-8.88160000E-006	-3.38140000E-005	5.00000000E-001	5.00000000E+000	8.87790000E-006	3.38140000E-005	3.30000000E+000	-8.99990000E-012	9.09980000E-012	*
-9.64110000E-006	-3.67800000E-005	5.00000000E-001	5.00000000E+000	9.63500000E-006	3.67650000E-005	3.40000000E+000	3.14500000E-011	-5.09990000E-012	*
-1.04200000E-005	-3.98590000E-005	5.00000000E-001	5.00000000E+000	1.04070000E-005	3.98640000E-005	3.50000000E+000	-2.35000000E-012	2.87000000E-011	*
-1.10950000E-005	-4.30850000E-005	5.00000000E-001	5.00000000E+000	1.10350000E-005	4.30790000E-005	3.60000000E+000	2.02500000E-011	1.00000000E-013	*
-1.17000000E-005	-4.64240000E-005	5.00000000E-001	5.00000000E+000	1.16850000E-005	4.64190000E-005	3.70000000E+000	-1.28000000E-011	5.75010000E-012	*
-1.25500000E-005	-4.99090000E-005	5.00000000E-001	5.00000000E+000	1.25300000E-005	4.99040000E-005	3.80000000E+000	3.46500000E-011	-1.00000000E-013	*
-1.34000000E-005	-5.35100000E-005	5.00000000E-001	5.00000000E+000	1.33950000E-005	5.35040000E-005	3.90000000E+000	-1.55000000E-012	-7.60010000E-012	*
-1.42700000E-005	-5.72300000E-005	5.00000000E-001	5.00000000E+000	1.42600000E-005	5.72240000E-005	4.00000000E+000	-1.02500000E-011	2.86500000E-011	*

TEST RESULTS:  TRANSFER  04/28/2025  15:38:34


SETUP:OUTPUT  04/28/2025  15:39:24
DATE:04/28/2025
TIME:15:39:24

CONDITIONS:

ID:	D	
UNIT:	SMU2	
MODE: SWEEP	
START:	0	
STOP:	5	
PNTS:	51	
STEP:	0.1

ID:	G	
UNIT:	SMU4	
MODE: STEP	
START:	-2	
STOP:	4	
PNTS:	3	
STEP:	3

ID:	S	
UNIT:	SMU1	
MODE: CONST	
VALUE:	0

DATA:  OUTPUT  04/28/2025  15:39:24

IS	IS2	IS3	VD	ID	ID2	ID3	VG	VG2	VG3	IG	IG2	IG3	ACCSTRESS
-3.26990000E-011	-4.29140000E-009	-5.50840000E-008	0.00000000E+000	-7.29990000E-012	3.91950000E-009	5.33890000E-008	-2.00000000E+000	1.00000000E+000	4.00000000E+000	-1.72500000E-011	-6.79990000E-012	1.45500000E-011	0.00000000E+000
2.88990000E-011	-2.80100000E-007	-4.08340000E-006	1.00000000E-001	1.75500000E-011	2.77840000E-007	4.07550000E-006	-2.00000000E+000	1.00000000E+000	4.00000000E+000	-2.04500000E-011	5.15010000E-012	-1.02500000E-011	*
1.07500000E-011	-4.82390000E-007	-7.66060000E-006	2.00000000E-001	1.47000000E-011	4.83300000E-007	7.66290000E-006	-2.00000000E+000	1.00000000E+000	4.00000000E+000	-1.26000000E-011	4.00000000E-013	-1.30000000E-011	*
-2.15000000E-011	-6.51980000E-007	-1.10150000E-005	3.00000000E-001	1.02000000E-011	6.51980000E-007	1.10100000E-005	-2.00000000E+000	1.00000000E+000	4.00000000E+000	-4.29990000E-012	-1.54500000E-011	2.27000000E-011	*
-2.77000000E-011	-7.83680000E-007	-1.41100000E-005	4.00000000E-001	-3.15000000E-012	7.83530000E-007	1.41100000E-005	-2.00000000E+000	1.00000000E+000	4.00000000E+000	-2.75000000E-012	-3.19500000E-011	-4.90010000E-012	*
-2.70000000E-011	-8.91390000E-007	-1.69990000E-005	5.00000000E-001	-8.65000000E-012	8.90550000E-007	1.69990000E-005	-2.00000000E+000	1.00000000E+000	4.00000000E+000	8.55000000E-012	-3.08000000E-011	-8.70010000E-012	*
1.25000000E-012	-9.69510000E-007	-1.96650000E-005	6.00000000E-001	-7.20000000E-012	9.70670000E-007	1.96650000E-005	-2.00000000E+000	1.00000000E+000	4.00000000E+000	1.50000000E-013	-3.38010000E-011	-2.07000000E-011	*
2.15500000E-011	-1.03570000E-006	-2.20900000E-005	7.00000000E-001	-3.05000000E-012	1.03550000E-006	2.20990000E-005	-2.00000000E+000	1.00000000E+000	4.00000000E+000	-7.45000000E-012	-4.13500000E-011	9.20020000E-012	*
3.34010000E-011	-1.08650000E-006	-2.43400000E-005	8.00000000E-001	1.47000000E-011	1.08700000E-006	2.43400000E-005	-2.00000000E+000	1.00000000E+000	4.00000000E+000	-1.37500000E-011	-1.86500000E-011	1.81000000E-011	*
2.24000000E-011	-1.11950000E-006	-2.63690000E-005	9.00000000E-001	1.92500000E-011	1.12500000E-006	2.63750000E-005	-2.00000000E+000	1.00000000E+000	4.00000000E+000	-1.26000000E-011	-3.96500000E-011	2.12000000E-011	*
-6.95000000E-012	-1.15350000E-006	-2.82500000E-005	1.00000000E+000	2.02000000E-011	1.15600000E-006	2.82600000E-005	-2.00000000E+000	1.00000000E+000	4.00000000E+000	-3.45000000E-012	-4.21000000E-011	6.24990000E-012	*
-2.71990000E-011	-1.18150000E-006	-2.99500000E-005	1.10000000E+000	6.40000000E-012	1.18150000E-006	2.99450000E-005	-2.00000000E+000	1.00000000E+000	4.00000000E+000	-8.49980000E-013	-2.59990000E-011	-4.15000000E-012	*
-3.05990000E-011	-1.19200000E-006	-3.15140000E-005	1.20000000E+000	-8.05000000E-012	1.19950000E-006	3.14990000E-005	-2.00000000E+000	1.00000000E+000	4.00000000E+000	-2.40000000E-012	-2.13000000E-011	-1.70000000E-011	*
-1.22000000E-011	-1.21250000E-006	-3.29540000E-005	1.30000000E+000	-8.10020000E-012	1.21600000E-006	3.29590000E-005	-2.00000000E+000	1.00000000E+000	4.00000000E+000	-9.50020000E-013	-1.62000000E-011	-1.44500000E-011	*
1.15000000E-011	-1.22650000E-006	-3.42600000E-005	1.40000000E+000	-2.25000000E-012	1.22750000E-006	3.42500000E-005	-2.00000000E+000	1.00000000E+000	4.00000000E+000	-8.05000000E-012	-1.55000000E-011	2.84500000E-011	*
2.93510000E-011	-1.23700000E-006	-3.54400000E-005	1.50000000E+000	9.80010000E-012	1.23800000E-006	3.54240000E-005	-2.00000000E+000	1.00000000E+000	4.00000000E+000	-1.14500000E-011	-1.70500000E-011	2.90500000E-011	*
3.12990000E-011	-1.24050000E-006	-3.65390000E-005	1.60000000E+000	1.09000000E-011	1.24300000E-006	3.65600000E-005	-2.00000000E+000	1.00000000E+000	4.00000000E+000	-1.51000000E-011	-1.74500000E-011	1.63500000E-011	*
2.50000000E-012	-1.24950000E-006	-3.75300000E-005	1.70000000E+000	2.08500000E-011	1.24900000E-006	3.75340000E-005	-2.00000000E+000	1.00000000E+000	4.00000000E+000	-1.00500000E-011	-1.09000000E-011	2.40000000E-012	*
-2.42000000E-011	-1.25350000E-006	-3.84490000E-005	1.80000000E+000	8.90000000E-012	1.25150000E-006	3.84540000E-005	-2.00000000E+000	1.00000000E+000	4.00000000E+000	-2.55000000E-012	-7.60010000E-012	-1.45000000E-011	*
-2.76500000E-011	-1.25550000E-006	-3.93200000E-005	1.90000000E+000	-5.05000000E-012	1.25350000E-006	3.93200000E-005	-2.00000000E+000	1.00000000E+000	4.00000000E+000	-4.15000000E-012	6.10000000E-012	-1.59500000E-011	*
-2.10000000E-011	-1.25550000E-006	-4.00840000E-005	2.00000000E+000	2.84990000E-012	1.25650000E-006	4.00840000E-005	-2.00000000E+000	1.00000000E+000	4.00000000E+000	-3.15000000E-012	-5.50000000E-012	6.99990000E-013	*
6.99990000E-012	-1.25600000E-006	-4.08440000E-005	2.10000000E+000	-5.50000000E-012	1.25700000E-006	4.08550000E-005	-2.00000000E+000	1.00000000E+000	4.00000000E+000	-9.99980000E-013	-1.10000000E-011	1.14000000E-011	*
2.88500000E-011	-1.25600000E-006	-4.15050000E-005	2.20000000E+000	6.40000000E-012	1.25650000E-006	4.15240000E-005	-2.00000000E+000	1.00000000E+000	4.00000000E+000	-6.70000000E-012	-1.30500000E-011	1.99000000E-011	*
3.36990000E-011	-1.25850000E-006	-4.21350000E-005	2.30000000E+000	1.69000000E-011	1.25850000E-006	4.21200000E-005	-2.00000000E+000	1.00000000E+000	4.00000000E+000	-1.76500000E-011	-1.07500000E-011	2.62500000E-011	*
1.93000000E-011	-1.25650000E-006	-4.27290000E-005	2.40000000E+000	1.60500000E-011	1.25650000E-006	4.27350000E-005	-2.00000000E+000	1.00000000E+000	4.00000000E+000	-6.39980000E-012	-3.69990000E-012	-4.10010000E-012	*
-9.90010000E-012	-1.25850000E-006	-4.32750000E-005	2.50000000E+000	1.76990000E-011	1.25600000E-006	4.32900000E-005	-2.00000000E+000	1.00000000E+000	4.00000000E+000	-4.84990000E-012	-4.35010000E-012	-1.85000000E-011	*
-2.87000000E-011	-1.25800000E-006	-4.37940000E-005	2.60000000E+000	-8.49980000E-013	1.25500000E-006	4.38040000E-005	-2.00000000E+000	1.00000000E+000	4.00000000E+000	1.20000000E-012	-4.24990000E-012	-3.33490000E-011	*
-3.08000000E-011	-1.25300000E-006	-4.42640000E-005	2.70000000E+000	-4.24990000E-012	1.25700000E-006	4.42640000E-005	-2.00000000E+000	1.00000000E+000	4.00000000E+000	3.00000000E-013	-2.84990000E-012	-9.24990000E-012	*
-1.00000000E-011	-1.25050000E-006	-4.48040000E-005	2.80000000E+000	-1.80000000E-012	1.25400000E-006	4.48000000E-005	-2.00000000E+000	1.00000000E+000	4.00000000E+000	-1.03500000E-011	-6.79990000E-012	-2.20000000E-012	*
1.52000000E-011	-1.25450000E-006	-4.52140000E-005	2.90000000E+000	-1.20000000E-012	1.25550000E-006	4.52290000E-005	-2.00000000E+000	1.00000000E+000	4.00000000E+000	-8.70010000E-012	-1.58000000E-011	-1.28500000E-011	*
2.99990000E-011	-1.24700000E-006	-4.55750000E-005	3.00000000E+000	9.49990000E-012	1.25350000E-006	4.55940000E-005	-2.00000000E+000	1.00000000E+000	4.00000000E+000	-1.61000000E-011	-3.69990000E-012	-2.24500000E-011	*
2.44000000E-011	-1.25200000E-006	-4.59440000E-005	3.10000000E+000	1.82500000E-011	1.25300000E-006	4.59440000E-005	-2.00000000E+000	1.00000000E+000	4.00000000E+000	-1.01500000E-011	-2.80000000E-012	-4.96000000E-011	*
9.00000000E-013	-1.25150000E-006	-4.63290000E-005	3.20000000E+000	1.93990000E-011	1.25150000E-006	4.63350000E-005	-2.00000000E+000	1.00000000E+000	4.00000000E+000	-3.90000000E-012	4.75000000E-012	-6.28510000E-011	*
-2.31000000E-011	-1.25000000E-006	-4.66700000E-005	3.30000000E+000	8.14990000E-012	1.25250000E-006	4.66700000E-005	-2.00000000E+000	1.00000000E+000	4.00000000E+000	0.00000000E+000	-4.50000000E-013	-6.51500000E-011	*
-2.85490000E-011	-1.24750000E-006	-4.70190000E-005	3.40000000E+000	-2.40000000E-012	1.24850000E-006	4.70540000E-005	-2.00000000E+000	1.00000000E+000	4.00000000E+000	-1.50000000E-012	2.00000000E-013	-4.22510000E-011	*
-1.29000000E-011	-1.24950000E-006	-4.73390000E-005	3.50000000E+000	-4.24990000E-012	1.25000000E-006	4.73540000E-005	-2.00000000E+000	1.00000000E+000	4.00000000E+000	-3.95000000E-012	-1.15000000E-012	-4.89000000E-011	*
1.57000000E-011	-1.25050000E-006	-4.76300000E-005	3.60000000E+000	8.80000000E-012	1.24950000E-006	4.76200000E-005	-2.00000000E+000	1.00000000E+000	4.00000000E+000	-8.84980000E-012	-1.46500000E-011	-3.45500000E-011	*
2.92990000E-011	-1.24700000E-006	-4.78740000E-005	3.70000000E+000	3.80010000E-012	1.24900000E-006	4.78940000E-005	-2.00000000E+000	1.00000000E+000	4.00000000E+000	-1.52500000E-011	-6.15000000E-012	-4.14990000E-011	*
2.71500000E-011	-1.24450000E-006	-4.81100000E-005	3.80000000E+000	1.81000000E-011	1.24800000E-006	4.81190000E-005	-2.00000000E+000	1.00000000E+000	4.00000000E+000	-1.51000000E-011	-9.30010000E-012	-3.78510000E-011	*
-2.49990000E-013	-1.24450000E-006	-4.83900000E-005	3.90000000E+000	2.64000000E-011	1.24750000E-006	4.83950000E-005	-2.00000000E+000	1.00000000E+000	4.00000000E+000	-9.24990000E-012	-6.15000000E-012	-4.72990000E-011	*
-2.21500000E-011	-1.24550000E-006	-4.86800000E-005	4.00000000E+000	1.39000000E-011	1.24850000E-006	4.86650000E-005	-2.00000000E+000	1.00000000E+000	4.00000000E+000	6.74990000E-012	6.70000000E-012	-3.09500000E-011	*
-3.13490000E-011	-1.24400000E-006	-4.89190000E-005	4.10000000E+000	-1.15000000E-012	1.24600000E-006	4.89240000E-005	-2.00000000E+000	1.00000000E+000	4.00000000E+000	-5.34990000E-012	-3.00010000E-012	-1.69000000E-011	*
-2.13500000E-011	-1.24450000E-006	-4.91250000E-005	4.20000000E+000	1.05500000E-011	1.24400000E-006	4.91250000E-005	-2.00000000E+000	1.00000000E+000	4.00000000E+000	-1.26000000E-011	2.49990000E-013	-7.39980000E-012	*
3.65000000E-012	-1.24000000E-006	-4.93640000E-005	4.30000000E+000	8.49980000E-012	1.24150000E-006	4.93540000E-005	-2.00000000E+000	1.00000000E+000	4.00000000E+000	-1.95500000E-011	-3.69990000E-012	-3.25000000E-012	*
2.64000000E-011	-1.24100000E-006	-4.95300000E-005	4.40000000E+000	1.83500000E-011	1.24300000E-006	4.95440000E-005	-2.00000000E+000	1.00000000E+000	4.00000000E+000	-1.73000000E-011	-1.30500000E-011	-1.36000000E-011	*
3.05500000E-011	-1.23950000E-006	-4.98050000E-005	4.50000000E+000	2.87500000E-011	1.24200000E-006	4.98150000E-005	-2.00000000E+000	1.00000000E+000	4.00000000E+000	-2.18000000E-011	7.50010000E-013	-3.69500000E-011	*
1.39000000E-011	-1.23850000E-006	-4.99950000E-005	4.60000000E+000	4.33500000E-011	1.24050000E-006	4.99990000E-005	-2.00000000E+000	1.00000000E+000	4.00000000E+000	-2.95000000E-011	-3.30000000E-012	-3.62000000E-011	*
-1.65500000E-011	-1.23950000E-006	-5.02040000E-005	4.70000000E+000	3.35500000E-011	1.24100000E-006	5.01950000E-005	-2.00000000E+000	1.00000000E+000	4.00000000E+000	-3.04500000E-011	-5.50000000E-013	-2.24500000E-011	*
-3.01000000E-011	-1.23850000E-006	-5.03900000E-005	4.80000000E+000	4.31990000E-011	1.24000000E-006	5.03990000E-005	-2.00000000E+000	1.00000000E+000	4.00000000E+000	-3.73500000E-011	6.74990000E-012	-7.79990000E-012	*
-2.36000000E-011	-1.23850000E-006	-5.05500000E-005	4.90000000E+000	4.63010000E-011	1.23850000E-006	5.05540000E-005	-2.00000000E+000	1.00000000E+000	4.00000000E+000	-6.04990000E-011	-1.00000000E-013	-4.50000000E-012	*
4.29990000E-012	-1.23850000E-006	-5.07500000E-005	5.00000000E+000	7.65500000E-011	1.23700000E-006	5.07500000E-005	-2.00000000E+000	1.00000000E+000	4.00000000E+000	-7.81990000E-011	-3.95000000E-012	1.09000000E-011	*

TEST RESULTS:  OUTPUT  04/28/2025  15:39:24


