ATTRIBUTES:

Attribute #1:C:\Metrics\ics\projects\6.2600J_S25\transistor_measurement.ics
Attribute #2:Test
Attribute #3:dev1
Attribute #4:PASSED
SETUP:TRANSFER  04/28/2025  16:17:26
DATE:04/28/2025
TIME:16:17:26

CONDITIONS:

ID:	D	
UNIT:	SMU2	
MODE: STEP	
START:	0.5	
STOP:	5	
PNTS:	2	
STEP:	4.5

ID:	G	
UNIT:	SMU4	
MODE: SWEEP	
START:	-2	
STOP:	4	
PNTS:	61	
STEP:	0.1

ID:	S	
UNIT:	SMU1	
MODE: CONST	
VALUE:	0

DATA:  TRANSFER  04/28/2025  16:17:26

IS	IS2	VD	VD2	ID	ID2	VG	IG	IG2	ACCSTRESS
7.95010000E-012	-5.07510000E-011	5.00000000E-001	5.00000000E+000	2.35000000E-012	-2.12500000E-011	-2.00000000E+000	1.50000000E-013	-6.57500000E-011	0.00000000E+000
1.08500000E-011	5.62010000E-011	5.00000000E-001	5.00000000E+000	-5.30000000E-012	2.39000000E-011	-1.90000000E+000	-2.60000000E-012	-5.00510000E-011	*
2.74000000E-011	3.09990000E-011	5.00000000E-001	5.00000000E+000	-2.35000000E-012	4.75500000E-011	-1.80000000E+000	-1.27000000E-011	-9.59990000E-012	*
3.24500000E-011	-2.22000000E-011	5.00000000E-001	5.00000000E+000	1.00000000E-011	4.20000000E-011	-1.70000000E+000	-7.99970000E-013	4.07990000E-011	*
1.04500000E-011	-4.98000000E-011	5.00000000E-001	5.00000000E+000	2.23000000E-011	3.99990000E-012	-1.60000000E+000	-3.99990000E-012	4.47010000E-011	*
-2.19000000E-011	-3.79500000E-011	5.00000000E-001	5.00000000E+000	-1.05000000E-012	-2.71500000E-011	-1.50000000E+000	1.02500000E-011	7.89990000E-012	*
-2.98500000E-011	6.50000000E-013	5.00000000E-001	5.00000000E+000	-6.19990000E-012	-2.73500000E-011	-1.40000000E+000	1.21000000E-011	-2.28500000E-011	*
-2.26000000E-011	3.63500000E-011	5.00000000E-001	5.00000000E+000	-1.10000000E-011	-1.52500000E-011	-1.30000000E+000	2.05000000E-012	-4.88000000E-011	*
8.99990000E-012	5.67490000E-011	5.00000000E-001	5.00000000E+000	-1.42500000E-011	2.97010000E-011	-1.20000000E+000	5.50000000E-013	-4.18000000E-011	*
3.36990000E-011	2.32500000E-011	5.00000000E-001	5.00000000E+000	9.59990000E-012	4.47500000E-011	-1.10000000E+000	-4.95000000E-012	1.53000000E-011	*
3.02990000E-011	-2.78500000E-011	5.00000000E-001	5.00000000E+000	1.38500000E-011	3.90000000E-011	-1.00000000E+000	-4.45000000E-012	5.53500000E-011	*
5.69990000E-012	-5.60490000E-011	5.00000000E-001	5.00000000E+000	1.25000000E-011	-9.65010000E-012	-9.00000000E-001	6.65000000E-012	4.38500000E-011	*
-2.26000000E-011	-3.19000000E-011	5.00000000E-001	5.00000000E+000	-1.40000000E-012	-2.98000000E-011	-8.00000000E-001	1.85000000E-011	5.00000000E-012	*
-3.05000000E-011	1.54500000E-011	5.00000000E-001	5.00000000E+000	-9.84990000E-012	-3.12500000E-011	-7.00000000E-001	1.36000000E-011	-3.25000000E-011	*
-2.02500000E-011	5.06000000E-011	5.00000000E-001	5.00000000E+000	-1.75000000E-011	6.15000000E-012	-6.00000000E-001	1.04500000E-011	-3.80500000E-011	*
-5.89990000E-012	4.53500000E-011	5.00000000E-001	5.00000000E+000	9.90010000E-012	3.39500000E-011	-5.00000000E-001	1.25000000E-012	-1.11000000E-011	*
-2.72150000E-010	7.45000000E-012	5.00000000E-001	5.00000000E+000	2.93700000E-010	3.70500000E-011	-4.00000000E-001	-4.99980000E-014	3.34510000E-011	*
-1.68940000E-009	-4.60510000E-011	5.00000000E-001	5.00000000E+000	1.62340000E-009	2.81000000E-011	-3.00000000E-001	-3.19990000E-012	4.68990000E-011	*
-6.15540000E-009	-1.41300000E-010	5.00000000E-001	5.00000000E+000	6.17980000E-009	5.65500000E-011	-2.00000000E-001	1.28500000E-011	4.06010000E-011	*
-1.44550000E-008	-9.64010000E-010	5.00000000E-001	5.00000000E+000	1.41000000E-008	8.94350000E-010	-1.00000000E-001	-8.39990000E-012	-3.00010000E-012	*
-3.02750000E-008	-3.18990000E-009	5.00000000E-001	5.00000000E+000	3.04550000E-008	3.01000000E-009	0.00000000E+000	3.95000000E-012	-4.26500000E-011	*
-6.11840000E-008	-8.77070000E-009	5.00000000E-001	5.00000000E+000	6.15040000E-008	8.87530000E-009	1.00000000E-001	8.30000000E-012	2.45000000E-012	*
-1.06400000E-007	-1.89150000E-008	5.00000000E-001	5.00000000E+000	1.05050000E-007	1.81950000E-008	2.00000000E-001	-1.30000000E-012	9.40000000E-012	*
-1.77290000E-007	-3.73260000E-008	5.00000000E-001	5.00000000E+000	1.77100000E-007	3.74000000E-008	3.00000000E-001	1.07000000E-011	5.56500000E-011	*
-2.97990000E-007	-7.27990000E-008	5.00000000E-001	5.00000000E+000	2.94440000E-007	7.24760000E-008	4.00000000E-001	1.29500000E-011	4.55990000E-011	*
-4.67640000E-007	-1.19350000E-007	5.00000000E-001	5.00000000E+000	4.68990000E-007	1.18150000E-007	5.00000000E-001	1.80000000E-011	2.57500000E-011	*
-7.09930000E-007	-2.02740000E-007	5.00000000E-001	5.00000000E+000	7.10420000E-007	2.08700000E-007	6.00000000E-001	1.48500000E-011	7.15520000E-011	*
-1.05030000E-006	-3.51050000E-007	5.00000000E-001	5.00000000E+000	1.04990000E-006	3.51940000E-007	7.00000000E-001	6.50000000E-013	5.73000000E-011	*
-1.33550000E-006	-5.77800000E-007	5.00000000E-001	5.00000000E+000	1.32000000E-006	5.73140000E-007	8.00000000E-001	2.20000000E-012	1.31000000E-011	*
-1.76000000E-006	-9.09780000E-007	5.00000000E-001	5.00000000E+000	1.76100000E-006	9.07370000E-007	9.00000000E-001	6.99990000E-012	-2.48500000E-011	*
-2.40550000E-006	-1.24950000E-006	5.00000000E-001	5.00000000E+000	2.40850000E-006	1.25650000E-006	1.00000000E+000	-8.30000000E-012	-3.82010000E-011	*
-3.17550000E-006	-1.79400000E-006	5.00000000E-001	5.00000000E+000	3.14840000E-006	1.78500000E-006	1.10000000E+000	-1.25000000E-012	-4.67010000E-011	*
-4.05060000E-006	-2.61550000E-006	5.00000000E-001	5.00000000E+000	4.05640000E-006	2.62600000E-006	1.20000000E+000	6.30010000E-012	-2.58000000E-011	*
-5.08940000E-006	-3.72450000E-006	5.00000000E-001	5.00000000E+000	5.07900000E-006	3.73390000E-006	1.30000000E+000	1.39000000E-011	1.55500000E-011	*
-6.20750000E-006	-5.10780000E-006	5.00000000E-001	5.00000000E+000	6.19450000E-006	5.10090000E-006	1.40000000E+000	1.84500000E-011	5.26990000E-011	*
-7.41850000E-006	-6.83450000E-006	5.00000000E-001	5.00000000E+000	7.43150000E-006	6.83800000E-006	1.50000000E+000	1.13000000E-011	5.13000000E-011	*
-8.71490000E-006	-8.84940000E-006	5.00000000E-001	5.00000000E+000	8.69950000E-006	8.84480000E-006	1.60000000E+000	3.05000000E-012	5.00000000E-014	*
-1.00180000E-005	-1.04000000E-005	5.00000000E-001	5.00000000E+000	1.00080000E-005	1.03100000E-005	1.70000000E+000	5.34990000E-012	5.60990000E-011	*
-1.06900000E-005	-1.26350000E-005	5.00000000E-001	5.00000000E+000	1.06250000E-005	1.26200000E-005	1.80000000E+000	-4.34000000E-011	3.74490000E-011	*
-1.17000000E-005	-1.56950000E-005	5.00000000E-001	5.00000000E+000	1.16900000E-005	1.57100000E-005	1.90000000E+000	2.39000000E-011	-3.90000000E-012	*
-1.32400000E-005	-1.91290000E-005	5.00000000E-001	5.00000000E+000	1.32300000E-005	1.91250000E-005	2.00000000E+000	6.21510000E-011	-4.28000000E-011	*
-1.47750000E-005	-2.28150000E-005	5.00000000E-001	5.00000000E+000	1.47800000E-005	2.28100000E-005	2.10000000E+000	5.60490000E-011	-3.19500000E-011	*
-1.63250000E-005	-2.68300000E-005	5.00000000E-001	5.00000000E+000	1.63200000E-005	2.68440000E-005	2.20000000E+000	9.90010000E-012	8.49980000E-012	*
-1.78450000E-005	-3.11150000E-005	5.00000000E-001	5.00000000E+000	1.78350000E-005	3.10800000E-005	2.30000000E+000	-2.81500000E-011	4.96490000E-011	*
-1.93500000E-005	-3.56900000E-005	5.00000000E-001	5.00000000E+000	1.93400000E-005	3.56600000E-005	2.40000000E+000	-3.77000000E-011	6.60980000E-011	*
-2.08640000E-005	-4.05240000E-005	5.00000000E-001	5.00000000E+000	2.08550000E-005	4.04850000E-005	2.50000000E+000	-9.34980000E-012	2.82500000E-011	*
-2.23500000E-005	-4.56350000E-005	5.00000000E-001	5.00000000E+000	2.23450000E-005	4.56090000E-005	2.60000000E+000	3.39500000E-011	-1.12000000E-011	*
-2.38400000E-005	-5.10340000E-005	5.00000000E-001	5.00000000E+000	2.38400000E-005	5.10940000E-005	2.70000000E+000	6.47480000E-011	-2.46000000E-011	*
-2.53050000E-005	-5.66540000E-005	5.00000000E-001	5.00000000E+000	2.52840000E-005	5.66340000E-005	2.80000000E+000	5.24510000E-011	-1.81000000E-011	*
-2.67450000E-005	-6.27080000E-005	5.00000000E-001	5.00000000E+000	2.67350000E-005	6.26560000E-005	2.90000000E+000	-5.75010000E-012	3.43990000E-011	*
-2.81740000E-005	-6.87580000E-005	5.00000000E-001	5.00000000E+000	2.81450000E-005	6.87430000E-005	3.00000000E+000	-3.68010000E-011	6.74480000E-011	*
-2.95590000E-005	-7.52210000E-005	5.00000000E-001	5.00000000E+000	2.95440000E-005	7.51950000E-005	3.10000000E+000	-3.18000000E-011	4.02510000E-011	*
-3.09440000E-005	-8.19380000E-005	5.00000000E-001	5.00000000E+000	3.09140000E-005	8.19190000E-005	3.20000000E+000	7.54990000E-012	-1.17000000E-011	*
-3.22950000E-005	-8.89340000E-005	5.00000000E-001	5.00000000E+000	3.22700000E-005	8.89040000E-005	3.30000000E+000	5.38500000E-011	-4.54500000E-011	*
-3.36300000E-005	-9.63430000E-005	5.00000000E-001	5.00000000E+000	3.36000000E-005	9.63020000E-005	3.40000000E+000	6.71000000E-011	-3.36500000E-011	*
-3.49340000E-005	-1.03710000E-004	5.00000000E-001	5.00000000E+000	3.49040000E-005	1.03670000E-004	3.50000000E+000	3.15000000E-011	1.63500000E-011	*
-3.62000000E-005	-1.07850000E-004	5.00000000E-001	5.00000000E+000	3.61690000E-005	1.07550000E-004	3.60000000E+000	-6.85010000E-012	-8.35020000E-012	*
-3.74300000E-005	-1.13250000E-004	5.00000000E-001	5.00000000E+000	3.74040000E-005	1.13350000E-004	3.70000000E+000	-2.19000000E-011	-3.52000000E-011	*
-3.86140000E-005	-1.22100000E-004	5.00000000E-001	5.00000000E+000	3.85900000E-005	1.22100000E-004	3.80000000E+000	-3.15000000E-011	-2.92000000E-011	*
-3.97840000E-005	-1.31000000E-004	5.00000000E-001	5.00000000E+000	3.97490000E-005	1.30950000E-004	3.90000000E+000	2.10000000E-011	3.02500000E-011	*
-4.09240000E-005	-1.39850000E-004	5.00000000E-001	5.00000000E+000	4.08850000E-005	1.39850000E-004	4.00000000E+000	6.65000000E-011	6.36510000E-011	*

TEST RESULTS:  TRANSFER  04/28/2025  16:17:26


SETUP:OUTPUT  04/28/2025  16:18:03
DATE:04/28/2025
TIME:16:18:03

CONDITIONS:

ID:	D	
UNIT:	SMU2	
MODE: SWEEP	
START:	0	
STOP:	5	
PNTS:	51	
STEP:	0.1

ID:	G	
UNIT:	SMU4	
MODE: STEP	
START:	-2	
STOP:	4	
PNTS:	3	
STEP:	3

ID:	S	
UNIT:	SMU1	
MODE: CONST	
VALUE:	0

DATA:  OUTPUT  04/28/2025  16:18:03

IS	IS2	IS3	VD	ID	ID2	ID3	VG	VG2	VG3	IG	IG2	IG3	ACCSTRESS
2.21500000E-011	-9.24980000E-010	-2.44050000E-008	0.00000000E+000	1.29000000E-011	9.04980000E-010	2.25100000E-008	-2.00000000E+000	1.00000000E+000	4.00000000E+000	-6.99990000E-013	-6.01510000E-011	-5.89000000E-011	0.00000000E+000
4.75000000E-012	-3.65300000E-007	-7.94650000E-006	1.00000000E-001	-3.30490000E-011	3.62550000E-007	7.90230000E-006	-2.00000000E+000	1.00000000E+000	4.00000000E+000	-4.12010000E-011	5.59500000E-011	1.40500000E-011	*
4.31990000E-011	-6.33880000E-007	-1.47100000E-005	2.00000000E-001	-1.26500000E-011	6.34720000E-007	1.47050000E-005	-2.00000000E+000	1.00000000E+000	4.00000000E+000	-5.33000000E-011	4.31000000E-011	5.87020000E-011	*
5.78510000E-011	-8.75940000E-007	-2.14150000E-005	3.00000000E-001	2.65000000E-011	8.76780000E-007	2.14200000E-005	-2.00000000E+000	1.00000000E+000	4.00000000E+000	-3.12500000E-011	-3.80010000E-012	4.07990000E-011	*
3.17510000E-011	-1.05100000E-006	-2.77300000E-005	4.00000000E-001	5.33990000E-011	1.05450000E-006	2.77390000E-005	-2.00000000E+000	1.00000000E+000	4.00000000E+000	8.95020000E-012	2.70000000E-012	-8.24980000E-012	*
-2.64000000E-011	-1.22600000E-006	-3.36690000E-005	5.00000000E-001	3.80000000E-011	1.22600000E-006	3.36690000E-005	-2.00000000E+000	1.00000000E+000	4.00000000E+000	4.12510000E-011	-2.42000000E-011	-4.80010000E-011	*
-5.32000000E-011	-1.35550000E-006	-3.92440000E-005	6.00000000E-001	-8.90000000E-012	1.36500000E-006	3.92440000E-005	-2.00000000E+000	1.00000000E+000	4.00000000E+000	4.18490000E-011	-3.55500000E-011	-4.65990000E-011	*
-3.12500000E-011	-1.44550000E-006	-4.44240000E-005	7.00000000E-001	-2.71500000E-011	1.46400000E-006	4.44450000E-005	-2.00000000E+000	1.00000000E+000	4.00000000E+000	-3.95000000E-012	-2.12500000E-011	-4.90010000E-012	*
2.55000000E-012	-1.56450000E-006	-4.93250000E-005	8.00000000E-001	-3.63990000E-011	1.56350000E-006	4.93390000E-005	-2.00000000E+000	1.00000000E+000	4.00000000E+000	-3.15000000E-011	2.07490000E-011	3.12500000E-011	*
4.38500000E-011	-1.59200000E-006	-5.39790000E-005	9.00000000E-001	-1.23000000E-011	1.60350000E-006	5.38600000E-005	-2.00000000E+000	1.00000000E+000	4.00000000E+000	-5.53000000E-011	6.70500000E-011	3.92010000E-011	*
5.66500000E-011	-1.61450000E-006	-5.82150000E-005	1.00000000E+000	2.99000000E-011	1.61450000E-006	5.80850000E-005	-2.00000000E+000	1.00000000E+000	4.00000000E+000	-3.85010000E-011	5.22000000E-011	2.09500000E-011	*
2.09500000E-011	-1.63150000E-006	-6.21040000E-005	1.10000000E+000	4.96000000E-011	1.63300000E-006	6.20150000E-005	-2.00000000E+000	1.00000000E+000	4.00000000E+000	1.02000000E-011	1.34000000E-011	-2.57500000E-011	*
-2.83500000E-011	-1.63500000E-006	-6.56280000E-005	1.20000000E+000	3.14010000E-011	1.63350000E-006	6.56360000E-005	-2.00000000E+000	1.00000000E+000	4.00000000E+000	5.08000000E-011	-4.53010000E-011	-5.26000000E-011	*
-5.88010000E-011	-1.61100000E-006	-6.89700000E-005	1.30000000E+000	-1.17000000E-011	1.60600000E-006	6.89740000E-005	-2.00000000E+000	1.00000000E+000	4.00000000E+000	4.10000000E-011	-4.29010000E-011	-4.01490000E-011	*
-3.53000000E-011	-1.59200000E-006	-7.20550000E-005	1.40000000E+000	-2.55500000E-011	1.59150000E-006	7.20510000E-005	-2.00000000E+000	1.00000000E+000	4.00000000E+000	3.30000000E-012	-4.50000000E-012	1.16000000E-011	*
1.04000000E-011	-1.59750000E-006	-7.48600000E-005	1.50000000E+000	-3.46000000E-011	1.59750000E-006	7.48630000E-005	-2.00000000E+000	1.00000000E+000	4.00000000E+000	-3.46000000E-011	3.35000000E-011	5.66000000E-011	*
4.78500000E-011	-1.60950000E-006	-7.74300000E-005	1.60000000E+000	1.00000000E-013	1.59950000E-006	7.74380000E-005	-2.00000000E+000	1.00000000E+000	4.00000000E+000	-4.16500000E-011	4.95500000E-011	4.91500000E-011	*
5.80500000E-011	-1.58550000E-006	-7.97660000E-005	1.70000000E+000	2.04000000E-011	1.58650000E-006	7.97700000E-005	-2.00000000E+000	1.00000000E+000	4.00000000E+000	-3.15500000E-011	3.83000000E-011	-4.99980000E-014	*
1.92500000E-011	-1.56000000E-006	-8.18560000E-005	1.80000000E+000	5.33000000E-011	1.55850000E-006	8.18590000E-005	-2.00000000E+000	1.00000000E+000	4.00000000E+000	1.19000000E-011	-5.34990000E-012	-4.72990000E-011	*
-3.63990000E-011	-1.56300000E-006	-8.37410000E-005	1.90000000E+000	2.93510000E-011	1.56000000E-006	8.37480000E-005	-2.00000000E+000	1.00000000E+000	4.00000000E+000	5.32000000E-011	-5.66500000E-011	-4.52000000E-011	*
-5.70000000E-011	-1.55350000E-006	-8.54130000E-005	2.00000000E+000	-5.80000000E-012	1.55550000E-006	8.54210000E-005	-2.00000000E+000	1.00000000E+000	4.00000000E+000	3.65010000E-011	-4.38500000E-011	-4.95000000E-012	*
-3.94990000E-011	-1.54150000E-006	-8.68920000E-005	2.10000000E+000	-2.63500000E-011	1.54350000E-006	8.69150000E-005	-2.00000000E+000	1.00000000E+000	4.00000000E+000	8.20010000E-012	-1.38500000E-011	3.36500000E-011	*
4.15000000E-012	-1.53500000E-006	-8.81920000E-005	2.20000000E+000	-3.55500000E-011	1.54250000E-006	8.82040000E-005	-2.00000000E+000	1.00000000E+000	4.00000000E+000	-3.32000000E-011	2.69500000E-011	5.25000000E-011	*
4.20000000E-011	-1.54450000E-006	-8.93400000E-005	2.30000000E+000	-1.17500000E-011	1.54250000E-006	8.93400000E-005	-2.00000000E+000	1.00000000E+000	4.00000000E+000	-5.08500000E-011	4.41000000E-011	2.52500000E-011	*
5.63000000E-011	-1.53350000E-006	-9.03200000E-005	2.40000000E+000	3.02000000E-011	1.53050000E-006	9.03230000E-005	-2.00000000E+000	1.00000000E+000	4.00000000E+000	-4.10000000E-011	3.28010000E-011	-2.55500000E-011	*
2.32500000E-011	-1.52900000E-006	-9.11650000E-005	2.50000000E+000	5.09000000E-011	1.52800000E-006	9.11650000E-005	-2.00000000E+000	1.00000000E+000	4.00000000E+000	8.74990000E-012	-3.00000000E-013	-5.47490000E-011	*
-3.04500000E-011	-1.51950000E-006	-9.18540000E-005	2.60000000E+000	3.35000000E-011	1.50250000E-006	9.18690000E-005	-2.00000000E+000	1.00000000E+000	4.00000000E+000	4.13500000E-011	-3.60990000E-011	-3.89500000E-011	*
-5.33990000E-011	-1.51100000E-006	-9.24390000E-005	2.70000000E+000	1.70000000E-012	1.51400000E-006	9.24390000E-005	-2.00000000E+000	1.00000000E+000	4.00000000E+000	3.42000000E-011	-4.45000000E-011	1.69500000E-011	*
-3.87000000E-011	-1.49700000E-006	-9.29350000E-005	2.80000000E+000	-2.35000000E-011	1.49700000E-006	9.29530000E-005	-2.00000000E+000	1.00000000E+000	4.00000000E+000	6.05010000E-012	-3.94490000E-011	6.68020000E-011	*
-7.89990000E-012	-1.48550000E-006	-9.33000000E-005	2.90000000E+000	-3.05000000E-011	1.48750000E-006	9.32920000E-005	-2.00000000E+000	1.00000000E+000	4.00000000E+000	-2.76000000E-011	8.59980000E-012	4.04000000E-011	*
4.18490000E-011	-1.48000000E-006	-9.36390000E-005	3.00000000E+000	-1.17000000E-011	1.47650000E-006	9.36050000E-005	-2.00000000E+000	1.00000000E+000	4.00000000E+000	-6.17500000E-011	5.00510000E-011	-1.85000000E-012	*
5.72500000E-011	-1.47150000E-006	-9.39890000E-005	3.10000000E+000	3.28500000E-011	1.47800000E-006	9.39630000E-005	-2.00000000E+000	1.00000000E+000	4.00000000E+000	-4.24990000E-011	3.94000000E-011	-4.62000000E-011	*
2.48500000E-011	-1.46700000E-006	-9.40300000E-005	3.20000000E+000	4.91500000E-011	1.46950000E-006	9.40370000E-005	-2.00000000E+000	1.00000000E+000	4.00000000E+000	5.45010000E-012	2.95000000E-012	-4.71000000E-011	*
-2.71990000E-011	-1.47000000E-006	-9.41790000E-005	3.30000000E+000	3.92510000E-011	1.46650000E-006	9.41600000E-005	-2.00000000E+000	1.00000000E+000	4.00000000E+000	4.04000000E-011	-3.75010000E-011	4.29990000E-012	*
-4.90010000E-011	-1.45500000E-006	-9.42650000E-005	3.40000000E+000	-8.49980000E-013	1.46050000E-006	9.42800000E-005	-2.00000000E+000	1.00000000E+000	4.00000000E+000	4.76510000E-011	-4.56510000E-011	4.19010000E-011	*
-4.50500000E-011	-1.45250000E-006	-9.43090000E-005	3.50000000E+000	-2.23000000E-011	1.46100000E-006	9.43210000E-005	-2.00000000E+000	1.00000000E+000	4.00000000E+000	6.55010000E-012	-2.71500000E-011	4.29010000E-011	*
-8.55000000E-012	-1.45700000E-006	-9.43650000E-005	3.60000000E+000	-3.18500000E-011	1.45200000E-006	9.43390000E-005	-2.00000000E+000	1.00000000E+000	4.00000000E+000	-2.83500000E-011	1.68000000E-011	9.94980000E-012	*
3.60490000E-011	-1.46200000E-006	-9.43390000E-005	3.70000000E+000	-2.30500000E-011	1.45800000E-006	9.43390000E-005	-2.00000000E+000	1.00000000E+000	4.00000000E+000	-5.57490000E-011	4.68990000E-011	-2.88990000E-011	*
5.81490000E-011	-1.43300000E-006	-9.43500000E-005	3.80000000E+000	2.27000000E-011	1.43750000E-006	9.43390000E-005	-2.00000000E+000	1.00000000E+000	4.00000000E+000	-5.22500000E-011	4.57000000E-011	-5.29000000E-011	*
3.01500000E-011	-1.42150000E-006	-9.43240000E-005	3.90000000E+000	4.92000000E-011	1.42500000E-006	9.43210000E-005	-2.00000000E+000	1.00000000E+000	4.00000000E+000	9.50020000E-013	2.25000000E-012	-2.23000000E-011	*
-1.76000000E-011	-1.41400000E-006	-9.42980000E-005	4.00000000E+000	3.42500000E-011	1.42050000E-006	9.42910000E-005	-2.00000000E+000	1.00000000E+000	4.00000000E+000	3.94000000E-011	-2.47500000E-011	3.16990000E-011	*
-4.45490000E-011	-1.41450000E-006	-9.42090000E-005	4.10000000E+000	1.73500000E-011	1.42850000E-006	9.42240000E-005	-2.00000000E+000	1.00000000E+000	4.00000000E+000	5.30490000E-011	-5.26000000E-011	5.85980000E-011	*
-5.32000000E-011	-1.40600000E-006	-9.41680000E-005	4.20000000E+000	-1.79500000E-011	1.39950000E-006	9.41790000E-005	-2.00000000E+000	1.00000000E+000	4.00000000E+000	3.53500000E-011	-3.91490000E-011	4.41990000E-011	*
-2.69000000E-011	-1.40350000E-006	-9.40930000E-005	4.30000000E+000	-3.63990000E-011	1.39700000E-006	9.41190000E-005	-2.00000000E+000	1.00000000E+000	4.00000000E+000	-7.35010000E-012	2.01500000E-011	8.49980000E-013	*
1.67500000E-011	-1.40000000E-006	-9.40490000E-005	4.40000000E+000	-2.62000000E-011	1.40350000E-006	9.40520000E-005	-2.00000000E+000	1.00000000E+000	4.00000000E+000	-4.55990000E-011	5.23000000E-011	-5.24510000E-011	*
4.92500000E-011	-1.39600000E-006	-9.39850000E-005	4.50000000E+000	1.11500000E-011	1.39450000E-006	9.39850000E-005	-2.00000000E+000	1.00000000E+000	4.00000000E+000	-5.16990000E-011	3.91490000E-011	-5.21500000E-011	*
4.60510000E-011	-1.40300000E-006	-9.39000000E-005	4.60000000E+000	4.06010000E-011	1.40500000E-006	9.39030000E-005	-2.00000000E+000	1.00000000E+000	4.00000000E+000	-1.93990000E-011	1.28500000E-011	8.74990000E-012	*
9.84990000E-012	-1.38750000E-006	-9.38180000E-005	4.70000000E+000	5.36990000E-011	1.39700000E-006	9.38470000E-005	-2.00000000E+000	1.00000000E+000	4.00000000E+000	2.17500000E-011	-3.02990000E-011	5.21010000E-011	*
-4.06500000E-011	-1.37850000E-006	-9.37540000E-005	4.80000000E+000	2.20500000E-011	1.38500000E-006	9.37660000E-005	-2.00000000E+000	1.00000000E+000	4.00000000E+000	3.82500000E-011	-4.47500000E-011	4.34000000E-011	*
-5.70500000E-011	-1.40150000E-006	-9.36650000E-005	4.90000000E+000	1.35000000E-012	1.39900000E-006	9.36800000E-005	-2.00000000E+000	1.00000000E+000	4.00000000E+000	3.64490000E-011	-4.64000000E-011	-6.60010000E-012	*
-3.05000000E-011	-1.39000000E-006	-9.35980000E-005	5.00000000E+000	-2.94010000E-011	1.39200000E-006	9.35980000E-005	-2.00000000E+000	1.00000000E+000	4.00000000E+000	-1.80000000E-011	1.45000000E-011	-5.48500000E-011	*

TEST RESULTS:  OUTPUT  04/28/2025  16:18:03


