ATTRIBUTES:

Attribute #1:C:\Metrics\ics\projects\6.2600J_S25\res.ics
Attribute #2:Test
Attribute #3:dev1
Attribute #4:PASSED
SETUP:RES  04/28/2025  14:59:17
DATE:04/28/2025
TIME:14:59:17

CONDITIONS:

ID:	A	
UNIT:	SMU1	
MODE: CONST	
VALUE:	0

ID:	K	
UNIT:	SMU3	
MODE: SWEEP	
START:	-1	
STOP:	1	
PNTS:	51	
STEP:	0.04

DATA:  RES  04/28/2025  14:59:17

IA	VK	IK	
8.97080000E-008	-1.00000000E+000	-8.88540000E-008	
8.56700000E-008	-9.60000000E-001	-8.66600000E-008	
8.38150000E-008	-9.20000000E-001	-8.44010000E-008	
8.09700000E-008	-8.80000000E-001	-8.12110000E-008	
7.88310000E-008	-8.40000000E-001	-7.83660000E-008	
7.49860000E-008	-8.00000000E-001	-7.45850000E-008	
7.19410000E-008	-7.60000000E-001	-7.12350000E-008	
6.90600000E-008	-7.20000000E-001	-6.89140000E-008	
6.66730000E-008	-6.80000000E-001	-6.53850000E-008	
6.26790000E-008	-6.40000000E-001	-6.27660000E-008	
5.99540000E-008	-6.00000000E-001	-5.92810000E-008	
5.63990000E-008	-5.60000000E-001	-5.65450000E-008	
5.32550000E-008	-5.20000000E-001	-5.34550000E-008	
5.01350000E-008	-4.80000000E-001	-5.08500000E-008	
4.80850000E-008	-4.40000000E-001	-4.83540000E-008	
4.47200000E-008	-4.00000000E-001	-4.41900000E-008	
4.10660000E-008	-3.60000000E-001	-4.12400000E-008	
3.83350000E-008	-3.20000000E-001	-3.87550000E-008	
3.55390000E-008	-2.80000000E-001	-3.53990000E-008	
3.17050000E-008	-2.40000000E-001	-3.17190000E-008	
2.80850000E-008	-2.00000000E-001	-2.89200000E-008	
2.57450000E-008	-1.60000000E-001	-2.51000000E-008	
2.05250000E-008	-1.20000000E-001	-2.03500000E-008	
1.39450000E-008	-8.00000000E-002	-1.44050000E-008	
7.17140000E-009	-4.00000000E-002	-6.93240000E-009	
-1.73500000E-011	0.00000000E+000	-1.41950000E-010	
-5.32530000E-009	4.00000000E-002	5.19190000E-009	
-8.64380000E-009	8.00000000E-002	8.84030000E-009	
-1.13900000E-008	1.20000000E-001	1.17450000E-008	
-1.40200000E-008	1.60000000E-001	1.42550000E-008	
-1.63800000E-008	2.00000000E-001	1.60400000E-008	
-1.77400000E-008	2.40000000E-001	1.79400000E-008	
-1.96550000E-008	2.80000000E-001	2.00450000E-008	
-2.25100000E-008	3.20000000E-001	2.22800000E-008	
-2.42400000E-008	3.60000000E-001	2.41400000E-008	
-2.60550000E-008	4.00000000E-001	2.62550000E-008	
-2.85350000E-008	4.40000000E-001	2.88600000E-008	
-3.08950000E-008	4.80000000E-001	3.12700000E-008	
-3.28400000E-008	5.20000000E-001	3.29890000E-008	
-3.60900000E-008	5.60000000E-001	3.58740000E-008	
-3.86440000E-008	6.00000000E-001	3.81750000E-008	
-4.02740000E-008	6.40000000E-001	4.09150000E-008	
-4.45100000E-008	6.80000000E-001	4.43140000E-008	
-4.76390000E-008	7.20000000E-001	4.74790000E-008	
-4.99750000E-008	7.60000000E-001	5.05200000E-008	
-5.37750000E-008	8.00000000E-001	5.35600000E-008	
-5.69450000E-008	8.40000000E-001	5.78250000E-008	
-5.93250000E-008	8.80000000E-001	5.87700000E-008	
-6.21660000E-008	9.20000000E-001	6.29590000E-008	
-6.72700000E-008	9.60000000E-001	6.62040000E-008	
-6.89690000E-008	1.00000000E+000	6.89940000E-008	

TEST RESULTS:  RES  04/28/2025  14:59:17


