ATTRIBUTES:

Attribute #1:C:\Metrics\ics\projects\6.2600J_S25\transistor_measurement.ics
Attribute #2:Test
Attribute #3:dev1
Attribute #4:PASSED
SETUP:TRANSFER  04/18/2025  16:55:25
DATE:04/18/2025
TIME:16:55:25

CONDITIONS:

ID:	D	
UNIT:	SMU2	
MODE: STEP	
START:	0.5	
STOP:	5	
PNTS:	2	
STEP:	4.5

ID:	G	
UNIT:	SMU4	
MODE: SWEEP	
START:	-2	
STOP:	4	
PNTS:	61	
STEP:	0.1

ID:	S	
UNIT:	SMU1	
MODE: CONST	
VALUE:	0

DATA:  TRANSFER  04/18/2025  16:55:25

IS	IS2	VD	VD2	ID	ID2	VG	IG	IG2	ACCSTRESS
-9.06510000E-011	-1.44750000E-010	5.00000000E-001	5.00000000E+000	1.66200000E-010	2.32150000E-010	-2.00000000E+000	-1.65000000E-012	3.00000000E-013	0.00000000E+000
-4.41050000E-010	-5.14690000E-010	5.00000000E-001	5.00000000E+000	4.40290000E-010	5.49840000E-010	-1.90000000E+000	-7.50010000E-013	-1.10500000E-011	*
-6.89540000E-010	-8.28440000E-010	5.00000000E-001	5.00000000E+000	7.28390000E-010	8.75560000E-010	-1.80000000E+000	-6.15000000E-012	-8.30000000E-012	*
-1.05100000E-009	-1.68350000E-009	5.00000000E-001	5.00000000E+000	1.08500000E-009	1.96040000E-009	-1.70000000E+000	4.35010000E-012	1.22500000E-011	*
-1.59100000E-009	-3.41340000E-009	5.00000000E-001	5.00000000E+000	1.57890000E-009	3.43890000E-009	-1.60000000E+000	2.05000000E-012	6.95000000E-012	*
-2.42790000E-009	-5.17230000E-009	5.00000000E-001	5.00000000E+000	2.43240000E-009	5.12980000E-009	-1.50000000E+000	9.99980000E-013	6.99990000E-012	*
-3.56140000E-009	-7.78530000E-009	5.00000000E-001	5.00000000E+000	3.58790000E-009	7.73930000E-009	-1.40000000E+000	-7.79990000E-012	3.55010000E-012	*
-4.96700000E-009	-1.13000000E-008	5.00000000E-001	5.00000000E+000	5.08380000E-009	1.17550000E-008	-1.30000000E+000	7.29990000E-012	-8.80000000E-012	*
-7.06540000E-009	-1.79300000E-008	5.00000000E-001	5.00000000E+000	7.12840000E-009	1.82250000E-008	-1.20000000E+000	6.50000000E-013	-5.55000000E-012	*
-1.02710000E-008	-2.69350000E-008	5.00000000E-001	5.00000000E+000	1.02620000E-008	2.70600000E-008	-1.10000000E+000	1.31000000E-011	1.15000000E-012	*
-1.20250000E-008	-3.74200000E-008	5.00000000E-001	5.00000000E+000	1.15400000E-008	3.71860000E-008	-1.00000000E+000	1.85000000E-012	6.74990000E-012	*
-1.69350000E-008	-5.39150000E-008	5.00000000E-001	5.00000000E+000	1.70600000E-008	5.21790000E-008	-9.00000000E-001	1.13500000E-011	5.80000000E-012	*
-2.44200000E-008	-7.42840000E-008	5.00000000E-001	5.00000000E+000	2.43650000E-008	7.47310000E-008	-8.00000000E-001	9.74990000E-012	7.20000000E-012	*
-3.29200000E-008	-1.04590000E-007	5.00000000E-001	5.00000000E+000	3.25250000E-008	1.04000000E-007	-7.00000000E-001	4.45000000E-012	8.70010000E-012	*
-4.58460000E-008	-1.34450000E-007	5.00000000E-001	5.00000000E+000	4.59260000E-008	1.34790000E-007	-6.00000000E-001	-3.74990000E-012	1.35500000E-011	*
-5.94700000E-008	-1.82200000E-007	5.00000000E-001	5.00000000E+000	6.13650000E-008	1.82350000E-007	-5.00000000E-001	1.50000000E-013	3.30000000E-012	*
-8.24540000E-008	-2.53100000E-007	5.00000000E-001	5.00000000E+000	8.03850000E-008	2.48790000E-007	-4.00000000E-001	-6.60010000E-012	2.35000000E-012	*
-1.04980000E-007	-3.37940000E-007	5.00000000E-001	5.00000000E+000	1.04020000E-007	3.36400000E-007	-3.00000000E-001	1.20500000E-011	9.50020000E-013	*
-1.20700000E-007	-4.52900000E-007	5.00000000E-001	5.00000000E+000	1.18800000E-007	4.43440000E-007	-2.00000000E-001	2.14990000E-012	-5.94990000E-012	*
-1.45050000E-007	-5.88480000E-007	5.00000000E-001	5.00000000E+000	1.43050000E-007	5.89850000E-007	-1.00000000E-001	-2.60000000E-012	1.01000000E-011	*
-2.00700000E-007	-7.78230000E-007	5.00000000E-001	5.00000000E+000	1.99190000E-007	7.77190000E-007	0.00000000E+000	7.04990000E-012	1.07000000E-011	*
-2.53990000E-007	-1.02550000E-006	5.00000000E-001	5.00000000E+000	2.55500000E-007	1.01600000E-006	1.00000000E-001	1.30000000E-012	1.13000000E-011	*
-3.36290000E-007	-1.09600000E-006	5.00000000E-001	5.00000000E+000	3.31800000E-007	1.06800000E-006	2.00000000E-001	4.50000000E-012	-2.90000000E-012	*
-4.36190000E-007	-1.32750000E-006	5.00000000E-001	5.00000000E+000	4.38840000E-007	1.33350000E-006	3.00000000E-001	9.59990000E-012	6.70000000E-012	*
-5.71130000E-007	-1.78850000E-006	5.00000000E-001	5.00000000E+000	5.75030000E-007	1.75550000E-006	4.00000000E-001	1.45000000E-012	9.74990000E-012	*
-7.43570000E-007	-2.33100000E-006	5.00000000E-001	5.00000000E+000	7.39790000E-007	2.32600000E-006	5.00000000E-001	3.45000000E-012	1.00500000E-011	*
-9.22240000E-007	-3.00700000E-006	5.00000000E-001	5.00000000E+000	9.24570000E-007	3.01490000E-006	6.00000000E-001	3.74990000E-012	4.54990000E-012	*
-9.50380000E-007	-3.80050000E-006	5.00000000E-001	5.00000000E+000	9.22790000E-007	3.80340000E-006	7.00000000E-001	-5.85000000E-012	-1.10000000E-012	*
-1.00540000E-006	-4.76440000E-006	5.00000000E-001	5.00000000E+000	1.00330000E-006	4.74300000E-006	8.00000000E-001	-8.45010000E-012	-8.49980000E-013	*
-1.20050000E-006	-5.99350000E-006	5.00000000E-001	5.00000000E+000	1.15500000E-006	5.99940000E-006	9.00000000E-001	5.64990000E-012	-2.14990000E-012	*
-1.34250000E-006	-7.45730000E-006	5.00000000E-001	5.00000000E+000	1.31950000E-006	7.44240000E-006	1.00000000E+000	4.40000000E-012	1.09500000E-011	*
-1.71300000E-006	-9.16800000E-006	5.00000000E-001	5.00000000E+000	1.71900000E-006	9.16010000E-006	1.10000000E+000	1.20000000E-012	7.45000000E-012	*
-2.19000000E-006	-9.26850000E-006	5.00000000E-001	5.00000000E+000	2.16150000E-006	9.05530000E-006	1.20000000E+000	-4.70000000E-012	8.30000000E-012	*
-2.67550000E-006	-1.01010000E-005	5.00000000E-001	5.00000000E+000	2.65540000E-006	1.00830000E-005	1.30000000E+000	5.50000000E-013	1.06500000E-011	*
-3.28850000E-006	-1.11550000E-005	5.00000000E-001	5.00000000E+000	3.27890000E-006	1.10800000E-005	1.40000000E+000	1.26500000E-011	3.90000000E-012	*
-4.06100000E-006	-1.27500000E-005	5.00000000E-001	5.00000000E+000	4.07040000E-006	1.27100000E-005	1.50000000E+000	8.59980000E-012	9.90010000E-012	*
-4.95050000E-006	-1.60250000E-005	5.00000000E-001	5.00000000E+000	4.96300000E-006	1.59690000E-005	1.60000000E+000	1.44500000E-011	1.03000000E-011	*
-6.02500000E-006	-1.97900000E-005	5.00000000E-001	5.00000000E+000	6.00750000E-006	1.97300000E-005	1.70000000E+000	6.10000000E-012	1.03500000E-011	*
-7.21050000E-006	-2.43240000E-005	5.00000000E-001	5.00000000E+000	7.18190000E-006	2.42350000E-005	1.80000000E+000	3.50000000E-013	4.40000000E-012	*
-8.66600000E-006	-2.94640000E-005	5.00000000E-001	5.00000000E+000	8.63200000E-006	2.94950000E-005	1.90000000E+000	2.20000000E-012	-7.39980000E-012	*
-1.02620000E-005	-3.54800000E-005	5.00000000E-001	5.00000000E+000	1.02260000E-005	3.54700000E-005	2.00000000E+000	5.94990000E-012	-6.00010000E-012	*
-1.05650000E-005	-4.25650000E-005	5.00000000E-001	5.00000000E+000	1.04300000E-005	4.23940000E-005	2.10000000E+000	8.35020000E-012	1.19500000E-011	*
-1.09250000E-005	-5.03190000E-005	5.00000000E-001	5.00000000E+000	1.09400000E-005	5.01650000E-005	2.20000000E+000	1.70000000E-011	1.26000000E-011	*
-1.32750000E-005	-5.89640000E-005	5.00000000E-001	5.00000000E+000	1.32600000E-005	5.88240000E-005	2.30000000E+000	5.50000000E-012	1.19500000E-011	*
-1.57650000E-005	-6.79750000E-005	5.00000000E-001	5.00000000E+000	1.57300000E-005	6.78150000E-005	2.40000000E+000	-3.25000000E-012	5.20000000E-012	*
-1.85990000E-005	-7.93930000E-005	5.00000000E-001	5.00000000E+000	1.85950000E-005	7.91250000E-005	2.50000000E+000	-3.99980000E-013	6.55010000E-012	*
-2.17850000E-005	-9.12250000E-005	5.00000000E-001	5.00000000E+000	2.16900000E-005	9.11580000E-005	2.60000000E+000	6.30010000E-012	-9.50020000E-013	*
-2.54090000E-005	-9.95400000E-005	5.00000000E-001	5.00000000E+000	2.53200000E-005	9.85930000E-005	2.70000000E+000	1.35500000E-011	-9.00000000E-013	*
-2.94400000E-005	-1.00450000E-004	5.00000000E-001	5.00000000E+000	2.93750000E-005	9.80640000E-005	2.80000000E+000	1.36000000E-011	8.55000000E-012	*
-3.37250000E-005	-1.02720000E-004	5.00000000E-001	5.00000000E+000	3.37600000E-005	1.02540000E-004	2.90000000E+000	8.59980000E-012	2.05000000E-012	*
-3.84990000E-005	-1.08750000E-004	5.00000000E-001	5.00000000E+000	3.84240000E-005	1.07600000E-004	3.00000000E+000	1.13000000E-011	-4.99990000E-013	*
-4.36040000E-005	-1.15950000E-004	5.00000000E-001	5.00000000E+000	4.35040000E-005	1.15750000E-004	3.10000000E+000	3.80010000E-012	1.30000000E-011	*
-4.91700000E-005	-1.34050000E-004	5.00000000E-001	5.00000000E+000	4.91350000E-005	1.34050000E-004	3.20000000E+000	-2.65000000E-012	1.21500000E-011	*
-5.50190000E-005	-1.54700000E-004	5.00000000E-001	5.00000000E+000	5.48550000E-005	1.54350000E-004	3.30000000E+000	7.49980000E-012	6.10000000E-012	*
-6.14640000E-005	-1.76750000E-004	5.00000000E-001	5.00000000E+000	6.14300000E-005	1.77000000E-004	3.40000000E+000	1.24000000E-011	7.85010000E-012	*
-6.78490000E-005	-2.00700000E-004	5.00000000E-001	5.00000000E+000	6.76740000E-005	2.00200000E-004	3.50000000E+000	1.52500000E-011	-6.00010000E-012	*
-7.48560000E-005	-2.26600000E-004	5.00000000E-001	5.00000000E+000	7.48190000E-005	2.26400000E-004	3.60000000E+000	1.46000000E-011	3.50000000E-013	*
-8.19790000E-005	-2.54500000E-004	5.00000000E-001	5.00000000E+000	8.19490000E-005	2.54500000E-004	3.70000000E+000	-1.99990000E-013	7.60010000E-012	*
-8.92950000E-005	-2.85060000E-004	5.00000000E-001	5.00000000E+000	8.92650000E-005	2.84510000E-004	3.80000000E+000	4.40000000E-012	1.65000000E-011	*
-9.69020000E-005	-3.17860000E-004	5.00000000E-001	5.00000000E+000	9.68280000E-005	3.17800000E-004	3.90000000E+000	6.99990000E-013	1.40000000E-011	*
-1.04420000E-004	-3.52760000E-004	5.00000000E-001	5.00000000E+000	1.04440000E-004	3.52500000E-004	4.00000000E+000	1.52000000E-011	6.35000000E-012	*

TEST RESULTS:  TRANSFER  04/18/2025  16:55:25


SETUP:OUTPUT  04/18/2025  16:56:03
DATE:04/18/2025
TIME:16:56:03

CONDITIONS:

ID:	D	
UNIT:	SMU2	
MODE: SWEEP	
START:	0	
STOP:	5	
PNTS:	51	
STEP:	0.1

ID:	G	
UNIT:	SMU4	
MODE: STEP	
START:	-2	
STOP:	4	
PNTS:	3	
STEP:	3

ID:	S	
UNIT:	SMU1	
MODE: CONST	
VALUE:	0

DATA:  OUTPUT  04/18/2025  16:56:03

IS	IS2	IS3	VD	ID	ID2	ID3	VG	VG2	VG3	IG	IG2	IG3	ACCSTRESS
-2.54500000E-011	2.10440000E-009	2.51890000E-007	0.00000000E+000	-7.25000000E-012	-1.89390000E-009	-2.19650000E-007	-2.00000000E+000	1.00000000E+000	4.00000000E+000	-9.30010000E-012	-8.20010000E-012	-9.99980000E-013	0.00000000E+000
-9.90010000E-012	-1.70450000E-007	-2.01700000E-005	1.00000000E-001	4.23500000E-011	1.69700000E-007	1.97940000E-005	-2.00000000E+000	1.00000000E+000	4.00000000E+000	-8.05000000E-012	1.04500000E-011	1.95000000E-012	*
-6.78990000E-011	-3.20840000E-007	-3.38850000E-005	2.00000000E-001	8.14500000E-011	3.17740000E-007	3.38800000E-005	-2.00000000E+000	1.00000000E+000	4.00000000E+000	1.60000000E-012	6.05010000E-012	1.04000000E-011	*
-1.20850000E-010	-4.57540000E-007	-4.82590000E-005	3.00000000E-001	1.02550000E-010	4.64600000E-007	4.83240000E-005	-2.00000000E+000	1.00000000E+000	4.00000000E+000	9.50020000E-013	-1.40000000E-012	8.30000000E-012	*
-1.65600000E-010	-5.97240000E-007	-6.20000000E-005	4.00000000E-001	1.25500000E-010	6.05450000E-007	6.19480000E-005	-2.00000000E+000	1.00000000E+000	4.00000000E+000	5.00000000E-014	-8.90000000E-012	9.44970000E-012	*
-1.74100000E-010	-7.21480000E-007	-7.46290000E-005	5.00000000E-001	1.53400000E-010	7.29340000E-007	7.45430000E-005	-2.00000000E+000	1.00000000E+000	4.00000000E+000	-3.69990000E-012	-2.05000000E-012	2.60000000E-012	*
-1.99900000E-010	-8.66250000E-007	-8.66540000E-005	6.00000000E-001	2.17050000E-010	8.50790000E-007	8.66540000E-005	-2.00000000E+000	1.00000000E+000	4.00000000E+000	-1.11500000E-011	-9.50020000E-013	-1.40500000E-011	*
-2.06350000E-010	-9.54720000E-007	-9.72450000E-005	7.00000000E-001	2.49100000E-010	9.57400000E-007	9.71070000E-005	-2.00000000E+000	1.00000000E+000	4.00000000E+000	-6.00010000E-012	4.24990000E-012	2.45000000E-012	*
-2.21600000E-010	-1.06650000E-006	-1.06200000E-004	8.00000000E-001	2.67600000E-010	1.06100000E-006	1.06250000E-004	-2.00000000E+000	1.00000000E+000	4.00000000E+000	-9.30010000E-012	1.35000000E-012	1.80000000E-012	*
-2.72750000E-010	-1.09150000E-006	-1.15300000E-004	9.00000000E-001	2.89900000E-010	1.08900000E-006	1.15500000E-004	-2.00000000E+000	1.00000000E+000	4.00000000E+000	-2.80000000E-012	-3.99980000E-013	6.05010000E-012	*
-3.16050000E-010	-1.18300000E-006	-1.23800000E-004	1.00000000E+000	3.11400000E-010	1.18400000E-006	1.23800000E-004	-2.00000000E+000	1.00000000E+000	4.00000000E+000	2.70000000E-012	7.29990000E-012	1.14500000E-011	*
-3.58500000E-010	-1.25000000E-006	-1.31550000E-004	1.10000000E+000	3.47850000E-010	1.24500000E-006	1.31300000E-004	-2.00000000E+000	1.00000000E+000	4.00000000E+000	5.09990000E-012	1.85000000E-012	8.84980000E-012	*
-3.51550000E-010	-1.28800000E-006	-1.38750000E-004	1.20000000E+000	3.78050000E-010	1.30200000E-006	1.38750000E-004	-2.00000000E+000	1.00000000E+000	4.00000000E+000	2.14990000E-012	3.40000000E-012	-8.49980000E-013	*
-3.33100000E-010	-1.35000000E-006	-1.44850000E-004	1.30000000E+000	3.98240000E-010	1.35150000E-006	1.45100000E-004	-2.00000000E+000	1.00000000E+000	4.00000000E+000	-1.32500000E-011	-1.90000000E-012	-4.15000000E-012	*
-3.49540000E-010	-1.41450000E-006	-1.51050000E-004	1.40000000E+000	4.74300000E-010	1.41600000E-006	1.51000000E-004	-2.00000000E+000	1.00000000E+000	4.00000000E+000	-5.94990000E-012	-9.34980000E-012	-1.13000000E-011	*
-3.95200000E-010	-1.49500000E-006	-1.56050000E-004	1.50000000E+000	5.90260000E-010	1.48900000E-006	1.55850000E-004	-2.00000000E+000	1.00000000E+000	4.00000000E+000	-5.45010000E-012	1.50000000E-012	1.55000000E-012	*
-4.43290000E-010	-1.52300000E-006	-1.61100000E-004	1.60000000E+000	4.77600000E-010	1.52900000E-006	1.61550000E-004	-2.00000000E+000	1.00000000E+000	4.00000000E+000	-1.16500000E-011	-3.90000000E-012	9.24990000E-012	*
-5.83950000E-010	-1.57650000E-006	-1.66150000E-004	1.70000000E+000	6.10500000E-010	1.56050000E-006	1.65850000E-004	-2.00000000E+000	1.00000000E+000	4.00000000E+000	5.60000000E-012	8.99990000E-012	8.74990000E-012	*
-6.49040000E-010	-1.59850000E-006	-1.70650000E-004	1.80000000E+000	6.81500000E-010	1.61450000E-006	1.70650000E-004	-2.00000000E+000	1.00000000E+000	4.00000000E+000	1.08000000E-011	6.55010000E-012	6.65000000E-012	*
-7.05660000E-010	-1.66100000E-006	-1.75000000E-004	1.90000000E+000	7.58860000E-010	1.65650000E-006	1.74850000E-004	-2.00000000E+000	1.00000000E+000	4.00000000E+000	-1.62000000E-011	7.60010000E-012	2.65000000E-012	*
-8.18890000E-010	-1.71600000E-006	-1.77650000E-004	2.00000000E+000	8.14110000E-010	1.72200000E-006	1.77350000E-004	-2.00000000E+000	1.00000000E+000	4.00000000E+000	5.09990000E-012	9.99980000E-013	-1.25000000E-012	*
-8.91780000E-010	-1.79450000E-006	-1.81200000E-004	2.10000000E+000	9.61110000E-010	1.79500000E-006	1.80750000E-004	-2.00000000E+000	1.00000000E+000	4.00000000E+000	-4.75000000E-012	-1.24500000E-011	-8.55000000E-012	*
-1.02060000E-009	-1.84300000E-006	-1.83960000E-004	2.20000000E+000	9.84470000E-010	1.86400000E-006	1.83550000E-004	-2.00000000E+000	1.00000000E+000	4.00000000E+000	7.70000000E-012	-7.60010000E-012	6.50000000E-013	*
-1.02430000E-009	-1.86650000E-006	-1.86900000E-004	2.30000000E+000	9.93970000E-010	1.86800000E-006	1.86600000E-004	-2.00000000E+000	1.00000000E+000	4.00000000E+000	4.50000000E-013	-3.19990000E-012	1.06500000E-011	*
-1.05100000E-009	-1.89200000E-006	-1.88400000E-004	2.40000000E+000	1.03000000E-009	1.91140000E-006	1.88750000E-004	-2.00000000E+000	1.00000000E+000	4.00000000E+000	5.64990000E-012	2.45000000E-012	5.20000000E-012	*
-1.05100000E-009	-1.90650000E-006	-1.88250000E-004	2.50000000E+000	1.02950000E-009	1.92400000E-006	1.88150000E-004	-2.00000000E+000	1.00000000E+000	4.00000000E+000	7.89990000E-012	9.65010000E-012	7.64990000E-012	*
-1.01060000E-009	-1.94550000E-006	-1.89850000E-004	2.60000000E+000	1.01750000E-009	1.97240000E-006	1.90450000E-004	-2.00000000E+000	1.00000000E+000	4.00000000E+000	8.30000000E-012	4.05010000E-012	2.20000000E-012	*
-1.05100000E-009	-1.95650000E-006	-1.91300000E-004	2.70000000E+000	1.04950000E-009	1.94450000E-006	1.91150000E-004	-2.00000000E+000	1.00000000E+000	4.00000000E+000	1.30000000E-012	-4.45000000E-012	-6.90000000E-012	*
-1.10200000E-009	-1.95450000E-006	-1.92200000E-004	2.80000000E+000	1.14950000E-009	1.95500000E-006	1.92100000E-004	-2.00000000E+000	1.00000000E+000	4.00000000E+000	4.00000000E-013	-5.94990000E-012	-1.19000000E-011	*
-1.13950000E-009	-1.97000000E-006	-1.91950000E-004	2.90000000E+000	1.15650000E-009	1.96700000E-006	1.92250000E-004	-2.00000000E+000	1.00000000E+000	4.00000000E+000	2.70000000E-012	-1.00500000E-011	4.84990000E-012	*
-1.18850000E-009	-2.01100000E-006	-1.92250000E-004	3.00000000E+000	1.16900000E-009	1.99850000E-006	1.92000000E-004	-2.00000000E+000	1.00000000E+000	4.00000000E+000	5.20000000E-012	-6.39980000E-012	5.30000000E-012	*
-1.20890000E-009	-2.03600000E-006	-1.91900000E-004	3.10000000E+000	1.17300000E-009	2.01250000E-006	1.92050000E-004	-2.00000000E+000	1.00000000E+000	4.00000000E+000	4.95000000E-012	5.30000000E-012	1.02000000E-011	*
-1.23550000E-009	-2.05340000E-006	-1.92200000E-004	3.20000000E+000	1.21000000E-009	2.06500000E-006	1.92150000E-004	-2.00000000E+000	1.00000000E+000	4.00000000E+000	-2.20000000E-012	2.49990000E-013	4.10010000E-012	*
-1.20450000E-009	-2.05450000E-006	-1.92350000E-004	3.30000000E+000	1.21800000E-009	2.07700000E-006	1.92250000E-004	-2.00000000E+000	1.00000000E+000	4.00000000E+000	-7.54990000E-012	1.34000000E-011	-4.95000000E-012	*
-1.18650000E-009	-2.08350000E-006	-1.90900000E-004	3.40000000E+000	1.22700000E-009	2.09440000E-006	1.90650000E-004	-2.00000000E+000	1.00000000E+000	4.00000000E+000	-6.49990000E-012	-2.10000000E-012	-1.32500000E-011	*
-1.19500000E-009	-2.08800000E-006	-1.88950000E-004	3.50000000E+000	1.24200000E-009	2.07650000E-006	1.88850000E-004	-2.00000000E+000	1.00000000E+000	4.00000000E+000	-8.14990000E-012	-3.40000000E-012	-1.65000000E-012	*
-1.23300000E-009	-2.06600000E-006	-1.88500000E-004	3.60000000E+000	1.27950000E-009	2.06100000E-006	1.88400000E-004	-2.00000000E+000	1.00000000E+000	4.00000000E+000	2.14990000E-012	-1.12000000E-011	6.00010000E-012	*
-1.27950000E-009	-2.00550000E-006	-1.86850000E-004	3.70000000E+000	1.28800000E-009	2.03400000E-006	1.87100000E-004	-2.00000000E+000	1.00000000E+000	4.00000000E+000	6.05010000E-012	-1.50000000E-012	6.70000000E-012	*
-1.30440000E-009	-2.07390000E-006	-1.84900000E-004	3.80000000E+000	1.28650000E-009	2.08090000E-006	1.84850000E-004	-2.00000000E+000	1.00000000E+000	4.00000000E+000	2.45000000E-012	8.74990000E-012	5.60000000E-012	*
-1.32800000E-009	-2.02050000E-006	-1.83500000E-004	3.90000000E+000	1.31750000E-009	2.01350000E-006	1.83000000E-004	-2.00000000E+000	1.00000000E+000	4.00000000E+000	5.20000000E-012	8.05000000E-012	4.50000000E-013	*
-1.35950000E-009	-2.01440000E-006	-1.81500000E-004	4.00000000E+000	1.36450000E-009	2.01290000E-006	1.80850000E-004	-2.00000000E+000	1.00000000E+000	4.00000000E+000	-3.25000000E-012	8.49980000E-012	-1.19000000E-011	*
-1.30750000E-009	-2.08500000E-006	-1.79450000E-004	4.10000000E+000	1.33950000E-009	2.09240000E-006	1.79700000E-004	-2.00000000E+000	1.00000000E+000	4.00000000E+000	-1.22000000E-011	1.35000000E-012	-8.24980000E-012	*
-1.33700000E-009	-2.06250000E-006	-1.78500000E-004	4.20000000E+000	1.38950000E-009	2.05750000E-006	1.78750000E-004	-2.00000000E+000	1.00000000E+000	4.00000000E+000	-1.01500000E-011	-4.10010000E-012	-1.80000000E-012	*
-1.40740000E-009	-2.03950000E-006	-1.76950000E-004	4.30000000E+000	1.45550000E-009	2.02490000E-006	1.76950000E-004	-2.00000000E+000	1.00000000E+000	4.00000000E+000	-1.80000000E-012	-7.54990000E-012	4.79990000E-012	*
-1.41800000E-009	-2.04550000E-006	-1.75500000E-004	4.40000000E+000	1.44900000E-009	2.03050000E-006	1.75050000E-004	-2.00000000E+000	1.00000000E+000	4.00000000E+000	4.95000000E-012	4.99990000E-013	4.84990000E-012	*
-1.48550000E-009	-2.02200000E-006	-1.73400000E-004	4.50000000E+000	1.46700000E-009	1.99800000E-006	1.73550000E-004	-2.00000000E+000	1.00000000E+000	4.00000000E+000	7.74980000E-012	8.70010000E-012	2.84990000E-012	*
-1.52290000E-009	-2.01900000E-006	-1.72750000E-004	4.60000000E+000	1.49300000E-009	2.01440000E-006	1.72550000E-004	-2.00000000E+000	1.00000000E+000	4.00000000E+000	5.00000000E-012	1.18000000E-011	-4.79990000E-012	*
-1.53850000E-009	-2.03400000E-006	-1.70200000E-004	4.70000000E+000	1.51900000E-009	2.03050000E-006	1.70050000E-004	-2.00000000E+000	1.00000000E+000	4.00000000E+000	5.15010000E-012	1.65000000E-012	-5.94990000E-012	*
-1.54850000E-009	-1.98200000E-006	-1.68650000E-004	4.80000000E+000	1.55750000E-009	1.98350000E-006	1.69200000E-004	-2.00000000E+000	1.00000000E+000	4.00000000E+000	-1.35500000E-011	-2.75000000E-012	1.50000000E-012	*
-1.53600000E-009	-2.01200000E-006	-1.67750000E-004	4.90000000E+000	1.59390000E-009	1.99350000E-006	1.68050000E-004	-2.00000000E+000	1.00000000E+000	4.00000000E+000	-1.48500000E-011	-7.74980000E-012	3.30000000E-012	*
-1.55550000E-009	-2.04100000E-006	-1.65900000E-004	5.00000000E+000	1.60590000E-009	2.05040000E-006	1.65850000E-004	-2.00000000E+000	1.00000000E+000	4.00000000E+000	-1.28500000E-011	-1.02000000E-011	4.40000000E-012	*

TEST RESULTS:  OUTPUT  04/18/2025  16:56:03


