ATTRIBUTES:

Attribute #1:C:\Metrics\ics\projects\6.2600J_S25\buonato_UP_NOT.ics
Attribute #2:Test
Attribute #3:dev1
Attribute #4:PASSED
SETUP:NOT  04/18/2025  17:08:28
DATE:04/18/2025
TIME:17:08:28

CONDITIONS:

ID:	VDD	
UNIT:	SMU4	
MODE: STEP	
START:	1	
STOP:	5	
PNTS:	3	
STEP:	2

ID:	I0P	
UNIT:	SMU1	
MODE: SWEEP	
START:	0	
STOP:	5	
PNTS:	21	
STEP:	0.25

ID:	VSS	
UNIT:	SMU2	
START:	0	
STOP:	1	
PNTS:	1	
	STEP:	0

ID:	OUT	
UNIT:	SMU3	
MODE: CONST	
VALUE:	0

DATA:  NOT  04/18/2025  17:08:28

VI0P	II0P	II0P2	II0P3	IVSS	IVSS2	IVSS3	VOUT	VOUT2	VOUT3	VVDD	VVDD2	VVDD3	IVDD	IVDD2	IVDD3
0.00000000E+000	6.90000000E-012	-2.24000000E-011	-3.02500000E-011	-5.05000000E-012	-2.06500000E-011	-1.53740000E-009	9.99970000E-001	3.00000000E+000	5.00000000E+000	1.00000000E+000	3.00000000E+000	5.00000000E+000	6.70000000E-012	9.99980000E-013	8.61400000E-010
2.50000000E-001	1.08000000E-011	-1.85000000E-011	-3.01500000E-011	9.44970000E-012	-3.35000000E-011	-2.94040000E-009	9.99970000E-001	3.00000000E+000	5.00000000E+000	1.00000000E+000	3.00000000E+000	5.00000000E+000	-9.50020000E-013	4.02510000E-011	1.57800000E-009
5.00000000E-001	5.25000000E-012	2.20000000E-012	-6.44990000E-012	-9.34980000E-012	-3.36000000E-011	-2.30800000E-009	9.99970000E-001	3.00000000E+000	5.00000000E+000	1.00000000E+000	3.00000000E+000	5.00000000E+000	-4.99990000E-013	4.44500000E-011	2.46490000E-009
7.50000000E-001	-1.74000000E-011	1.33000000E-011	-6.60010000E-012	1.30000000E-012	-7.56510000E-011	-7.78350000E-009	9.99970000E-001	2.99890000E+000	4.99900000E+000	1.00000000E+000	3.00000000E+000	5.00000000E+000	3.10000000E-012	7.18000000E-011	8.28730000E-009
1.00000000E+000	2.13000000E-011	-2.47500000E-011	-5.64990000E-012	-3.80010000E-012	-8.94010000E-011	-7.44280000E-009	9.99970000E-001	2.99790000E+000	5.00000000E+000	1.00000000E+000	3.00000000E+000	5.00000000E+000	-2.25000000E-012	1.00650000E-010	8.32500000E-009
1.25000000E+000	-2.18500000E-011	3.09500000E-011	9.55010000E-012	-3.10000000E-012	-2.16700000E-010	-2.08650000E-008	9.99970000E-001	2.99600000E+000	4.99800000E+000	1.00000000E+000	3.00000000E+000	5.00000000E+000	9.69980000E-012	2.03000000E-010	2.01150000E-008
1.50000000E+000	2.95500000E-011	-2.69500000E-011	-2.03500000E-011	5.25000000E-012	-3.70450000E-010	-1.87050000E-008	9.99970000E-001	2.99400000E+000	4.99800000E+000	1.00000000E+000	3.00000000E+000	5.00000000E+000	-5.89990000E-012	3.74650000E-010	1.81150000E-008
1.75000000E+000	-2.73500000E-011	2.05500000E-011	2.31000000E-011	-1.12500000E-011	-4.91700000E-010	-7.45570000E-008	9.99970000E-001	2.99190000E+000	4.98800000E+000	1.00000000E+000	3.00000000E+000	5.00000000E+000	1.83000000E-011	4.79590000E-010	7.64340000E-008
2.00000000E+000	3.01000000E-011	-1.15000000E-012	-3.45000000E-012	8.39990000E-012	-9.15810000E-010	-8.71980000E-008	9.99970000E-001	2.98600000E+000	4.98800000E+000	1.00000000E+000	3.00000000E+000	5.00000000E+000	-9.84990000E-012	9.19160000E-010	8.74240000E-008
2.25000000E+000	-2.21500000E-011	-8.99990000E-012	2.90000000E-011	-1.36500000E-011	-1.65600000E-009	-2.92450000E-007	9.99970000E-001	2.92590000E+000	4.95700000E+000	1.00000000E+000	3.00000000E+000	5.00000000E+000	8.90000000E-012	1.29600000E-009	2.98100000E-007
2.50000000E+000	2.37500000E-011	2.10000000E-011	-2.90500000E-011	1.17000000E-011	-1.09350000E-009	-3.24250000E-007	9.99970000E-001	2.98000000E+000	4.95700000E+000	1.00000000E+000	3.00000000E+000	5.00000000E+000	-3.10000000E-012	1.08550000E-009	3.00350000E-007
2.75000000E+000	-1.33000000E-011	-1.00000000E-013	2.06000000E-011	-1.57500000E-011	-1.73340000E-009	-5.05850000E-007	9.99970000E-001	2.96800000E+000	4.92500000E+000	1.00000000E+000	3.00000000E+000	5.00000000E+000	7.89990000E-012	1.80490000E-009	5.08090000E-007
3.00000000E+000	6.15000000E-012	-1.21000000E-011	-2.70500000E-011	9.24990000E-012	-4.19060000E-008	-1.29150000E-006	9.99970000E-001	2.43990000E+000	4.80690000E+000	1.00000000E+000	3.00000000E+000	5.00000000E+000	-4.05010000E-012	3.51390000E-008	1.20850000E-006
3.25000000E+000	1.16500000E-011	-1.56500000E-011	9.34980000E-012	-6.95000000E-012	-3.14250000E-008	-2.91290000E-006	9.99970000E-001	2.49290000E+000	4.59590000E+000	1.00000000E+000	3.00000000E+000	5.00000000E+000	3.65000000E-012	3.62250000E-008	3.05950000E-006
3.50000000E+000	-1.93500000E-011	3.86500000E-011	2.99990000E-011	-4.24990000E-012	-3.12560000E-008	-3.14540000E-006	9.99970000E-001	2.55800000E+000	4.91090000E+000	1.00000000E+000	3.00000000E+000	5.00000000E+000	6.85010000E-012	2.96550000E-008	2.82950000E-006
3.75000000E+000	3.28500000E-011	-3.54510000E-011	-1.84500000E-011	5.60000000E-012	-2.97750000E-008	-3.18050000E-005	9.99970000E-001	2.49790000E+000	4.55990000E-001	1.00000000E+000	3.00000000E+000	5.00000000E+000	-2.45000000E-012	3.31950000E-008	3.17540000E-005
4.00000000E+000	-2.25500000E-011	-5.26990000E-011	-1.73000000E-011	-1.14000000E-011	-3.98960000E-008	-3.23600000E-005	9.99970000E-001	2.37400000E+000	3.79990000E-001	1.00000000E+000	3.00000000E+000	5.00000000E+000	1.11500000E-011	4.00100000E-008	3.23600000E-005
4.25000000E+000	2.94010000E-011	-3.23490000E-011	3.13490000E-011	1.31500000E-011	-5.54350000E-008	-3.28350000E-005	9.99970000E-001	2.33090000E+000	3.15990000E-001	1.00000000E+000	3.00000000E+000	5.00000000E+000	-2.65000000E-012	4.63750000E-008	3.28100000E-005
4.50000000E+000	-1.11500000E-011	8.20010000E-012	-2.40500000E-011	-1.82500000E-011	-1.37890000E-007	-3.31590000E-005	9.99970000E-001	1.48700000E+000	2.63990000E-001	1.00000000E+000	3.00000000E+000	5.00000000E+000	1.04000000E-011	1.64700000E-007	3.32000000E-005
4.75000000E+000	7.35010000E-012	1.28500000E-011	2.71990000E-011	9.05010000E-012	-7.44980000E-008	-3.34790000E-005	9.98990000E-001	2.27500000E+000	2.25000000E-001	1.00000000E+000	3.00000000E+000	5.00000000E+000	2.35000000E-012	6.45990000E-008	3.34790000E-005
5.00000000E+000	1.42500000E-011	4.03000000E-011	-4.84990000E-012	-9.74990000E-012	-1.43050000E-007	-3.37190000E-005	9.99970000E-001	1.97600000E+000	1.95000000E-001	1.00000000E+000	3.00000000E+000	5.00000000E+000	3.60000000E-012	1.23600000E-007	3.37190000E-005

TEST RESULTS:  NOT  04/18/2025  17:08:28


