ATTRIBUTES:

Attribute #1:C:\Metrics\ics\projects\6.2600J_S25\buonato_UP_NOT.ics
Attribute #2:Test
Attribute #3:dev1
Attribute #4:PASSED
SETUP:NOT  04/18/2025  17:25:08
DATE:04/18/2025
TIME:17:25:08

CONDITIONS:

ID:	VDD	
UNIT:	SMU4	
MODE: STEP	
START:	1	
STOP:	5	
PNTS:	3	
STEP:	2

ID:	I0P	
UNIT:	SMU1	
MODE: SWEEP	
START:	0	
STOP:	5	
PNTS:	21	
STEP:	0.25

ID:	VSS	
UNIT:	SMU2	
START:	0	
STOP:	1	
PNTS:	1	
	STEP:	0

ID:	OUT	
UNIT:	SMU3	
MODE: CONST	
VALUE:	0

DATA:  NOT  04/18/2025  17:25:08

VI0P	II0P	II0P2	II0P3	IVSS	IVSS2	IVSS3	VOUT	VOUT2	VOUT3	VVDD	VVDD2	VVDD3	IVDD	IVDD2	IVDD3
0.00000000E+000	-3.76000000E-011	4.25490000E-011	2.09000000E-011	-5.69050000E-009	-3.77780000E-009	-3.06690000E-009	9.99970000E-001	3.00000000E+000	5.00000000E+000	1.00000000E+000	3.00000000E+000	5.00000000E+000	5.89150000E-009	3.88900000E-009	3.23640000E-009
2.50000000E-001	-3.13490000E-011	1.61500000E-011	-1.35000000E-011	-1.31600000E-008	-1.02360000E-008	-7.74660000E-009	9.97990000E-001	2.99790000E+000	4.99900000E+000	1.00000000E+000	3.00000000E+000	5.00000000E+000	1.33400000E-008	1.03150000E-008	7.65060000E-009
5.00000000E-001	-2.36490000E-011	-7.50010000E-013	3.64490000E-011	-3.01550000E-008	-2.08250000E-008	-1.77500000E-008	9.96000000E-001	2.99690000E+000	4.99680000E+000	1.00000000E+000	3.00000000E+000	5.00000000E+000	3.01610000E-008	1.93750000E-008	1.82200000E-008
7.50000000E-001	4.33010000E-011	-4.30000000E-011	1.04500000E-011	-5.57960000E-008	-3.98310000E-008	-3.19740000E-008	9.91970000E-001	2.99400000E+000	4.99490000E+000	1.00000000E+000	3.00000000E+000	5.00000000E+000	5.66190000E-008	3.87610000E-008	3.16790000E-008
1.00000000E+000	-2.58490000E-011	4.27000000E-011	-4.04000000E-011	-1.02900000E-007	-7.86350000E-008	-5.52250000E-008	9.85990000E-001	2.99000000E+000	4.99190000E+000	1.00000000E+000	3.00000000E+000	5.00000000E+000	1.02850000E-007	7.38980000E-008	5.47010000E-008
1.25000000E+000	2.83000000E-011	-3.47000000E-011	3.68010000E-011	-1.71250000E-007	-1.20000000E-007	-7.87990000E-008	9.75980000E-001	2.98400000E+000	4.98900000E+000	1.00000000E+000	3.00000000E+000	5.00000000E+000	1.67800000E-007	1.16100000E-007	7.70300000E-008
1.50000000E+000	-3.28500000E-011	2.61500000E-011	-1.48500000E-011	-2.62900000E-007	-1.92900000E-007	-1.15600000E-007	9.63990000E-001	2.97300000E+000	4.98290000E+000	1.00000000E+000	3.00000000E+000	5.00000000E+000	2.59450000E-007	1.93340000E-007	1.33550000E-007
1.75000000E+000	4.65990000E-011	-3.17510000E-011	5.09000000E-011	-3.88390000E-007	-2.95350000E-007	-1.92140000E-007	9.45980000E-001	2.95900000E+000	4.97290000E+000	1.00000000E+000	3.00000000E+000	5.00000000E+000	3.90440000E-007	2.96190000E-007	1.86050000E-007
2.00000000E+000	-4.24500000E-011	2.55500000E-011	-2.01500000E-011	-5.13450000E-007	-4.89930000E-007	-2.42450000E-007	9.28990000E-001	2.93090000E+000	4.96480000E+000	1.00000000E+000	3.00000000E+000	5.00000000E+000	5.16590000E-007	5.02130000E-007	2.49250000E-007
2.25000000E+000	2.61500000E-011	1.97000000E-011	2.84500000E-011	-6.15950000E-007	-6.25500000E-007	-3.47590000E-007	9.11990000E-001	2.91200000E+000	4.95190000E+000	1.00000000E+000	3.00000000E+000	5.00000000E+000	6.25640000E-007	6.14590000E-007	3.39990000E-007
2.50000000E+000	-5.80000000E-012	-5.59000000E-011	-2.58000000E-011	-7.79920000E-007	-8.36820000E-007	-3.46190000E-007	8.90990000E-001	2.88390000E+000	4.95190000E+000	1.00000000E+000	3.00000000E+000	5.00000000E+000	7.96190000E-007	8.38130000E-007	3.52900000E-007
2.75000000E+000	7.79990000E-012	-4.05510000E-011	9.44970000E-012	-9.32220000E-007	-1.22200000E-006	-5.10250000E-007	8.70000000E-001	2.82300000E+000	4.92900000E+000	1.00000000E+000	3.00000000E+000	5.00000000E+000	9.18890000E-007	1.25800000E-006	4.95290000E-007
3.00000000E+000	-2.83000000E-011	-7.49980000E-012	-5.77000000E-011	-9.62750000E-007	-1.50850000E-006	-6.22440000E-007	8.66970000E-001	2.79390000E+000	4.92380000E+000	1.00000000E+000	3.00000000E+000	5.00000000E+000	9.56580000E-007	1.51150000E-006	5.78990000E-007
3.25000000E+000	3.69990000E-012	-2.46490000E-011	-3.44510000E-011	-1.17050000E-006	-2.13690000E-006	-7.50790000E-007	8.37980000E-001	2.70190000E+000	4.89600000E+000	1.00000000E+000	3.00000000E+000	5.00000000E+000	1.18000000E-006	2.12400000E-006	7.72090000E-007
3.50000000E+000	4.31500000E-011	6.49510000E-011	-1.58050000E-010	-1.46100000E-006	-1.90550000E-006	-1.08150000E-006	8.06980000E-001	2.73790000E+000	4.84990000E+000	1.00000000E+000	3.00000000E+000	5.00000000E+000	1.36750000E-006	1.94750000E-006	1.07400000E-006
3.75000000E+000	-2.65000000E-011	-6.30500000E-011	3.11500000E-011	-1.58900000E-006	-2.80900000E-006	-9.22530000E-007	7.82990000E-001	2.61790000E+000	4.87500000E+000	1.00000000E+000	3.00000000E+000	5.00000000E+000	1.53300000E-006	2.79590000E-006	9.00990000E-007
4.00000000E+000	2.10000000E-011	3.64490000E-011	8.59980000E-012	-1.71700000E-006	-3.42100000E-006	-1.76300000E-006	7.57990000E-001	2.51890000E+000	4.74900000E+000	1.00000000E+000	3.00000000E+000	5.00000000E+000	1.68450000E-006	3.51250000E-006	1.71950000E-006
4.25000000E+000	-1.36600000E-010	-1.37300000E-010	-5.02990000E-011	-2.01550000E-006	-3.71550000E-006	-2.17000000E-006	7.11000000E-001	2.49790000E+000	4.74900000E+000	1.00000000E+000	3.00000000E+000	5.00000000E+000	2.01750000E-006	3.57090000E-006	1.60750000E-006
4.50000000E+000	6.16000000E-011	9.53020000E-011	-1.71850000E-010	-2.01600000E-006	-5.06450000E-006	-2.94100000E-006	7.21990000E-001	2.27500000E+000	4.61400000E+000	1.00000000E+000	3.00000000E+000	5.00000000E+000	2.00050000E-006	5.09550000E-006	2.82100000E-006
4.75000000E+000	6.40000000E-012	1.62850000E-010	-9.59990000E-012	-2.06250000E-006	-6.60750000E-006	-3.43550000E-005	7.07980000E-001	2.03600000E+000	2.31000000E-001	1.00000000E+000	3.00000000E+000	5.00000000E+000	2.07200000E-006	6.97140000E-006	3.43150000E-005
5.00000000E+000	-3.50000000E-012	-8.67490000E-010	-5.09990000E-012	-1.95150000E-006	-6.82990000E-006	-3.47400000E-005	7.32000000E-001	1.98800000E+000	1.76990000E-001	1.00000000E+000	3.00000000E+000	5.00000000E+000	2.03140000E-006	6.91690000E-006	3.47440000E-005

TEST RESULTS:  NOT  04/18/2025  17:25:08


