ATTRIBUTES:

Attribute #1:C:\Metrics\ics\projects\6.2600J_S25\buonato_UP_NOT.ics
Attribute #2:Test
Attribute #3:dev1
Attribute #4:PASSED
SETUP:NOT  04/18/2025  17:22:32
DATE:04/18/2025
TIME:17:22:32

CONDITIONS:

ID:	VDD	
UNIT:	SMU4	
MODE: STEP	
START:	1	
STOP:	5	
PNTS:	3	
STEP:	2

ID:	I0P	
UNIT:	SMU1	
MODE: SWEEP	
START:	0	
STOP:	5	
PNTS:	21	
STEP:	0.25

ID:	VSS	
UNIT:	SMU2	
START:	0	
STOP:	1	
PNTS:	1	
	STEP:	0

ID:	OUT	
UNIT:	SMU3	
MODE: CONST	
VALUE:	0

DATA:  NOT  04/18/2025  17:22:32

VI0P	II0P	II0P2	II0P3	IVSS	IVSS2	IVSS3	VOUT	VOUT2	VOUT3	VVDD	VVDD2	VVDD3	IVDD	IVDD2	IVDD3
0.00000000E+000	2.30000000E-011	-3.12990000E-011	-5.60000000E-012	6.55010000E-012	-5.50000000E-012	-3.74990000E-012	1.00100000E+000	3.00000000E+000	5.00100000E+000	1.00000000E+000	3.00000000E+000	5.00000000E+000	1.59500000E-011	-9.80010000E-012	2.34500000E-011
2.50000000E-001	3.02990000E-011	-2.62000000E-011	-1.55000000E-012	1.34000000E-011	-1.72500000E-011	9.15000000E-012	9.99970000E-001	3.00000000E+000	5.00000000E+000	1.00000000E+000	3.00000000E+000	5.00000000E+000	-8.45010000E-012	1.27500000E-011	-1.05000000E-012
5.00000000E-001	-2.36000000E-011	1.31500000E-011	1.86000000E-011	-1.37000000E-011	1.17000000E-011	-6.35000000E-012	9.99970000E-001	3.00000000E+000	5.00000000E+000	1.00000000E+000	3.00000000E+000	5.00000000E+000	1.24000000E-011	1.65000000E-012	7.70000000E-012
7.50000000E-001	2.35500000E-011	1.25000000E-012	-2.33500000E-011	1.31000000E-011	-9.20020000E-012	-2.48500000E-011	9.99970000E-001	3.00000000E+000	5.00000000E+000	1.00000000E+000	3.00000000E+000	5.00000000E+000	-7.95010000E-012	6.10000000E-012	3.01000000E-011
1.00000000E+000	-2.05000000E-012	-1.13500000E-011	2.92000000E-011	-9.55010000E-012	4.10010000E-012	-6.79990000E-012	9.98990000E-001	3.00000000E+000	5.00000000E+000	1.00000000E+000	3.00000000E+000	5.00000000E+000	1.39000000E-011	8.65000000E-012	1.93500000E-011
1.25000000E+000	-4.29990000E-012	2.52500000E-011	-2.92500000E-011	7.64990000E-012	-1.85000000E-012	-4.33500000E-011	9.99970000E-001	3.00100000E+000	5.00100000E+000	1.00000000E+000	3.00000000E+000	5.00000000E+000	-3.19990000E-012	1.52000000E-011	2.53500000E-011
1.50000000E+000	2.05500000E-011	-2.18500000E-011	2.48000000E-011	-5.64990000E-012	-1.85000000E-011	-2.74500000E-011	9.99970000E-001	3.00000000E+000	5.00000000E+000	1.00000000E+000	3.00000000E+000	5.00000000E+000	-9.00000000E-013	1.81500000E-011	5.00510000E-011
1.75000000E+000	-2.14500000E-011	3.02500000E-011	-1.80000000E-012	-2.20000000E-012	-6.19990000E-012	-9.65980000E-011	9.99970000E-001	3.00000000E+000	5.00000000E+000	1.00000000E+000	3.00000000E+000	5.00000000E+000	1.05000000E-011	-5.99990000E-013	9.86480000E-011
2.00000000E+000	3.20510000E-011	-2.32500000E-011	-1.22000000E-011	6.60010000E-012	-3.36500000E-011	-1.43250000E-010	9.99970000E-001	3.00000000E+000	5.00000000E+000	1.00000000E+000	3.00000000E+000	5.00000000E+000	-4.65010000E-012	2.17500000E-011	1.27400000E-010
2.25000000E+000	-2.57000000E-011	2.30000000E-011	3.10510000E-011	-6.95000000E-012	-9.15000000E-012	-2.52750000E-010	9.99970000E-001	3.00000000E+000	5.00000000E+000	1.00000000E+000	3.00000000E+000	5.00000000E+000	1.70000000E-011	1.48500000E-011	2.63950000E-010
2.50000000E+000	2.61500000E-011	2.00000000E-012	-1.95500000E-011	1.50500000E-011	-4.75500000E-011	-4.73250000E-010	9.99970000E-001	3.00000000E+000	5.00000000E+000	1.00000000E+000	3.00000000E+000	5.00000000E+000	-2.47500000E-011	4.85000000E-011	4.83140000E-010
2.75000000E+000	-1.00000000E-011	-5.39990000E-012	3.21010000E-011	-1.53500000E-011	-3.38010000E-011	-9.13700000E-010	9.99970000E-001	3.00000000E+000	5.00000000E+000	1.00000000E+000	3.00000000E+000	5.00000000E+000	1.01000000E-011	3.95510000E-011	8.60810000E-010
3.00000000E+000	2.00000000E-012	2.10990000E-011	1.25000000E-011	1.12000000E-011	-3.41510000E-011	-9.44510000E-009	9.99970000E-001	3.00000000E+000	4.99900000E+000	1.00000000E+000	3.00000000E+000	5.00000000E+000	-9.24990000E-012	4.09500000E-011	1.02000000E-008
3.25000000E+000	1.64000000E-011	-2.17000000E-011	-3.76000000E-011	-1.05000000E-011	-4.51500000E-011	-3.00890000E-009	9.99970000E-001	3.00000000E+000	5.00000000E+000	1.00000000E+000	3.00000000E+000	5.00000000E+000	5.30000000E-012	4.62490000E-011	3.18490000E-009
3.50000000E+000	-2.04500000E-011	2.99000000E-011	-9.49990000E-012	-4.24990000E-012	-2.65500000E-011	-6.10840000E-009	9.99970000E-001	3.00000000E+000	5.00000000E+000	1.00000000E+000	3.00000000E+000	5.00000000E+000	5.15010000E-012	2.31000000E-011	5.94950000E-009
3.75000000E+000	2.96000000E-011	-2.38500000E-011	3.28010000E-011	4.99990000E-013	-1.44000000E-010	-4.66090000E-009	9.99970000E-001	3.00000000E+000	5.00000000E+000	1.00000000E+000	3.00000000E+000	5.00000000E+000	-3.10000000E-012	1.40650000E-010	4.71230000E-009
4.00000000E+000	-2.34500000E-011	2.92990000E-011	-9.49990000E-012	-1.29500000E-011	-9.86120000E-010	-1.76100000E-006	9.99970000E-001	3.00000000E+000	4.72290000E+000	1.00000000E+000	3.00000000E+000	5.00000000E+000	1.55500000E-011	1.06750000E-009	1.69900000E-006
4.25000000E+000	3.41510000E-011	2.73500000E-011	1.64500000E-011	1.22000000E-011	-5.10000000E-010	-3.23250000E-006	9.99970000E-001	3.00100000E+000	4.61210000E+000	1.00000000E+000	3.00000000E+000	5.00000000E+000	-5.94990000E-012	4.59450000E-010	2.80290000E-006
4.50000000E+000	-2.00500000E-011	-2.35500000E-011	4.20500000E-011	-2.13500000E-011	-7.84500000E-010	-2.98790000E-006	9.99970000E-001	3.00000000E+000	4.57100000E+000	1.00000000E+000	3.00000000E+000	5.00000000E+000	2.00000000E-011	8.89260000E-010	2.92400000E-006
4.75000000E+000	1.55000000E-011	3.19000000E-011	5.04980000E-011	1.71990000E-011	-6.12940000E-010	-6.49990000E-009	9.99970000E-001	3.00000000E+000	4.99900000E+000	1.00000000E+000	3.00000000E+000	5.00000000E+000	-2.17500000E-011	7.10150000E-010	7.14980000E-009
5.00000000E+000	3.99990000E-012	1.03500000E-011	-2.13500000E-011	-1.14000000E-011	-5.14860000E-010	-3.43940000E-005	9.99970000E-001	3.00000000E+000	1.96000000E-001	1.00000000E+000	3.00000000E+000	5.00000000E+000	2.14990000E-012	4.39750000E-010	3.43640000E-005

TEST RESULTS:  NOT  04/18/2025  17:22:32


