ATTRIBUTES:

Attribute #1:C:\Metrics\ics\projects\6.2600J_S25\buonato_UP_NOT.ics
Attribute #2:Test
Attribute #3:dev1
Attribute #4:PASSED
SETUP:NOT  04/18/2025  17:31:31
DATE:04/18/2025
TIME:17:31:31

CONDITIONS:

ID:	VDD	
UNIT:	SMU4	
MODE: STEP	
START:	1	
STOP:	5	
PNTS:	3	
STEP:	2

ID:	I0P	
UNIT:	SMU1	
MODE: SWEEP	
START:	0	
STOP:	5	
PNTS:	21	
STEP:	0.25

ID:	VSS	
UNIT:	SMU2	
START:	0	
STOP:	1	
PNTS:	1	
	STEP:	0

ID:	OUT	
UNIT:	SMU3	
MODE: CONST	
VALUE:	0

DATA:  NOT  04/18/2025  17:31:31

VI0P	II0P	II0P2	II0P3	IVSS	IVSS2	IVSS3	VOUT	VOUT2	VOUT3	VVDD	VVDD2	VVDD3	IVDD	IVDD2	IVDD3
0.00000000E+000	-2.45000000E-011	5.50000000E-013	5.00000000E-014	-2.49850000E-010	-1.27350000E-010	-1.18750000E-010	9.99970000E-001	3.00000000E+000	5.00000000E+000	1.00000000E+000	3.00000000E+000	5.00000000E+000	2.39000000E-010	1.51000000E-010	1.32750000E-010
2.50000000E-001	2.25000000E-011	1.50000000E-013	-1.70000000E-012	-9.34220000E-010	-5.04460000E-010	-5.20690000E-010	9.99970000E-001	3.00000000E+000	5.00000000E+000	1.00000000E+000	3.00000000E+000	5.00000000E+000	9.12650000E-010	5.18100000E-010	5.44760000E-010
5.00000000E-001	2.35500000E-011	2.43500000E-011	9.49990000E-012	-2.55090000E-009	-1.71640000E-009	-1.44400000E-009	9.98990000E-001	3.00000000E+000	5.00000000E+000	1.00000000E+000	3.00000000E+000	5.00000000E+000	2.77840000E-009	1.84890000E-009	1.41300000E-009
7.50000000E-001	-3.69990000E-012	2.65000000E-011	-1.10000000E-011	-7.76300000E-009	-5.29240000E-009	-4.67430000E-009	9.98990000E-001	2.99890000E+000	5.00000000E+000	1.00000000E+000	3.00000000E+000	5.00000000E+000	7.80890000E-009	5.23230000E-009	4.65050000E-009
1.00000000E+000	1.82500000E-011	-2.79000000E-011	3.35000000E-012	-1.61900000E-008	-1.21250000E-008	-1.06050000E-008	9.96980000E-001	2.99890000E+000	4.99900000E+000	1.00000000E+000	3.00000000E+000	5.00000000E+000	1.59650000E-008	1.15050000E-008	9.64520000E-009
1.25000000E+000	-2.03000000E-011	1.20500000E-011	-1.10500000E-011	-3.95990000E-008	-2.53400000E-008	-2.77000000E-008	9.93990000E-001	2.99600000E+000	4.99580000E+000	1.00000000E+000	3.00000000E+000	5.00000000E+000	3.93390000E-008	2.51350000E-008	2.74100000E-008
1.50000000E+000	1.67500000E-011	4.29990000E-012	2.35000000E-012	-5.55350000E-008	-4.63350000E-008	-5.95350000E-008	9.91970000E-001	2.99400000E+000	4.99190000E+000	1.00000000E+000	3.00000000E+000	5.00000000E+000	5.62800000E-008	4.73100000E-008	6.09290000E-008
1.75000000E+000	-4.99990000E-013	-1.45500000E-011	-3.90000000E-012	-8.77040000E-008	-7.97730000E-008	-1.20450000E-007	9.87980000E-001	2.98900000E+000	4.98390000E+000	1.00000000E+000	3.00000000E+000	5.00000000E+000	8.47460000E-008	7.93330000E-008	1.18850000E-007
2.00000000E+000	-5.50000000E-012	5.80000000E-012	8.90000000E-012	-1.07750000E-007	-1.11200000E-007	-2.45340000E-007	9.84980000E-001	2.98400000E+000	4.96700000E+000	1.00000000E+000	3.00000000E+000	5.00000000E+000	1.08450000E-007	1.09450000E-007	2.42800000E-007
2.25000000E+000	1.56500000E-011	-4.40000000E-012	8.05000000E-012	-1.47250000E-007	-1.64900000E-007	-5.18400000E-007	9.78970000E-001	2.97690000E+000	4.92900000E+000	1.00000000E+000	3.00000000E+000	5.00000000E+000	1.48150000E-007	1.65240000E-007	5.21280000E-007
2.50000000E+000	6.90000000E-012	1.81000000E-011	-2.66500000E-011	-1.91390000E-007	-1.82850000E-007	-8.31520000E-007	9.72990000E-001	2.97400000E+000	4.88700000E+000	1.00000000E+000	3.00000000E+000	5.00000000E+000	1.90550000E-007	1.84100000E-007	8.34350000E-007
2.75000000E+000	-9.40000000E-012	-2.64500000E-011	1.85000000E-012	-2.40750000E-007	-2.46000000E-007	-1.34100000E-006	9.65970000E-001	2.96500000E+000	4.81400000E+000	1.00000000E+000	3.00000000E+000	5.00000000E+000	2.43740000E-007	2.51650000E-007	1.27550000E-006
3.00000000E+000	2.79500000E-011	3.19000000E-011	2.40000000E-012	-2.89000000E-007	-3.62390000E-007	-2.37590000E-006	9.58980000E-001	2.95090000E+000	4.66600000E+000	1.00000000E+000	3.00000000E+000	5.00000000E+000	2.91840000E-007	3.41490000E-007	2.38500000E-006
3.25000000E+000	-2.73000000E-011	-2.52500000E-011	1.02000000E-011	-3.22440000E-007	-3.91740000E-007	-4.13300000E-006	9.53980000E-001	2.94490000E+000	4.42700000E+000	1.00000000E+000	3.00000000E+000	5.00000000E+000	3.27690000E-007	3.96990000E-007	4.13390000E-006
3.50000000E+000	3.39000000E-011	2.47500000E-011	-1.86500000E-011	-4.08540000E-007	-4.89350000E-007	-6.58590000E-006	9.44000000E-001	2.93090000E+000	4.08500000E+000	1.00000000E+000	3.00000000E+000	5.00000000E+000	3.95550000E-007	4.77800000E-007	6.55650000E-006
3.75000000E+000	-2.24500000E-011	-5.50000000E-012	-1.90000000E-012	-4.15590000E-007	-5.92900000E-007	-9.80310000E-006	9.40980000E-001	2.91700000E+000	3.63390000E+000	1.00000000E+000	3.00000000E+000	5.00000000E+000	4.24800000E-007	5.87230000E-007	9.44780000E-006
4.00000000E+000	2.02000000E-011	-3.45000000E-012	2.64000000E-011	-5.15340000E-007	-1.03350000E-006	-1.21800000E-005	9.27980000E-001	2.82400000E+000	3.30800000E+000	1.00000000E+000	3.00000000E+000	5.00000000E+000	5.11240000E-007	9.30190000E-007	1.22400000E-005
4.25000000E+000	-5.50000000E-013	-9.74990000E-012	2.64000000E-011	-5.89530000E-007	-8.60630000E-007	-1.67850000E-005	9.16990000E-001	2.87790000E+000	2.66800000E+000	1.00000000E+000	3.00000000E+000	5.00000000E+000	5.82280000E-007	9.74160000E-007	1.67100000E-005
4.50000000E+000	1.15000000E-012	3.67490000E-011	-2.05500000E-011	-4.70450000E-007	-2.60440000E-006	-2.11850000E-005	9.33990000E-001	2.62190000E+000	2.04390000E+000	1.00000000E+000	3.00000000E+000	5.00000000E+000	4.74140000E-007	2.96590000E-006	2.12000000E-005
4.75000000E+000	1.85000000E-011	2.80000000E-012	2.57000000E-011	-6.17090000E-007	-2.95600000E-006	-2.44590000E-005	9.18000000E-001	2.13290000E+000	1.60300000E+000	1.00000000E+000	3.00000000E+000	5.00000000E+000	6.03580000E-007	6.86040000E-006	2.44590000E-005
5.00000000E+000	-1.95000000E-011	-3.56000000E-011	-1.30500000E-011	-6.05880000E-007	-9.15630000E-006	-2.66500000E-005	9.14980000E-001	1.75900000E+000	1.28500000E+000	1.00000000E+000	3.00000000E+000	5.00000000E+000	6.17170000E-007	8.56770000E-006	2.66900000E-005

TEST RESULTS:  NOT  04/18/2025  17:31:31


