ATTRIBUTES:

Attribute #1:C:\Metrics\ics\projects\6.2600J_S25\transistor_measurement.ics
Attribute #2:Test
Attribute #3:dev1
Attribute #4:PASSED
SETUP:TRANSFER  04/18/2025  16:53:14
DATE:04/18/2025
TIME:16:53:14

CONDITIONS:

ID:	D	
UNIT:	SMU2	
MODE: STEP	
START:	0.5	
STOP:	5	
PNTS:	2	
STEP:	4.5

ID:	G	
UNIT:	SMU4	
MODE: SWEEP	
START:	-2	
STOP:	4	
PNTS:	61	
STEP:	0.1

ID:	S	
UNIT:	SMU1	
MODE: CONST	
VALUE:	0

DATA:  TRANSFER  04/18/2025  16:53:14

IS	IS2	VD	VD2	ID	ID2	VG	IG	IG2	ACCSTRESS
-5.17700000E-007	-8.01370000E-007	5.00000000E-001	5.00000000E+000	5.30390000E-007	8.25820000E-007	-2.00000000E+000	2.70000000E-012	-1.15000000E-012	0.00000000E+000
-7.65370000E-007	-1.33500000E-006	5.00000000E-001	5.00000000E+000	7.66240000E-007	1.34250000E-006	-1.90000000E+000	6.79990000E-012	-1.79500000E-011	*
-1.00330000E-006	-1.92100000E-006	5.00000000E-001	5.00000000E+000	9.94830000E-007	1.91950000E-006	-1.80000000E+000	-1.59000000E-011	1.95000000E-012	*
-1.26300000E-006	-2.42900000E-006	5.00000000E-001	5.00000000E+000	1.26100000E-006	2.36950000E-006	-1.70000000E+000	2.18500000E-011	-4.90010000E-012	*
-1.56400000E-006	-3.05000000E-006	5.00000000E-001	5.00000000E+000	1.55500000E-006	3.06500000E-006	-1.60000000E+000	1.69500000E-011	2.76000000E-011	*
-1.86100000E-006	-3.83360000E-006	5.00000000E-001	5.00000000E+000	1.84600000E-006	3.85150000E-006	-1.50000000E+000	6.74990000E-012	2.44000000E-011	*
-2.16250000E-006	-4.82100000E-006	5.00000000E-001	5.00000000E+000	2.16150000E-006	5.01750000E-006	-1.40000000E+000	-6.00010000E-012	3.02500000E-011	*
-2.42050000E-006	-6.26640000E-006	5.00000000E-001	5.00000000E+000	2.43300000E-006	6.01640000E-006	-1.30000000E+000	5.99990000E-013	4.96490000E-011	*
-2.77500000E-006	-7.46340000E-006	5.00000000E-001	5.00000000E+000	2.77500000E-006	7.56890000E-006	-1.20000000E+000	9.99980000E-013	-1.00500000E-011	*
-3.11750000E-006	-9.29650000E-006	5.00000000E-001	5.00000000E+000	3.09350000E-006	9.24710000E-006	-1.10000000E+000	1.45000000E-011	-1.40000000E-012	*
-3.45040000E-006	-1.03900000E-005	5.00000000E-001	5.00000000E+000	3.47050000E-006	1.06900000E-005	-1.00000000E+000	2.30000000E-012	-2.83000000E-011	*
-3.63250000E-006	-1.34250000E-005	5.00000000E-001	5.00000000E+000	3.69750000E-006	1.34350000E-005	-9.00000000E-001	5.73000000E-011	-6.35000000E-012	*
-3.97090000E-006	-1.56900000E-005	5.00000000E-001	5.00000000E+000	4.03850000E-006	1.56250000E-005	-8.00000000E-001	2.49500000E-011	-5.15010000E-012	*
-4.41450000E-006	-1.80290000E-005	5.00000000E-001	5.00000000E+000	4.45340000E-006	1.80250000E-005	-7.00000000E-001	1.27000000E-011	8.84980000E-012	*
-4.66760000E-006	-2.06450000E-005	5.00000000E-001	5.00000000E+000	4.77000000E-006	2.05100000E-005	-6.00000000E-001	1.40000000E-011	1.24000000E-011	*
-4.76350000E-006	-2.33990000E-005	5.00000000E-001	5.00000000E+000	5.16090000E-006	2.34250000E-005	-5.00000000E-001	2.79000000E-011	1.59000000E-011	*
-5.12250000E-006	-2.65000000E-005	5.00000000E-001	5.00000000E+000	5.11950000E-006	2.65500000E-005	-4.00000000E-001	-3.15000000E-012	5.80000000E-012	*
-5.51480000E-006	-2.97850000E-005	5.00000000E-001	5.00000000E+000	5.52210000E-006	2.98250000E-005	-3.00000000E-001	1.13500000E-011	1.81500000E-011	*
-6.35140000E-006	-3.34100000E-005	5.00000000E-001	5.00000000E+000	6.13690000E-006	3.34490000E-005	-2.00000000E-001	1.62500000E-011	-5.60000000E-012	*
-6.33530000E-006	-3.72490000E-005	5.00000000E-001	5.00000000E+000	6.32090000E-006	3.74390000E-005	-1.00000000E-001	7.54990000E-012	-1.55000000E-012	*
-6.80640000E-006	-4.06450000E-005	5.00000000E-001	5.00000000E+000	6.74530000E-006	4.07140000E-005	0.00000000E+000	-1.07500000E-011	5.90990000E-011	*
-8.83450000E-006	-4.31850000E-005	5.00000000E-001	5.00000000E+000	9.01710000E-006	4.38840000E-005	1.00000000E-001	-3.55010000E-012	2.34500000E-011	*
-9.60150000E-006	-4.86650000E-005	5.00000000E-001	5.00000000E+000	9.48270000E-006	4.89600000E-005	2.00000000E-001	-1.02750000E-010	7.89990000E-012	*
-7.94050000E-006	-5.43540000E-005	5.00000000E-001	5.00000000E+000	7.93350000E-006	5.42890000E-005	3.00000000E-001	2.48000000E-011	-1.06500000E-011	*
-8.11970000E-006	-6.00050000E-005	5.00000000E-001	5.00000000E+000	7.98660000E-006	6.05140000E-005	4.00000000E-001	2.05500000E-011	5.83000000E-011	*
-9.00310000E-006	-6.77780000E-005	5.00000000E-001	5.00000000E+000	9.04640000E-006	6.86530000E-005	5.00000000E-001	9.94980000E-012	1.04500000E-011	*
-9.55350000E-006	-7.51060000E-005	5.00000000E-001	5.00000000E+000	9.52700000E-006	7.43230000E-005	6.00000000E-001	-6.99990000E-013	5.50000000E-013	*
-9.95210000E-006	-8.17740000E-005	5.00000000E-001	5.00000000E+000	9.87300000E-006	8.17110000E-005	7.00000000E-001	-8.74990000E-012	2.36490000E-011	*
-1.02450000E-005	-9.02230000E-005	5.00000000E-001	5.00000000E+000	1.02220000E-005	9.01410000E-005	8.00000000E-001	-1.65000000E-012	1.63500000E-011	*
-1.03760000E-005	-9.66940000E-005	5.00000000E-001	5.00000000E+000	1.04600000E-005	9.61980000E-005	9.00000000E-001	3.50000000E-012	-2.01500000E-011	*
-1.04730000E-005	-1.04560000E-004	5.00000000E-001	5.00000000E+000	1.04750000E-005	1.04380000E-004	1.00000000E+000	1.11000000E-011	-3.11500000E-011	*
-1.09350000E-005	-1.16100000E-004	5.00000000E-001	5.00000000E+000	1.09300000E-005	1.14350000E-004	1.10000000E+000	1.82000000E-011	7.40500000E-011	*
-1.07700000E-005	-1.25050000E-004	5.00000000E-001	5.00000000E+000	1.07300000E-005	1.25200000E-004	1.20000000E+000	1.25500000E-011	6.14020000E-011	*
-1.10650000E-005	-1.35550000E-004	5.00000000E-001	5.00000000E+000	1.10850000E-005	1.35550000E-004	1.30000000E+000	-2.90000000E-012	1.46500000E-011	*
-1.12550000E-005	-1.45700000E-004	5.00000000E-001	5.00000000E+000	1.14900000E-005	1.44700000E-004	1.40000000E+000	4.70000000E-012	2.25000000E-012	*
-1.22500000E-005	-1.55850000E-004	5.00000000E-001	5.00000000E+000	1.40200000E-005	1.56050000E-004	1.50000000E+000	7.16510000E-011	-8.80000000E-012	*
-1.52600000E-005	-1.65650000E-004	5.00000000E-001	5.00000000E+000	1.51800000E-005	1.65350000E-004	1.60000000E+000	5.45010000E-012	2.80000000E-011	*
-1.40500000E-005	-1.77150000E-004	5.00000000E-001	5.00000000E+000	1.42800000E-005	1.76600000E-004	1.70000000E+000	2.31500000E-011	-9.34980000E-012	*
-1.49050000E-005	-1.88250000E-004	5.00000000E-001	5.00000000E+000	1.51950000E-005	1.88600000E-004	1.80000000E+000	4.36500000E-011	2.02500000E-011	*
-1.49950000E-005	-2.02100000E-004	5.00000000E-001	5.00000000E+000	1.49600000E-005	1.99600000E-004	1.90000000E+000	-8.95020000E-012	3.19990000E-011	*
-1.65400000E-005	-2.14350000E-004	5.00000000E-001	5.00000000E+000	1.59100000E-005	2.14350000E-004	2.00000000E+000	-7.15000000E-012	-4.24990000E-012	*
-1.98050000E-005	-2.24700000E-004	5.00000000E-001	5.00000000E+000	1.98050000E-005	2.25150000E-004	2.10000000E+000	8.05000000E-012	4.02010000E-011	*
-1.92090000E-005	-2.41700000E-004	5.00000000E-001	5.00000000E+000	1.93800000E-005	2.42150000E-004	2.20000000E+000	2.79500000E-011	4.72000000E-011	*
-2.06150000E-005	-2.53800000E-004	5.00000000E-001	5.00000000E+000	2.06400000E-005	2.54050000E-004	2.30000000E+000	4.60010000E-011	2.85490000E-011	*
-2.00300000E-005	-2.71350000E-004	5.00000000E-001	5.00000000E+000	2.04400000E-005	2.70250000E-004	2.40000000E+000	2.36000000E-011	3.23490000E-011	*
-2.21300000E-005	-2.93950000E-004	5.00000000E-001	5.00000000E+000	2.19200000E-005	2.95400000E-004	2.50000000E+000	4.02010000E-011	9.07510000E-011	*
-2.00800000E-005	-3.32400000E-004	5.00000000E-001	5.00000000E+000	1.98450000E-005	3.28350000E-004	2.60000000E+000	3.15000000E-012	-3.74490000E-011	*
-1.80750000E-005	-3.42910000E-004	5.00000000E-001	5.00000000E+000	1.78650000E-005	3.45800000E-004	2.70000000E+000	5.75010000E-012	3.50490000E-011	*
-1.84490000E-005	-3.69000000E-004	5.00000000E-001	5.00000000E+000	1.81200000E-005	3.68800000E-004	2.80000000E+000	-2.86500000E-011	-4.06010000E-011	*
-1.95650000E-005	-4.52100000E-004	5.00000000E-001	5.00000000E+000	1.94200000E-005	4.52250000E-004	2.90000000E+000	2.98500000E-011	3.34510000E-011	*
-1.94700000E-005	-4.73410000E-004	5.00000000E-001	5.00000000E+000	1.96290000E-005	4.72900000E-004	3.00000000E+000	4.29510000E-011	6.44990000E-012	*
-1.99950000E-005	-4.92360000E-004	5.00000000E-001	5.00000000E+000	2.00850000E-005	4.91920000E-004	3.10000000E+000	2.92000000E-011	3.40000000E-011	*
-2.13940000E-005	-5.16000000E-004	5.00000000E-001	5.00000000E+000	2.14450000E-005	5.15700000E-004	3.20000000E+000	2.30000000E-011	1.11000000E-011	*
-2.14300000E-005	-5.43270000E-004	5.00000000E-001	5.00000000E+000	2.14550000E-005	5.43300000E-004	3.30000000E+000	-1.56500000E-011	-8.55000000E-012	*
-2.18690000E-005	-5.63410000E-004	5.00000000E-001	5.00000000E+000	2.19750000E-005	5.63260000E-004	3.40000000E+000	-1.01500000E-011	1.05500000E-011	*
-2.19350000E-005	-5.88650000E-004	5.00000000E-001	5.00000000E+000	2.16350000E-005	5.88270000E-004	3.50000000E+000	2.35000000E-012	1.33500000E-011	*
-2.15050000E-005	-6.11540000E-004	5.00000000E-001	5.00000000E+000	2.15840000E-005	6.12350000E-004	3.60000000E+000	5.68010000E-011	4.82990000E-011	*
-2.24700000E-005	-6.40060000E-004	5.00000000E-001	5.00000000E+000	2.22500000E-005	6.38840000E-004	3.70000000E+000	1.57000000E-011	2.40000000E-011	*
-2.06400000E-005	-6.67060000E-004	5.00000000E-001	5.00000000E+000	1.90700000E-005	6.66800000E-004	3.80000000E+000	4.52490000E-011	1.38000000E-011	*
-1.92500000E-005	-6.93620000E-004	5.00000000E-001	5.00000000E+000	1.93000000E-005	6.93200000E-004	3.90000000E+000	9.99980000E-013	3.30000000E-012	*
-1.96650000E-005	-7.16810000E-004	5.00000000E-001	5.00000000E+000	1.97100000E-005	7.17820000E-004	4.00000000E+000	1.73500000E-011	-1.65000000E-012	*

TEST RESULTS:  TRANSFER  04/18/2025  16:53:14


SETUP:OUTPUT  04/18/2025  16:53:42
DATE:04/18/2025
TIME:16:53:42

CONDITIONS:

ID:	D	
UNIT:	SMU2	
MODE: SWEEP	
START:	0	
STOP:	5	
PNTS:	51	
STEP:	0.1

ID:	G	
UNIT:	SMU4	
MODE: STEP	
START:	-2	
STOP:	4	
PNTS:	3	
STEP:	3

ID:	S	
UNIT:	SMU1	
MODE: CONST	
VALUE:	0

DATA:  OUTPUT  04/18/2025  16:53:42

IS	IS2	IS3	VD	ID	ID2	ID3	VG	VG2	VG3	IG	IG2	IG3	ACCSTRESS
-9.39620000E-010	-1.99150000E-008	-4.91110000E-008	0.00000000E+000	7.48710000E-010	2.08650000E-008	4.19350000E-008	-2.00000000E+000	1.00000000E+000	4.00000000E+000	-9.90010000E-012	-8.99990000E-012	3.60000000E-012	0.00000000E+000
-3.70740000E-007	-5.88810000E-006	-1.45600000E-005	1.00000000E-001	3.72690000E-007	5.93000000E-006	1.46350000E-005	-2.00000000E+000	1.00000000E+000	4.00000000E+000	-1.32000000E-011	-2.40000000E-012	1.99500000E-011	*
-6.68980000E-007	-1.15650000E-005	-2.78250000E-005	2.00000000E-001	6.68890000E-007	1.15900000E-005	2.78150000E-005	-2.00000000E+000	1.00000000E+000	4.00000000E+000	-1.65000000E-011	2.38500000E-011	1.02000000E-011	*
-8.83680000E-007	-1.73550000E-005	-4.16450000E-005	3.00000000E-001	8.83740000E-007	1.73200000E-005	4.16040000E-005	-2.00000000E+000	1.00000000E+000	4.00000000E+000	-2.75000000E-012	8.80000000E-012	4.54990000E-012	*
-1.03910000E-006	-2.42500000E-005	-5.46830000E-005	4.00000000E-001	1.03960000E-006	2.42400000E-005	5.47150000E-005	-2.00000000E+000	1.00000000E+000	4.00000000E+000	1.21500000E-011	-1.39000000E-011	-8.20010000E-012	*
-1.16850000E-006	-3.00400000E-005	-6.65300000E-005	5.00000000E-001	1.16600000E-006	3.00800000E-005	6.65630000E-005	-2.00000000E+000	1.00000000E+000	4.00000000E+000	-1.61000000E-011	-1.06500000E-011	-3.74990000E-012	*
-1.24300000E-006	-3.66140000E-005	-8.33460000E-005	6.00000000E-001	1.24250000E-006	3.65950000E-005	8.32970000E-005	-2.00000000E+000	1.00000000E+000	4.00000000E+000	-1.48000000E-011	-2.08000000E-011	6.05010000E-012	*
-1.29400000E-006	-4.29640000E-005	-9.65860000E-005	7.00000000E-001	1.29600000E-006	4.31240000E-005	9.61570000E-005	-2.00000000E+000	1.00000000E+000	4.00000000E+000	-7.15000000E-012	4.08490000E-011	1.75500000E-011	*
-1.33400000E-006	-5.11650000E-005	-1.07900000E-004	8.00000000E-001	1.33450000E-006	5.11240000E-005	1.09150000E-004	-2.00000000E+000	1.00000000E+000	4.00000000E+000	1.31000000E-011	1.72500000E-011	2.86500000E-011	*
-1.35400000E-006	-5.76190000E-005	-1.22700000E-004	9.00000000E-001	1.36050000E-006	5.76340000E-005	1.22850000E-004	-2.00000000E+000	1.00000000E+000	4.00000000E+000	8.30000000E-012	9.30010000E-012	7.79990000E-012	*
-1.37800000E-006	-6.39110000E-005	-1.41600000E-004	1.00000000E+000	1.37900000E-006	6.39000000E-005	1.41250000E-004	-2.00000000E+000	1.00000000E+000	4.00000000E+000	5.85000000E-012	4.05010000E-012	3.45000000E-012	*
-1.39350000E-006	-6.91490000E-005	-1.66050000E-004	1.10000000E+000	1.39100000E-006	6.92050000E-005	1.65100000E-004	-2.00000000E+000	1.00000000E+000	4.00000000E+000	-8.49980000E-013	-2.10000000E-011	-1.00000000E-013	*
-1.40000000E-006	-7.23530000E-005	-1.90710000E-004	1.20000000E+000	1.40350000E-006	7.23600000E-005	1.91200000E-004	-2.00000000E+000	1.00000000E+000	4.00000000E+000	-2.07000000E-011	-6.44990000E-012	-2.00000000E-011	*
-1.41500000E-006	-7.56830000E-005	-2.06400000E-004	1.30000000E+000	1.41550000E-006	7.57950000E-005	2.06550000E-004	-2.00000000E+000	1.00000000E+000	4.00000000E+000	-1.34000000E-011	2.81990000E-011	2.55000000E-012	*
-1.42050000E-006	-8.11260000E-005	-2.23600000E-004	1.40000000E+000	1.42350000E-006	8.13530000E-005	2.24700000E-004	-2.00000000E+000	1.00000000E+000	4.00000000E+000	-8.20010000E-012	1.06500000E-011	1.43500000E-011	*
-1.43150000E-006	-8.56590000E-005	-2.41600000E-004	1.50000000E+000	1.43550000E-006	8.51940000E-005	2.43050000E-004	-2.00000000E+000	1.00000000E+000	4.00000000E+000	1.08000000E-011	2.88500000E-011	3.93000000E-011	*
-1.44250000E-006	-9.08820000E-005	-2.57910000E-004	1.60000000E+000	1.44450000E-006	8.95040000E-005	2.58400000E-004	-2.00000000E+000	1.00000000E+000	4.00000000E+000	1.07500000E-011	3.55010000E-011	1.70500000E-011	*
-1.45350000E-006	-9.41230000E-005	-2.79550000E-004	1.70000000E+000	1.45400000E-006	9.44100000E-005	2.79690000E-004	-2.00000000E+000	1.00000000E+000	4.00000000E+000	1.37000000E-011	6.35000000E-012	-1.22000000E-011	*
-1.46150000E-006	-9.67830000E-005	-3.02960000E-004	1.80000000E+000	1.45950000E-006	9.72300000E-005	3.02360000E-004	-2.00000000E+000	1.00000000E+000	4.00000000E+000	-6.99990000E-013	-6.44990000E-012	-1.37500000E-011	*
-1.46850000E-006	-1.00480000E-004	-3.18200000E-004	1.90000000E+000	1.46850000E-006	1.00280000E-004	3.17950000E-004	-2.00000000E+000	1.00000000E+000	4.00000000E+000	-1.03000000E-011	-1.54500000E-011	-1.00500000E-011	*
-1.47950000E-006	-1.02100000E-004	-3.34100000E-004	2.00000000E+000	1.47900000E-006	1.02240000E-004	3.32000000E-004	-2.00000000E+000	1.00000000E+000	4.00000000E+000	-1.93990000E-011	2.75000000E-012	9.09980000E-012	*
-1.48650000E-006	-1.05800000E-004	-3.50400000E-004	2.10000000E+000	1.48800000E-006	1.05850000E-004	3.50250000E-004	-2.00000000E+000	1.00000000E+000	4.00000000E+000	-3.90000000E-012	-1.76500000E-011	2.14000000E-011	*
-1.49700000E-006	-1.08500000E-004	-3.66600000E-004	2.20000000E+000	1.49500000E-006	1.08150000E-004	3.67000000E-004	-2.00000000E+000	1.00000000E+000	4.00000000E+000	1.19500000E-011	-1.23000000E-011	-4.99980000E-014	*
-1.50550000E-006	-1.10700000E-004	-3.80950000E-004	2.30000000E+000	1.50400000E-006	1.10700000E-004	3.81800000E-004	-2.00000000E+000	1.00000000E+000	4.00000000E+000	1.02000000E-011	2.00000000E-011	5.50000000E-012	*
-1.51000000E-006	-1.13150000E-004	-3.96510000E-004	2.40000000E+000	1.51150000E-006	1.13000000E-004	3.96910000E-004	-2.00000000E+000	1.00000000E+000	4.00000000E+000	7.54990000E-012	2.60000000E-012	-2.99490000E-011	*
-1.52050000E-006	-1.16550000E-004	-4.12300000E-004	2.50000000E+000	1.51900000E-006	1.16550000E-004	4.13000000E-004	-2.00000000E+000	1.00000000E+000	4.00000000E+000	-4.29990000E-012	1.45000000E-012	-3.15500000E-011	*
-1.52750000E-006	-1.18150000E-004	-4.29660000E-004	2.60000000E+000	1.52950000E-006	1.18350000E-004	4.30150000E-004	-2.00000000E+000	1.00000000E+000	4.00000000E+000	-1.53500000E-011	-2.92500000E-011	1.33500000E-011	*
-1.53650000E-006	-1.20100000E-004	-4.43100000E-004	2.70000000E+000	1.53700000E-006	1.20000000E-004	4.43700000E-004	-2.00000000E+000	1.00000000E+000	4.00000000E+000	-1.59500000E-011	-1.68000000E-011	1.54500000E-011	*
-1.53850000E-006	-1.21700000E-004	-4.62200000E-004	2.80000000E+000	1.54400000E-006	1.21950000E-004	4.61800000E-004	-2.00000000E+000	1.00000000E+000	4.00000000E+000	-9.80010000E-012	1.90000000E-012	2.25000000E-011	*
-1.55100000E-006	-1.22650000E-004	-4.76960000E-004	2.90000000E+000	1.55500000E-006	1.22500000E-004	4.77250000E-004	-2.00000000E+000	1.00000000E+000	4.00000000E+000	9.84990000E-012	2.98000000E-011	2.24500000E-011	*
-1.55800000E-006	-1.24000000E-004	-4.95790000E-004	3.00000000E+000	1.56150000E-006	1.24300000E-004	4.95910000E-004	-2.00000000E+000	1.00000000E+000	4.00000000E+000	1.30000000E-011	1.65000000E-011	4.54990000E-012	*
-1.56600000E-006	-1.25400000E-004	-5.07860000E-004	3.10000000E+000	1.56750000E-006	1.25250000E-004	5.08460000E-004	-2.00000000E+000	1.00000000E+000	4.00000000E+000	1.79500000E-011	9.84990000E-012	-1.81000000E-011	*
-1.57300000E-006	-1.25950000E-004	-5.24760000E-004	3.20000000E+000	1.57400000E-006	1.26050000E-004	5.24610000E-004	-2.00000000E+000	1.00000000E+000	4.00000000E+000	-3.85000000E-012	-6.44990000E-012	-1.22000000E-011	*
-1.58050000E-006	-1.26900000E-004	-5.39390000E-004	3.30000000E+000	1.58300000E-006	1.26650000E-004	5.39660000E-004	-2.00000000E+000	1.00000000E+000	4.00000000E+000	-1.29000000E-011	-2.02000000E-011	-3.99990000E-012	*
-1.59050000E-006	-1.27650000E-004	-5.51400000E-004	3.40000000E+000	1.59150000E-006	1.27250000E-004	5.52270000E-004	-2.00000000E+000	1.00000000E+000	4.00000000E+000	-1.32500000E-011	-6.60010000E-012	1.82000000E-011	*
-1.59850000E-006	-1.28700000E-004	-5.65110000E-004	3.50000000E+000	1.60000000E-006	1.29150000E-004	5.64070000E-004	-2.00000000E+000	1.00000000E+000	4.00000000E+000	-1.29000000E-011	1.63000000E-011	1.42000000E-011	*
-1.60650000E-006	-1.33250000E-004	-5.79120000E-004	3.60000000E+000	1.60650000E-006	1.33550000E-004	5.79450000E-004	-2.00000000E+000	1.00000000E+000	4.00000000E+000	3.15000000E-012	3.35500000E-011	-2.35000000E-012	*
-1.61350000E-006	-1.38200000E-004	-5.93990000E-004	3.70000000E+000	1.61300000E-006	1.38250000E-004	5.92950000E-004	-2.00000000E+000	1.00000000E+000	4.00000000E+000	9.34980000E-012	1.78500000E-011	-1.12500000E-011	*
-1.62100000E-006	-1.38100000E-004	-6.05940000E-004	3.80000000E+000	1.62100000E-006	1.38250000E-004	6.06210000E-004	-2.00000000E+000	1.00000000E+000	4.00000000E+000	5.30000000E-012	-1.00500000E-011	-1.95500000E-011	*
-1.62800000E-006	-1.37400000E-004	-6.15150000E-004	3.90000000E+000	1.62550000E-006	1.37350000E-004	6.14790000E-004	-2.00000000E+000	1.00000000E+000	4.00000000E+000	-4.50000000E-013	-4.79990000E-012	-1.26000000E-011	*
-1.63450000E-006	-1.41450000E-004	-6.35300000E-004	4.00000000E+000	1.63500000E-006	1.41600000E-004	6.34820000E-004	-2.00000000E+000	1.00000000E+000	4.00000000E+000	-1.03000000E-011	-1.35500000E-011	2.98000000E-011	*
-1.64000000E-006	-1.41550000E-004	-6.47990000E-004	4.10000000E+000	1.64150000E-006	1.41950000E-004	6.47810000E-004	-2.00000000E+000	1.00000000E+000	4.00000000E+000	-1.60000000E-011	-4.29990000E-012	5.45010000E-012	*
-1.65350000E-006	-1.43850000E-004	-6.57290000E-004	4.20000000E+000	1.65050000E-006	1.43750000E-004	6.57050000E-004	-2.00000000E+000	1.00000000E+000	4.00000000E+000	-9.74990000E-012	5.30000000E-012	-1.30000000E-012	*
-1.65500000E-006	-1.44050000E-004	-6.68260000E-004	4.30000000E+000	1.65700000E-006	1.44150000E-004	6.68020000E-004	-2.00000000E+000	1.00000000E+000	4.00000000E+000	7.54990000E-012	1.04000000E-011	-8.99990000E-012	*
-1.66450000E-006	-1.43750000E-004	-6.76240000E-004	4.40000000E+000	1.66500000E-006	1.43900000E-004	6.76150000E-004	-2.00000000E+000	1.00000000E+000	4.00000000E+000	1.07500000E-011	1.20500000E-011	-1.77500000E-011	*
-1.66950000E-006	-1.43850000E-004	-6.85690000E-004	4.50000000E+000	1.67300000E-006	1.43800000E-004	6.85960000E-004	-2.00000000E+000	1.00000000E+000	4.00000000E+000	1.03000000E-011	3.05000000E-012	3.30000000E-012	*
-1.67950000E-006	-1.43750000E-004	-6.94600000E-004	4.60000000E+000	1.67950000E-006	1.43800000E-004	6.94750000E-004	-2.00000000E+000	1.00000000E+000	4.00000000E+000	-2.55000000E-012	-1.24000000E-011	1.66000000E-011	*
-1.68250000E-006	-1.43850000E-004	-7.00710000E-004	4.70000000E+000	1.68550000E-006	1.43900000E-004	7.00650000E-004	-2.00000000E+000	1.00000000E+000	4.00000000E+000	-8.20010000E-012	-8.45010000E-012	1.77500000E-011	*
-1.69450000E-006	-1.43950000E-004	-7.09440000E-004	4.80000000E+000	1.69550000E-006	1.43950000E-004	7.09150000E-004	-2.00000000E+000	1.00000000E+000	4.00000000E+000	-1.93990000E-011	-5.39990000E-012	-1.75000000E-012	*
-1.70200000E-006	-1.43950000E-004	-7.17190000E-004	4.90000000E+000	1.70300000E-006	1.44000000E-004	7.17820000E-004	-2.00000000E+000	1.00000000E+000	4.00000000E+000	-9.24990000E-012	1.01000000E-011	-4.65010000E-012	*
-1.70850000E-006	-1.44150000E-004	-7.24940000E-004	5.00000000E+000	1.70550000E-006	1.44000000E-004	7.25120000E-004	-2.00000000E+000	1.00000000E+000	4.00000000E+000	-2.10000000E-012	9.49990000E-012	-1.75000000E-011	*

TEST RESULTS:  OUTPUT  04/18/2025  16:53:42


