ATTRIBUTES:

Attribute #1:C:\Metrics\ics\projects\6.2600J_S25\transistor_measurement.ics
Attribute #2:Test
Attribute #3:dev1
Attribute #4:PASSED
SETUP:TRANSFER  04/18/2025  16:50:45
DATE:04/18/2025
TIME:16:50:45

CONDITIONS:

ID:	D	
UNIT:	SMU2	
MODE: STEP	
START:	0.5	
STOP:	5	
PNTS:	2	
STEP:	4.5

ID:	G	
UNIT:	SMU4	
MODE: SWEEP	
START:	-2	
STOP:	4	
PNTS:	61	
STEP:	0.1

ID:	S	
UNIT:	SMU1	
MODE: CONST	
VALUE:	0

DATA:  TRANSFER  04/18/2025  16:50:45

IS	IS2	VD	VD2	ID	ID2	VG	IG	IG2	ACCSTRESS
-2.68350000E-009	-3.09990000E-009	5.00000000E-001	5.00000000E+000	3.27190000E-009	4.68230000E-009	-2.00000000E+000	-2.81000000E-011	2.35300000E-010	0.00000000E+000
-6.37900000E-009	-1.05020000E-008	5.00000000E-001	5.00000000E+000	6.72780000E-009	1.01530000E-008	-1.90000000E+000	1.42200000E-010	1.72100000E-010	*
-9.75020000E-009	-2.07600000E-008	5.00000000E-001	5.00000000E+000	9.49550000E-009	2.27850000E-008	-1.80000000E+000	2.05050000E-010	7.44510000E-011	*
-1.55200000E-008	-3.63540000E-008	5.00000000E-001	5.00000000E+000	1.54500000E-008	3.48300000E-008	-1.70000000E+000	1.12050000E-010	-7.52000000E-011	*
-2.62300000E-008	-5.57900000E-008	5.00000000E-001	5.00000000E+000	2.74000000E-008	5.75750000E-008	-1.60000000E+000	2.23800000E-010	-2.39400000E-010	*
-3.22510000E-008	-8.40410000E-008	5.00000000E-001	5.00000000E+000	3.36400000E-008	8.21740000E-008	-1.50000000E+000	1.46100000E-010	-2.16700000E-010	*
-4.61210000E-008	-1.14750000E-007	5.00000000E-001	5.00000000E+000	4.66610000E-008	1.15650000E-007	-1.40000000E+000	-6.79990000E-011	2.01500000E-011	*
-6.06010000E-008	-1.65150000E-007	5.00000000E-001	5.00000000E+000	5.99140000E-008	1.61200000E-007	-1.30000000E+000	-2.21500000E-010	-1.32400000E-010	*
-7.69250000E-008	-2.32450000E-007	5.00000000E-001	5.00000000E+000	7.89660000E-008	2.35200000E-007	-1.20000000E+000	-1.88000000E-010	-2.18650000E-010	*
-9.58930000E-008	-3.22190000E-007	5.00000000E-001	5.00000000E+000	9.54500000E-008	3.20940000E-007	-1.10000000E+000	3.96500000E-011	-1.34100000E-010	*
-1.02600000E-007	-4.21540000E-007	5.00000000E-001	5.00000000E+000	1.12950000E-007	4.17990000E-007	-1.00000000E+000	-8.05000000E-012	1.06900000E-010	*
-1.36650000E-007	-5.42440000E-007	5.00000000E-001	5.00000000E+000	1.41400000E-007	5.29830000E-007	-9.00000000E-001	-1.66600000E-010	2.47990000E-010	*
-1.76350000E-007	-7.04080000E-007	5.00000000E-001	5.00000000E+000	1.77650000E-007	7.01430000E-007	-8.00000000E-001	-1.89700000E-010	1.47400000E-010	*
-2.22590000E-007	-9.08470000E-007	5.00000000E-001	5.00000000E+000	2.26300000E-007	9.01980000E-007	-7.00000000E-001	-8.23480000E-011	-8.03480000E-011	*
-2.78950000E-007	-1.02250000E-006	5.00000000E-001	5.00000000E+000	2.82700000E-007	1.02050000E-006	-6.00000000E-001	8.89990000E-011	-2.03500000E-011	*
-3.60190000E-007	-1.27200000E-006	5.00000000E-001	5.00000000E+000	3.57340000E-007	1.30500000E-006	-5.00000000E-001	2.27650000E-010	-1.83450000E-010	*
-4.29090000E-007	-1.61700000E-006	5.00000000E-001	5.00000000E+000	4.36790000E-007	1.63150000E-006	-4.00000000E-001	2.20600000E-010	-2.11650000E-010	*
-5.50730000E-007	-2.06300000E-006	5.00000000E-001	5.00000000E+000	5.53580000E-007	2.06700000E-006	-3.00000000E-001	-2.25000000E-011	-3.15500000E-011	*
-6.25850000E-007	-2.51250000E-006	5.00000000E-001	5.00000000E+000	6.29080000E-007	2.49650000E-006	-2.00000000E-001	-2.09100000E-010	1.50400000E-010	*
-7.89930000E-007	-3.14950000E-006	5.00000000E-001	5.00000000E+000	7.88600000E-007	3.14190000E-006	-1.00000000E-001	-2.09600000E-010	2.33550000E-010	*
-9.20840000E-007	-3.79140000E-006	5.00000000E-001	5.00000000E+000	9.17790000E-007	3.77050000E-006	0.00000000E+000	-9.59990000E-012	9.43000000E-011	*
-1.01020000E-006	-4.60050000E-006	5.00000000E-001	5.00000000E+000	1.00920000E-006	4.56880000E-006	1.00000000E-001	-1.67500000E-011	-1.01000000E-010	*
-9.94600000E-007	-5.52600000E-006	5.00000000E-001	5.00000000E+000	1.04370000E-006	5.54840000E-006	2.00000000E-001	1.59100000E-010	-2.37150000E-010	*
-1.06700000E-006	-6.76890000E-006	5.00000000E-001	5.00000000E+000	1.07250000E-006	6.70480000E-006	3.00000000E-001	-1.98900000E-010	-2.08800000E-010	*
-1.23900000E-006	-8.03360000E-006	5.00000000E-001	5.00000000E+000	1.22450000E-006	8.02100000E-006	4.00000000E-001	6.24500000E-011	4.35000000E-011	*
-1.52250000E-006	-9.37470000E-006	5.00000000E-001	5.00000000E+000	1.52100000E-006	9.41800000E-006	5.00000000E-001	2.40550000E-010	2.32250000E-010	*
-1.81850000E-006	-9.21780000E-006	5.00000000E-001	5.00000000E+000	1.82750000E-006	9.31320000E-006	6.00000000E-001	2.43100000E-010	1.37950000E-010	*
-2.13690000E-006	-1.03200000E-005	5.00000000E-001	5.00000000E+000	2.16000000E-006	1.02940000E-005	7.00000000E-001	-1.42000000E-011	2.47750000E-010	*
-2.63400000E-006	-1.15400000E-005	5.00000000E-001	5.00000000E+000	2.62800000E-006	1.12100000E-005	8.00000000E-001	-1.65300000E-010	4.99990000E-011	*
-3.13600000E-006	-1.26300000E-005	5.00000000E-001	5.00000000E+000	3.13950000E-006	1.26150000E-005	9.00000000E-001	-2.03350000E-010	-1.33950000E-010	*
-3.69550000E-006	-1.49300000E-005	5.00000000E-001	5.00000000E+000	3.67240000E-006	1.49350000E-005	1.00000000E+000	-5.69500000E-011	-2.43300000E-010	*
-4.26340000E-006	-1.75750000E-005	5.00000000E-001	5.00000000E+000	4.26240000E-006	1.76450000E-005	1.10000000E+000	1.37900000E-010	-1.31500000E-010	*
-4.80700000E-006	-2.07650000E-005	5.00000000E-001	5.00000000E+000	4.81240000E-006	2.07150000E-005	1.20000000E+000	2.37550000E-010	1.18250000E-010	*
-5.52340000E-006	-2.38600000E-005	5.00000000E-001	5.00000000E+000	5.51040000E-006	2.38250000E-005	1.30000000E+000	9.63000000E-011	2.61150000E-010	*
-6.25100000E-006	-2.75450000E-005	5.00000000E-001	5.00000000E+000	6.21980000E-006	2.75790000E-005	1.40000000E+000	-1.07600000E-010	1.41600000E-010	*
-7.28740000E-006	-3.15590000E-005	5.00000000E-001	5.00000000E+000	7.25730000E-006	3.15140000E-005	1.50000000E+000	-2.22350000E-010	-6.06480000E-011	*
-8.16070000E-006	-3.60740000E-005	5.00000000E-001	5.00000000E+000	8.16910000E-006	3.57940000E-005	1.60000000E+000	-1.92900000E-010	-2.38700000E-010	*
-9.31840000E-006	-4.09390000E-005	5.00000000E-001	5.00000000E+000	9.27650000E-006	4.08090000E-005	1.70000000E+000	6.14510000E-011	-2.28650000E-010	*
-1.04000000E-005	-4.65100000E-005	5.00000000E-001	5.00000000E+000	1.03790000E-005	4.63800000E-005	1.80000000E+000	2.63160000E-010	4.12510000E-011	*
-1.06600000E-005	-5.23050000E-005	5.00000000E-001	5.00000000E+000	1.05250000E-005	5.19840000E-005	1.90000000E+000	2.52100000E-010	2.42910000E-010	*
-1.09150000E-005	-5.83290000E-005	5.00000000E-001	5.00000000E+000	1.09050000E-005	5.82800000E-005	2.00000000E+000	2.05400000E-010	2.35800000E-010	*
-1.23550000E-005	-6.54350000E-005	5.00000000E-001	5.00000000E+000	1.22950000E-005	6.50170000E-005	2.10000000E+000	-4.19010000E-011	-3.48010000E-011	*
-1.39450000E-005	-7.27140000E-005	5.00000000E-001	5.00000000E+000	1.38800000E-005	7.23530000E-005	2.20000000E+000	-2.21900000E-010	-1.99350000E-010	*
-1.55050000E-005	-8.03250000E-005	5.00000000E-001	5.00000000E+000	1.55400000E-005	8.01980000E-005	2.30000000E+000	-2.27700000E-010	-2.39000000E-010	*
-1.74150000E-005	-8.95040000E-005	5.00000000E-001	5.00000000E+000	1.74340000E-005	8.92350000E-005	2.40000000E+000	3.64490000E-011	1.59500000E-011	*
-1.93040000E-005	-9.85790000E-005	5.00000000E-001	5.00000000E+000	1.93250000E-005	9.82430000E-005	2.50000000E+000	2.20200000E-010	2.20050000E-010	*
-2.14650000E-005	-9.89140000E-005	5.00000000E-001	5.00000000E+000	2.14200000E-005	9.74680000E-005	2.60000000E+000	2.45950000E-010	2.74200000E-010	*
-2.35700000E-005	-1.00170000E-004	5.00000000E-001	5.00000000E+000	2.34940000E-005	1.00070000E-004	2.70000000E+000	8.14990000E-012	1.67700000E-010	*
-2.58690000E-005	-1.05350000E-004	5.00000000E-001	5.00000000E+000	2.58500000E-005	1.04450000E-004	2.80000000E+000	-1.56050000E-010	2.24800000E-010	*
-2.83200000E-005	-1.10050000E-004	5.00000000E-001	5.00000000E+000	2.83490000E-005	1.10200000E-004	2.90000000E+000	-2.02350000E-010	-2.02500000E-011	*
-3.09250000E-005	-1.22950000E-004	5.00000000E-001	5.00000000E+000	3.09140000E-005	1.22550000E-004	3.00000000E+000	-8.98480000E-011	-1.83450000E-010	*
-3.37340000E-005	-1.35800000E-004	5.00000000E-001	5.00000000E+000	3.37550000E-005	1.35600000E-004	3.10000000E+000	1.02150000E-010	-2.31700000E-010	*
-3.67150000E-005	-1.50000000E-004	5.00000000E-001	5.00000000E+000	3.66200000E-005	1.49650000E-004	3.20000000E+000	2.66550000E-010	-7.14980000E-011	*
-3.98200000E-005	-1.65450000E-004	5.00000000E-001	5.00000000E+000	3.98250000E-005	1.65200000E-004	3.30000000E+000	1.57800000E-010	1.55050000E-010	*
-4.29000000E-005	-1.81500000E-004	5.00000000E-001	5.00000000E+000	4.28150000E-005	1.81800000E-004	3.40000000E+000	-7.95490000E-011	2.41850000E-010	*
-4.61840000E-005	-1.98600000E-004	5.00000000E-001	5.00000000E+000	4.60950000E-005	1.97900000E-004	3.50000000E+000	-2.37350000E-010	7.87990000E-011	*
-4.97200000E-005	-2.15100000E-004	5.00000000E-001	5.00000000E+000	4.96690000E-005	2.15000000E-004	3.60000000E+000	-1.63200000E-010	-1.22200000E-010	*
-5.32290000E-005	-2.33450000E-004	5.00000000E-001	5.00000000E+000	5.32400000E-005	2.33200000E-004	3.70000000E+000	8.09990000E-011	-2.38760000E-010	*
-5.68700000E-005	-2.52500000E-004	5.00000000E-001	5.00000000E+000	5.68140000E-005	2.51840000E-004	3.80000000E+000	2.41340000E-010	-1.66500000E-010	*
-6.04690000E-005	-2.71010000E-004	5.00000000E-001	5.00000000E+000	6.04300000E-005	2.70800000E-004	3.90000000E+000	2.40250000E-010	8.44520000E-011	*
-6.41610000E-005	-2.93600000E-004	5.00000000E-001	5.00000000E+000	6.41460000E-005	2.93450000E-004	4.00000000E+000	-4.34000000E-011	2.80650000E-010	*

TEST RESULTS:  TRANSFER  04/18/2025  16:50:45


SETUP:OUTPUT  04/18/2025  16:51:22
DATE:04/18/2025
TIME:16:51:22

CONDITIONS:

ID:	D	
UNIT:	SMU2	
MODE: SWEEP	
START:	0	
STOP:	5	
PNTS:	51	
STEP:	0.1

ID:	G	
UNIT:	SMU4	
MODE: STEP	
START:	-2	
STOP:	4	
PNTS:	3	
STEP:	3

ID:	S	
UNIT:	SMU1	
MODE: CONST	
VALUE:	0

DATA:  OUTPUT  04/18/2025  16:51:22

IS	IS2	IS3	VD	ID	ID2	ID3	VG	VG2	VG3	IG	IG2	IG3	ACCSTRESS
4.64250000E-010	3.87990000E-009	1.46400000E-007	0.00000000E+000	3.87200000E-010	-3.30790000E-009	-1.18750000E-007	-2.00000000E+000	1.00000000E+000	4.00000000E+000	1.19750000E-010	8.08990000E-011	-4.31990000E-011	0.00000000E+000
-4.45050000E-010	-3.20740000E-007	-1.16000000E-005	1.00000000E-001	-2.69100000E-010	3.34390000E-007	1.14150000E-005	-2.00000000E+000	1.00000000E+000	4.00000000E+000	-2.29150000E-010	-4.23500000E-011	-7.00490000E-011	*
-2.62900000E-010	-5.94390000E-007	-1.99400000E-005	2.00000000E-001	1.40700000E-010	5.85600000E-007	1.99800000E-005	-2.00000000E+000	1.00000000E+000	4.00000000E+000	-5.09540000E-010	-1.00250000E-010	-8.19010000E-011	*
-5.85490000E-010	-8.81730000E-007	-2.88050000E-005	3.00000000E-001	4.41990000E-010	8.82780000E-007	2.88240000E-005	-2.00000000E+000	1.00000000E+000	4.00000000E+000	5.35950000E-010	-7.66500000E-011	-1.51000000E-011	*
-1.96390000E-009	-1.16250000E-006	-3.72900000E-005	4.00000000E-001	1.30150000E-009	1.11150000E-006	3.72550000E-005	-2.00000000E+000	1.00000000E+000	4.00000000E+000	1.25350000E-010	-4.05510000E-011	6.14510000E-011	*
-2.60240000E-009	-1.31000000E-006	-4.52440000E-005	5.00000000E-001	1.90200000E-009	1.31650000E-006	4.51950000E-005	-2.00000000E+000	1.00000000E+000	4.00000000E+000	-2.18900000E-010	-9.26020000E-011	8.21990000E-011	*
-2.72140000E-009	-1.62450000E-006	-5.30740000E-005	6.00000000E-001	2.48390000E-009	1.62250000E-006	5.29440000E-005	-2.00000000E+000	1.00000000E+000	4.00000000E+000	-4.85700000E-010	-7.85010000E-011	3.93500000E-011	*
-2.96490000E-009	-1.98390000E-006	-6.03290000E-005	7.00000000E-001	3.45390000E-009	1.96300000E-006	6.02790000E-005	-2.00000000E+000	1.00000000E+000	4.00000000E+000	-5.58200000E-010	-2.05000000E-012	-4.18490000E-011	*
-3.26940000E-009	-2.23450000E-006	-6.73310000E-005	8.00000000E-001	4.07790000E-009	2.21640000E-006	6.73530000E-005	-2.00000000E+000	1.00000000E+000	4.00000000E+000	3.50490000E-011	5.22500000E-011	-8.95990000E-011	*
-3.97500000E-009	-2.54690000E-006	-7.41110000E-005	9.00000000E-001	4.54750000E-009	2.56740000E-006	7.39360000E-005	-2.00000000E+000	1.00000000E+000	4.00000000E+000	3.10050000E-010	8.35990000E-011	-6.90010000E-011	*
-4.64390000E-009	-2.94540000E-006	-7.99860000E-005	1.00000000E+000	4.45450000E-009	2.92900000E-006	7.99040000E-005	-2.00000000E+000	1.00000000E+000	4.00000000E+000	5.40440000E-010	3.55010000E-011	2.56000000E-011	*
-4.62500000E-009	-3.25800000E-006	-8.61470000E-005	1.10000000E+000	3.98340000E-009	3.23250000E-006	8.61440000E-005	-2.00000000E+000	1.00000000E+000	4.00000000E+000	8.86010000E-011	-3.59000000E-011	8.66010000E-011	*
-4.49840000E-009	-3.44890000E-006	-9.16680000E-005	1.20000000E+000	3.87780000E-009	3.39440000E-006	9.17090000E-005	-2.00000000E+000	1.00000000E+000	4.00000000E+000	-2.42750000E-010	-8.76490000E-011	8.59510000E-011	*
-4.82990000E-009	-3.79850000E-006	-9.73160000E-005	1.30000000E+000	4.70100000E-009	3.78400000E-006	9.70920000E-005	-2.00000000E+000	1.00000000E+000	4.00000000E+000	-5.24490000E-010	-7.94000000E-011	-1.10500000E-011	*
-4.60430000E-009	-4.17350000E-006	-1.02190000E-004	1.40000000E+000	5.23980000E-009	4.15140000E-006	1.02000000E-004	-2.00000000E+000	1.00000000E+000	4.00000000E+000	-3.35940000E-010	1.29500000E-011	-8.43980000E-011	*
-4.78940000E-009	-4.47040000E-006	-1.04800000E-004	1.50000000E+000	5.70440000E-009	4.50430000E-006	1.04950000E-004	-2.00000000E+000	1.00000000E+000	4.00000000E+000	1.36600000E-010	7.42480000E-011	-7.61490000E-011	*
-4.92830000E-009	-4.91510000E-006	-1.09300000E-004	1.60000000E+000	5.37900000E-009	4.96880000E-006	1.09550000E-004	-2.00000000E+000	1.00000000E+000	4.00000000E+000	4.26750000E-010	7.54990000E-011	-2.54000000E-011	*
-5.22440000E-009	-5.21150000E-006	-1.13750000E-004	1.70000000E+000	4.91150000E-009	5.24640000E-006	1.13800000E-004	-2.00000000E+000	1.00000000E+000	4.00000000E+000	5.49110000E-010	9.15000000E-012	4.65000000E-011	*
-5.61540000E-009	-5.42360000E-006	-1.17500000E-004	1.80000000E+000	4.87080000E-009	5.38440000E-006	1.17500000E-004	-2.00000000E+000	1.00000000E+000	4.00000000E+000	-3.01000000E-011	-5.94020000E-011	8.72510000E-011	*
-5.49950000E-009	-5.63590000E-006	-1.21100000E-004	1.90000000E+000	4.92740000E-009	5.61100000E-006	1.21250000E-004	-2.00000000E+000	1.00000000E+000	4.00000000E+000	-3.06760000E-010	-7.94990000E-011	5.71510000E-011	*
-5.09180000E-009	-6.01190000E-006	-1.24500000E-004	2.00000000E+000	5.25640000E-009	5.98890000E-006	1.24650000E-004	-2.00000000E+000	1.00000000E+000	4.00000000E+000	-5.39160000E-010	-3.61510000E-011	-3.06490000E-011	*
-5.34690000E-009	-6.08500000E-006	-1.27550000E-004	2.10000000E+000	6.08500000E-009	6.11090000E-006	1.27450000E-004	-2.00000000E+000	1.00000000E+000	4.00000000E+000	-1.46500000E-010	3.37510000E-011	-8.75000000E-011	*
-5.33280000E-009	-6.29950000E-006	-1.30200000E-004	2.20000000E+000	6.25590000E-009	6.23590000E-006	1.30350000E-004	-2.00000000E+000	1.00000000E+000	4.00000000E+000	2.10700000E-010	8.92510000E-011	-8.00000000E-011	*
-6.03040000E-009	-6.30250000E-006	-1.33300000E-004	2.30000000E+000	6.23430000E-009	6.29650000E-006	1.33550000E-004	-2.00000000E+000	1.00000000E+000	4.00000000E+000	5.30490000E-010	8.18510000E-011	-2.45000000E-012	*
-6.18300000E-009	-6.48390000E-006	-1.35700000E-004	2.40000000E+000	5.80030000E-009	6.50040000E-006	1.35700000E-004	-2.00000000E+000	1.00000000E+000	4.00000000E+000	3.67550000E-010	-7.74980000E-012	6.49510000E-011	*
-6.63930000E-009	-6.59840000E-006	-1.38050000E-004	2.50000000E+000	5.95790000E-009	6.60050000E-006	1.38350000E-004	-2.00000000E+000	1.00000000E+000	4.00000000E+000	-1.22950000E-010	-7.28980000E-011	6.83500000E-011	*
-6.72100000E-009	-6.97050000E-006	-1.40150000E-004	2.60000000E+000	6.28890000E-009	6.93700000E-006	1.40350000E-004	-2.00000000E+000	1.00000000E+000	4.00000000E+000	-4.11400000E-010	-7.95990000E-011	2.18500000E-011	*
-6.31690000E-009	-6.99540000E-006	-1.42800000E-004	2.70000000E+000	6.78070000E-009	6.99450000E-006	1.42600000E-004	-2.00000000E+000	1.00000000E+000	4.00000000E+000	-5.58340000E-010	-9.40000000E-012	-4.24500000E-011	*
-6.41450000E-009	-6.95190000E-006	-1.44150000E-004	2.80000000E+000	7.29140000E-009	7.07990000E-006	1.44400000E-004	-2.00000000E+000	1.00000000E+000	4.00000000E+000	2.81500000E-011	5.35500000E-011	-8.07990000E-011	*
-6.80580000E-009	-7.14440000E-006	-1.46600000E-004	2.90000000E+000	7.38740000E-009	7.06040000E-006	1.46550000E-004	-2.00000000E+000	1.00000000E+000	4.00000000E+000	3.21450000E-010	8.05010000E-011	-4.20500000E-011	*
-7.05930000E-009	-7.09780000E-006	-1.47850000E-004	3.00000000E+000	7.02540000E-009	7.02640000E-006	1.48000000E-004	-2.00000000E+000	1.00000000E+000	4.00000000E+000	5.22390000E-010	4.51500000E-011	1.73500000E-011	*
-7.32990000E-009	-7.11690000E-006	-1.49300000E-004	3.10000000E+000	6.70440000E-009	7.08040000E-006	1.49500000E-004	-2.00000000E+000	1.00000000E+000	4.00000000E+000	1.41400000E-010	-3.21010000E-011	8.57480000E-011	*
-7.17270000E-009	-7.27900000E-006	-1.50750000E-004	3.20000000E+000	6.46630000E-009	7.30740000E-006	1.50500000E-004	-2.00000000E+000	1.00000000E+000	4.00000000E+000	-2.01700000E-010	-8.34500000E-011	7.81490000E-011	*
-7.16480000E-009	-7.14700000E-006	-1.51800000E-004	3.30000000E+000	6.93440000E-009	7.21400000E-006	1.52050000E-004	-2.00000000E+000	1.00000000E+000	4.00000000E+000	-5.08490000E-010	-8.22490000E-011	-4.84990000E-012	*
-6.63640000E-009	-7.25390000E-006	-1.52100000E-004	3.40000000E+000	7.13220000E-009	7.21100000E-006	1.51950000E-004	-2.00000000E+000	1.00000000E+000	4.00000000E+000	-4.31140000E-010	-7.39980000E-012	-7.98010000E-011	*
-7.15390000E-009	-7.17450000E-006	-1.52950000E-004	3.50000000E+000	8.03720000E-009	7.22640000E-006	1.52800000E-004	-2.00000000E+000	1.00000000E+000	4.00000000E+000	1.20600000E-010	6.50500000E-011	-7.92010000E-011	*
-7.34190000E-009	-7.37890000E-006	-1.53800000E-004	3.60000000E+000	7.85710000E-009	7.31480000E-006	1.53900000E-004	-2.00000000E+000	1.00000000E+000	4.00000000E+000	4.96640000E-010	8.74500000E-011	-8.35020000E-012	*
-7.92350000E-009	-7.45200000E-006	-1.54650000E-004	3.70000000E+000	7.51470000E-009	7.46500000E-006	1.55100000E-004	-2.00000000E+000	1.00000000E+000	4.00000000E+000	5.90940000E-010	4.14000000E-011	5.72010000E-011	*
-7.74520000E-009	-7.41500000E-006	-1.55250000E-004	3.80000000E+000	6.86530000E-009	7.46690000E-006	1.55200000E-004	-2.00000000E+000	1.00000000E+000	4.00000000E+000	-6.58490000E-011	-3.21010000E-011	8.67500000E-011	*
-7.65200000E-009	-7.39100000E-006	-1.56000000E-004	3.90000000E+000	7.27070000E-009	7.37280000E-006	1.56350000E-004	-2.00000000E+000	1.00000000E+000	4.00000000E+000	-3.49960000E-010	-7.93000000E-011	4.82990000E-011	*
-7.71980000E-009	-7.39490000E-006	-1.56350000E-004	4.00000000E+000	8.12720000E-009	7.41680000E-006	1.56500000E-004	-2.00000000E+000	1.00000000E+000	4.00000000E+000	-6.06150000E-010	-8.13000000E-011	-3.68510000E-011	*
-7.59200000E-009	-7.65220000E-006	-1.56600000E-004	4.10000000E+000	8.29230000E-009	7.49900000E-006	1.56600000E-004	-2.00000000E+000	1.00000000E+000	4.00000000E+000	-7.15520000E-011	8.24980000E-012	-9.71990000E-011	*
-8.71750000E-009	-7.58490000E-006	-1.57500000E-004	4.20000000E+000	9.56790000E-009	7.56750000E-006	1.57800000E-004	-2.00000000E+000	1.00000000E+000	4.00000000E+000	2.34350000E-010	8.03480000E-011	-6.23000000E-011	*
-9.05270000E-009	-7.53140000E-006	-1.57900000E-004	4.30000000E+000	9.01760000E-009	7.58490000E-006	1.57850000E-004	-2.00000000E+000	1.00000000E+000	4.00000000E+000	5.86650000E-010	7.65010000E-011	2.64000000E-011	*
-8.61970000E-009	-7.55540000E-006	-1.57700000E-004	4.40000000E+000	7.94620000E-009	7.51490000E-006	1.57750000E-004	-2.00000000E+000	1.00000000E+000	4.00000000E+000	1.74300000E-010	1.48000000E-011	8.72020000E-011	*
-9.38910000E-009	-7.70760000E-006	-1.58000000E-004	4.50000000E+000	8.47600000E-009	7.58490000E-006	1.58200000E-004	-2.00000000E+000	1.00000000E+000	4.00000000E+000	-1.63700000E-010	-5.22500000E-011	8.50480000E-011	*
-8.81570000E-009	-7.32390000E-006	-1.57800000E-004	4.60000000E+000	8.70300000E-009	7.31900000E-006	1.57650000E-004	-2.00000000E+000	1.00000000E+000	4.00000000E+000	-5.18750000E-010	-9.02990000E-011	1.06000000E-011	*
-9.64840000E-009	-7.23850000E-006	-1.57700000E-004	4.70000000E+000	9.35000000E-009	7.25080000E-006	1.57600000E-004	-2.00000000E+000	1.00000000E+000	4.00000000E+000	6.08510000E-010	-3.90500000E-011	-5.70000000E-011	*
-1.05020000E-008	-7.16000000E-006	-1.57450000E-004	4.80000000E+000	1.01750000E-008	7.15000000E-006	1.57550000E-004	-2.00000000E+000	1.00000000E+000	4.00000000E+000	5.59340000E-010	4.02010000E-011	-8.47000000E-011	*
-9.98490000E-009	-7.03550000E-006	-1.57250000E-004	4.90000000E+000	9.65020000E-009	7.01500000E-006	1.57250000E-004	-2.00000000E+000	1.00000000E+000	4.00000000E+000	5.57890000E-010	9.01500000E-011	-3.75010000E-011	*
-1.10050000E-008	-7.04500000E-006	-1.57100000E-004	5.00000000E+000	1.03600000E-008	7.05800000E-006	1.57200000E-004	-2.00000000E+000	1.00000000E+000	4.00000000E+000	-8.73010000E-011	7.45000000E-011	5.70990000E-011	*

TEST RESULTS:  OUTPUT  04/18/2025  16:51:22


